#snapshots in ascending order [0,135]
46.7730473053
44.5622037876
42.4536737988
40.6395569311
38.7125593935
36.8747395461
35.1219704193
33.6139396798
32.0120740153
30.4843395717
29.0273057006
27.6377005171
26.4421252983
25.1721572253
23.9609607995
22.8058161836
21.8119639057
20.7562706775
19.7494328744
18.7891895624
17.9630246046
17.0854527856
16.2484932799
15.4502666289
14.7634960164
14.0339921445
13.3382482898
12.6747021048
12.0418635439
11.4973879548
10.9190331982
10.3674435724
9.99659046619
9.84138043947
9.38877127194
9.00233985416
8.9079991856
8.44947629437
8.01217294887
7.59510714987
7.23627606617
7.00541704554
6.85511726265
6.49159774567
6.14490120342
6.01075739884
5.84661374788
5.52976580795
5.22758097313
4.99593346816
4.93938066349
4.66451770247
4.42803373661
4.17683491473
4.00794511147
3.93726108473
3.70877426464
3.49086136926
3.28303305796
3.08482263583
3.00813107163
2.89578500573
2.73314261732
2.5772902716
2.44422570455
2.31611074396
2.20792547238
2.1032696526
2.00202813925
1.90408954353
1.82268925262
1.74357057433
1.66666955611
1.60423452207
1.53123902916
1.47197484527
1.41409822037
1.3575766674
1.30237845991
1.24847261425
1.20625808078
1.15460271236
1.11415056377
1.07445789455
1.03551044566
0.997294225782
0.987852810816
0.950531351585
0.923000816178
0.886896937575
0.851470900625
0.816709979012
0.791068248946
0.757441372616
0.732636182022
0.700106353719
0.676110411213
0.644641840685
0.621428745243
0.598543288188
0.575980845108
0.546392183141
0.524565820434
0.503047523245
0.481832943421
0.460917794181
0.440297849248
0.419968941997
0.399926964614
0.38016786726
0.360687657262
0.347853841858
0.328829724206
0.310074120128
0.291583239722
0.273353346578
0.261343256161
0.243540181555
0.22598838626
0.214425035514
0.197284182376
0.180385261706
0.169252033244
0.152748768902
0.14187620397
0.125759332411
0.109869940459
0.0994018026302
0.0838844307975
0.0736613846564
0.0585073227945
0.0485236299818
0.0337243718735
0.0239744283828
0.00952166696794
2.22044604925e-16
