logMh | fpID | subhaloID | main leaf ID | descID |  z
9.06939 80000291500000099 80000291500000098 80000291500000105 80000291500000097 8.44947629437 -2.95843 7.54499 6.0637
9.10671 80000291500000098 80000291500000097 80000291500000105 80000291500000096 8.01217294887 -4.05327 6.24026 2.12706
9.19223 80000291500000097 80000291500000096 80000291500000105 80000291500000095 7.59510714987 -3.92418 9.01568 2.29267
9.27938 80000291500000096 80000291500000095 80000291500000105 80000291500000094 7.23627606617 -0.437837 9.45521 6.91573
9.38141 80000291500000095 80000291500000094 80000291500000105 80000291500000093 7.00541704554 9.21206 -0.529162 -4.15233
9.41784 80000291500000094 80000291500000093 80000291500000105 80000291500000092 6.85511726265 0.283479 0.967841 -6.24874
9.49326 80000291500000093 80000291500000092 80000291500000105 80000291500000091 6.49159774567 -4.09484 -3.36534 -12.6277
9.56735 80000291500000092 80000291500000091 80000291500000105 80000291500000090 6.14490120342 -8.59495 -5.32907 -18.7619
9.60946 80000291500000091 80000291500000090 80000291500000105 80000291500000089 6.01075739884 -11.8687 -7.58958 -18.4516
9.70685 80000291500000090 80000291500000088 80000291500000105 80000291500000087 5.52976580795 -10.8469 -3.54789 -16.392
9.75879 80000291500000088 80000291500000087 80000291500000105 80000291500000086 5.22758097313 1.52159 -6.35888 -14.0203
9.88187 80000291500000087 80000291500000086 80000291500000105 80000291500000085 4.99593346816 -17.4701 4.92199 -16.0321
9.89663 80000291500000086 80000291500000085 80000291500000105 80000291500000084 4.93938066349 -15.2836 5.83341 -13.2734
10.0082 80000291500000085 80000291500000084 80000291500000105 80000291500000083 4.66451770247 -27.3732 29.2053 -10.1091
10.0587 80000291500000084 80000291500000083 80000291500000105 80000291500000082 4.42803373661 -25.9387 23.3641 -13.7771
10.1536 80000291500000083 80000291500000082 80000291500000105 80000291500000081 4.17683491473 -13.7939 15.3763 -17.2778
10.1814 80000291500000082 80000291500000081 80000291500000105 80000291500000080 4.00794511147 8.17671 1.23969 -14.9264
10.2183 80000291500000081 80000291500000080 80000291500000105 80000291500000079 3.93726108473 -3.9559 3.97867 -9.35275
10.2644 80000291500000080 80000291500000079 80000291500000105 80000291500000078 3.70877426464 13.6194 -11.6181 -15.9756
10.3057 80000291500000079 80000291500000078 80000291500000105 80000291500000077 3.49086136926 -7.30594 2.34385 -4.81275
10.3492 80000291500000078 80000291500000077 80000291500000105 80000291500000076 3.28303305796 -20.9864 8.93602 -16.8911
10.4062 80000291500000077 80000291500000076 80000291500000105 80000291500000075 3.08482263583 -31.6125 -1.89622 -31.0457
10.4147 80000291500000076 80000291500000075 80000291500000105 80000291500000074 3.00813107163 -36.9519 -4.23212 -35.8408
10.4429 80000291500000075 80000291500000074 80000291500000105 80000291500000073 2.89578500573 -46.2729 1.63461 -36.7903
10.4856 80000291500000074 80000291500000073 80000291500000105 80000291500000072 2.73314261732 -78.394 2.87731 -41.665
10.545 80000291500000073 80000291500000072 80000291500000105 80000291500000071 2.5772902716 -87.7802 -59.7228 -93.3554
10.5913 80000291500000072 80000291500000071 80000291500000105 80000291500000070 2.44422570455 -66.2764 -65.076 -70.8082
10.6604 80000291500000071 80000291500000070 80000291500000105 80000291500000069 2.31611074396 -53.8126 -51.0155 -88.7227
10.6971 80000291500000070 80000291500000069 80000291500000105 80000291500000068 2.20792547238 -48.0131 -36.356 -77.1426
10.7599 80000291500000069 80000291500000068 80000291500000105 80000291500000067 2.1032696526 -39.0322 -13.496 -81.8404
10.7837 80000291500000068 80000291500000067 80000291500000105 80000291500000066 2.00202813925 -31.9087 -1.48312 -73.3148
10.8197 80000291500000067 80000291500000066 80000291500000105 80000291500000065 1.90408954353 -53.1437 29.3444 -96.7832
10.878 80000291500000066 80000291500000065 80000291500000105 80000291500000064 1.82268925262 -65.2629 46.7579 -54.0152
10.9177 80000291500000065 80000291500000064 80000291500000105 80000291500000063 1.74357057433 -78.727 64.2371 -15.578
10.9765 80000291500000064 80000291500000063 80000291500000105 80000291500000062 1.66666955611 -7.62333 123.389 -86.4661
11.0225 80000291500000063 80000291500000062 80000291500000105 80000291500000061 1.60423452207 32.5 176.944 -153.149
11.0919 80000291500000062 80000291500000061 80000291500000105 80000291500000060 1.53123902916 153.351 323.177 -237.076
11.1496 80000291500000061 80000291500000060 80000291500000105 80000291500000059 1.47197484527 202.717 334.785 -247.827
11.2245 80000291500000060 80000291500000059 80000291500000105 80000291500000058 1.41409822037 259.998 359.249 -268.24
11.257 80000291500000059 80000291500000058 80000291500000105 80000291500000057 1.3575766674 277.224 342.244 -240.455
11.2579 80000291500000058 80000291500000056 80000291500000105 80000291500000055 1.24847261425 265.425 330.015 -231.899
11.2708 80000291500000056 80000291500000055 80000291500000105 80000291500000054 1.20625808078 266.902 360.425 -227.952
11.2832 80000291500000055 80000291500000054 80000291500000105 80000291500000053 1.15460271236 298.944 404.551 -238.937
11.2888 80000291500000054 80000291500000053 80000291500000105 80000291500000052 1.11415056377 315.058 428.049 -222.416
11.2986 80000291500000053 80000291500000042 80000291500000105 80000291500000041 0.757441372616 114.718 583.791 -220.138
11.3051 80000291500000042 80000291500000041 80000291500000105 80000291500000040 0.732636182022 109.662 581.635 -224.645
11.3233 80000291500000041 80000291500000040 80000291500000105 80000291500000039 0.700106353719 82.9212 623.029 -275.192
11.3428 80000291500000040 80000291500000039 80000291500000105 80000291500000038 0.676110411213 -54.2586 672.432 -377.223
11.3478 80000291500000039 80000291500000038 80000291500000105 80000291500000037 0.644641840685 -86.1745 643.457 -389.638
11.3672 80000291500000038 80000291500000037 80000291500000105 80000291500000036 0.621428745243 -157.235 620.482 -442.204
11.3778 80000291500000037 80000291500000036 80000291500000105 80000291500000035 0.598543288188 -163.521 638.644 -465.745
11.3947 80000291500000036 80000291500000035 80000291500000105 80000291500000034 0.575980845108 -187.802 663.498 -497.797
11.4032 80000291500000035 80000291500000034 80000291500000105 80000291500000033 0.546392183141 -183.544 642.54 -465.669
11.4174 80000291500000034 80000291500000032 80000291500000105 80000291500000031 0.503047523245 -173.729 645.502 -424.632
11.4257 80000291500000032 80000291500000030 80000291500000105 80000291500000029 0.460917794181 -157.548 639.655 -442.692
11.43 80000291500000030 80000291500000029 80000291500000105 80000291500000028 0.440297849248 -128.091 614.96 -427.203
11.4327 80000291500000029 80000291500000028 80000291500000105 80000291500000027 0.419968941997 -126.141 621.622 -432.4
11.4367 80000291500000028 80000291500000027 80000291500000105 80000291500000026 0.399926964614 -132.639 623.388 -450.615
11.4373 80000291500000027 80000291500000026 80000291500000105 80000291500000025 0.38016786726 -126.838 629.218 -427.457
11.4435 80000291500000026 80000291500000025 80000291500000105 80000291500000024 0.360687657262 -115.871 610.781 -430.077
11.4487 80000291500000025 80000291500000023 80000291500000105 80000291500000022 0.328829724206 -114.335 589.022 -384.74
11.4487 80000291500000023 80000291500000022 80000291500000105 80000291500000021 0.310074120128 -84.2929 569.724 -380.208
11.45 80000291500000022 80000291500000020 80000291500000105 80000291500000019 0.273353346578 -60.4738 556.989 -360.847
11.4517 80000291500000020 80000291500000019 80000291500000105 80000291500000018 0.261343256161 -49.845 556.01 -363.982
11.4521 80000291500000019 80000291500000017 80000291500000105 80000291500000016 0.22598838626 -45.2225 528.639 -319.563
11.4531 80000291500000017 80000291500000016 80000291500000105 80000291500000015 0.214425035514 -45.9246 536.5 -311.441
11.4567 80000291500000016 80000291500000015 80000291500000105 80000291500000014 0.197284182376 -37.1517 532.297 -273.441
11.4569 80000291500000015 80000291500000014 80000291500000105 80000291500000013 0.180385261706 -32.4643 541.239 -277.946
11.466 80000291500000014 80000291500000013 80000291500000105 80000291500000012 0.169252033244 -48.3117 534.565 -287.184
11.4677 80000291500000013 80000291500000012 80000291500000105 80000291500000011 0.152748768902 -66.3921 528.384 -305.349
11.4691 80000291500000012 80000291500000011 80000291500000105 80000291500000010 0.14187620397 -55.6951 519.884 -287.878
11.4712 80000291500000011 80000291500000010 80000291500000105 80000291500000009 0.125759332411 -57.1214 519.305 -301.155
11.477 80000291500000010 80000291500000006 80000291500000105 80000291500000005 0.0736613846564 -39.091 530.663 -337.862
11.4793 80000291500000006 80000291500000005 80000291500000105 80000291500000004 0.0585073227945 -48.6655 511.092 -331.782
11.484 80000291500000005 80000291500000004 80000291500000105 80000291500000003 0.0485236299818 -45.6354 531.102 -341.618
11.4855 80000291500000004 80000291500000002 80000291500000105 80000291500000001 0.0239744283828 -48.2314 506.477 -322.016
11.4879 80000291500000002 80000291500000001 80000291500000105 80000291500000000 0.00952166696794 -46.7867 510.56 -337.798
11.4943 80000291500000001 80000291500000000 80000291500000105 -1 2.22044604925e-16 -70.468 525.444 -363.774
9.01614 80000291500000157 80000291500000156 80000291500000162 80000291500000155 9.00233985416 -2.63985 -0.512106 6.36753
9.02548 80000291500000156 80000291500000155 80000291500000162 80000291500000154 8.9079991856 -2.60061 -0.527335 5.6235
9.03463 80000291500000155 80000291500000154 80000291500000162 80000291500000153 8.44947629437 -3.24021 -1.87507 2.09358
9.12424 80000291500000154 80000291500000153 80000291500000162 80000291500000152 8.01217294887 -2.51592 -3.43907 6.02439
9.16852 80000291500000153 80000291500000152 80000291500000162 80000291500000151 7.59510714987 -3.94777 -0.077354 8.86841
9.19848 80000291500000152 80000291500000151 80000291500000162 80000291500000150 7.23627606617 -4.06842 -0.680353 12.5098
9.21869 80000291500000151 80000291500000149 80000291500000162 80000291500000148 6.85511726265 -3.21739 -5.12701 4.98773
9.23229 80000291500000149 80000291500000143 80000291500000162 80000291500000142 5.22758097313 -2.69431 -0.769077 1.50537
9.02855 80000291500000197 80000291500000196 80000291500000204 80000291500000195 5.22758097313 -3.12589 5.03621 -15.3837
9.04358 80000291500000196 80000291500000195 80000291500000204 80000291500000194 4.99593346816 -3.80705 3.42942 -13.2786
9.0666 80000291500000195 80000291500000193 80000291500000204 80000291500000192 4.66451770247 -3.82425 0.910984 -11.5106
9.01614 80000291500000241 80000291500000240 80000291500000250 80000291500000239 5.22758097313 5.77506 2.12035 4.23797
9.02855 80000291500000240 80000291500000239 80000291500000250 80000291500000238 4.99593346816 2.28683 1.2091 4.39432
9.04358 80000291500000239 80000291500000238 80000291500000250 80000291500000237 4.93938066349 2.82326 2.10649 4.88957
9.0098 80000291500000309 80000291500000308 80000291500000317 80000291500000307 6.85511726265 1.18761 0.183045 1.60561
9.05524 80000291500000308 80000291500000306 80000291500000317 80000291500000305 6.14490120342 -0.119113 -0.255942 2.18841
9.15042 80000291500000306 80000291500000305 80000291500000317 80000291500000304 6.01075739884 3.71093 -1.80444 2.31108
9.15273 80000291500000305 80000291500000293 80000291500000317 80000291500000292 3.49086136926 0.709424 -2.46017 0.175418
9.04062 80000291500000332 80000291500000331 80000291500000347 80000291500000330 3.93726108473 -27.4297 14.6068 -3.56139
9.13154 80000291500000331 80000291500000330 80000291500000347 80000291500000329 3.70877426464 -22.7976 0.972237 1.78688
9.19641 80000291500000330 80000291500000328 80000291500000347 80000291500000327 3.08482263583 -42.4171 -6.33576 -21.9519
9.2342 80000291500000328 80000291500000327 80000291500000347 80000291500000326 3.00813107163 -27.1836 -13.5443 -17.686
9.00337 80000291500000463 80000291500000462 80000291500000472 80000291500000461 6.49159774567 2.7358 0.966024 5.64803
9.12912 80000291500000462 80000291500000461 80000291500000472 80000291500000460 6.14490120342 -6.85555 -2.16671 6.90231
9.1663 80000291500000461 80000291500000454 80000291500000472 80000291500000453 4.66451770247 -9.48727 -0.0382668 11.2373
9.1663 80000291500000454 80000291500000453 80000291500000472 80000291500000452 4.42803373661 -6.16062 -3.99457 7.2612
9.60136 80000291500000453 80000291500000451 80000291500000472 80000291500000450 4.00794511147 -18.7992 -21.1259 -14.5574
9.65224 80000291500000451 80000291500000450 80000291500000472 80000291500000449 3.93726108473 -27.2808 -23.2975 -27.8774
9.90443 80000291500000450 80000291500000449 80000291500000472 80000291500000448 3.70877426464 -11.4625 -30.7686 -43.2098
10.0255 80000291500000449 80000291500000447 80000291500000472 80000291500000446 3.28303305796 -13.9311 10.6635 -27.8294
10.0702 80000291500000447 80000291500000446 80000291500000472 80000291500000445 3.08482263583 -8.24041 -4.07192 -21.2806
10.0705 80000291500000446 80000291500000445 80000291500000472 80000291500000444 3.00813107163 0.0744538 -9.4893 -19.9746
9.0316 80000291500000494 80000291500000493 80000291500000498 80000291500000492 5.22758097313 14.381 0.260238 -0.0904506
9.22457 80000291500000493 80000291500000492 80000291500000498 80000291500000491 4.99593346816 16.5337 -8.58916 21.2363
9.23037 80000291500000492 80000291500000491 80000291500000498 80000291500000490 4.93938066349 14.4777 -9.34653 22.1283
9.2828 80000291500000491 80000291500000490 80000291500000498 80000291500000489 4.66451770247 10.7818 -6.22368 21.8289
9.40131 80000291500000490 80000291500000488 80000291500000498 80000291500000487 4.17683491473 -3.56416 -11.6536 8.05797
9.90848 80000291500000488 80000291500000485 80000291500000498 80000291500000447 3.49086136926 -11.382 -16.0803 -47.5436
9.0316 80000291500000511 80000291500000510 80000291500000524 80000291500000509 4.17683491473 1.98835 7.86409 -1.48368
9.06939 80000291500000543 80000291500000542 80000291500000548 80000291500000541 6.49159774567 -0.582441 2.64523 -1.21966
9.16407 80000291500000542 80000291500000541 80000291500000548 80000291500000540 6.14490120342 2.91493 6.12222 -1.674
9.22651 80000291500000541 80000291500000538 80000291500000548 80000291500000537 5.52976580795 -3.39493 3.49674 5.51498
9.27766 80000291500000538 80000291500000537 80000291500000548 80000291500000536 5.22758097313 -2.06893 0.990124 6.92237
9.2929 80000291500000537 80000291500000535 80000291500000548 80000291500000534 4.93938066349 -1.86854 -2.64334 4.82442
9.29951 80000291500000535 80000291500000533 80000291500000548 80000291500000532 4.42803373661 -1.03187 2.14798 3.12147
9.00337 80000291500000701 80000291500000700 80000291500000707 80000291500000699 4.42803373661 -1.39755 0.70896 -1.98679
9.12178 80000291500000700 80000291500000699 80000291500000707 80000291500000698 4.17683491473 -17.8566 -10.4814 -12.0695
9.18802 80000291500000699 80000291500000697 80000291500000707 80000291500000696 3.93726108473 -17.3811 -8.0404 -19.547
9.19013 80000291500000697 80000291500000696 80000291500000707 80000291500000695 3.70877426464 -11.5207 -7.42397 -17.7663
9.24362 80000291500000696 80000291500000695 80000291500000707 80000291500000694 3.49086136926 -10.4739 -6.29117 -12.2538
9.30115 80000291500000695 80000291500000694 80000291500000707 80000291500000693 3.28303305796 -8.98219 -7.71685 -10.7433
9.32031 80000291500000694 80000291500000693 80000291500000707 80000291500000692 3.08482263583 -11.3462 -7.03739 -8.85607
9.36199 80000291500000693 80000291500000692 80000291500000707 80000291500000691 3.00813107163 -5.14187 -7.7165 -1.6599
9.38815 80000291500000692 80000291500000691 80000291500000707 80000291500000690 2.89578500573 -0.0776087 -4.92279 3.87981
9.40774 80000291500000691 80000291500000690 80000291500000707 80000291500000689 2.73314261732 2.00334 -2.17423 3.20317
9.40774 80000291500000690 80000291500000689 80000291500000707 80000291500000688 2.5772902716 1.35119 -4.00683 3.83865
9.42033 80000291500000689 80000291500000688 80000291500000707 80000291500000687 2.44422570455 3.81984 -3.32709 1.30061
9.43974 80000291500000688 80000291500000687 80000291500000707 80000291500000686 2.31611074396 2.60822 -7.76296 1.77339
9.44797 80000291500000687 80000291500000686 80000291500000707 80000291500000685 2.20792547238 3.4698 -6.4377 1.95525
9.13154 80000291500000822 80000291500000821 80000291500000832 80000291500000820 7.59510714987 3.08661 4.20456 -1.7161
9.2845 80000291500000821 80000291500000820 80000291500000832 80000291500000819 7.23627606617 6.13552 16.7184 -2.98106
9.41282 80000291500000820 80000291500000819 80000291500000832 80000291500000818 7.00541704554 15.7684 -12.2623 -16.9622
9.51774 80000291500000819 80000291500000818 80000291500000832 80000291500000817 6.85511726265 17.2153 -1.06557 -15.6306
9.56999 80000291500000818 80000291500000817 80000291500000832 80000291500000816 6.49159774567 12.662 -3.48677 -17.4337
9.59972 80000291500000817 80000291500000816 80000291500000832 80000291500000815 6.14490120342 15.3476 -3.51181 -16.3495
9.60866 80000291500000816 80000291500000815 80000291500000832 80000291500000814 6.01075739884 15.026 -4.59432 -18.6691
9.70234 80000291500000815 80000291500000814 80000291500000832 80000291500000813 5.84661374788 8.58792 4.24607 -15.5987
9.72813 80000291500000814 80000291500000813 80000291500000832 80000291500000812 5.52976580795 12.4498 -10.6498 -13.866
9.76892 80000291500000813 80000291500000812 80000291500000832 80000291500000811 5.22758097313 5.02632 -15.1152 -13.4227
9.80363 80000291500000812 80000291500000811 80000291500000832 80000291500000810 4.99593346816 4.2861 -17.9689 -14.1565
9.84334 80000291500000811 80000291500000809 80000291500000832 80000291500000808 4.66451770247 7.12355 -15.5636 -11.8618
9.89745 80000291500000809 80000291500000808 80000291500000832 80000291500000807 4.42803373661 6.63137 -19.557 -14.3774
9.91766 80000291500000808 80000291500000807 80000291500000832 80000291500000806 4.17683491473 6.86131 -15.8008 -8.66008
9.93126 80000291500000807 80000291500000805 80000291500000832 80000291500000804 3.93726108473 9.9464 -6.11555 -3.42764
9.97248 80000291500000805 80000291500000804 80000291500000832 80000291500000803 3.70877426464 6.52191 -22.139 -1.89474
9.99254 80000291500000804 80000291500000803 80000291500000832 80000291500000802 3.49086136926 8.19282 -16.7889 -2.91398
10.019 80000291500000803 80000291500000800 80000291500000832 80000291500000799 3.00813107163 13.8473 -10.3446 6.12451
10.0246 80000291500000800 80000291500000799 80000291500000832 80000291500000798 2.89578500573 11.0249 -3.60688 7.70092
10.0391 80000291500000799 80000291500000798 80000291500000832 80000291500000797 2.73314261732 11.076 -1.38225 13.1415
10.0535 80000291500000798 80000291500000795 80000291500000832 80000291500000794 2.31611074396 8.68762 -23.716 -6.43686
10.0561 80000291500000795 80000291500000794 80000291500000832 80000291500000793 2.20792547238 10.225 -19.3788 -6.99173
10.0578 80000291500000794 80000291500000792 80000291500000832 80000291500000791 2.00202813925 6.98042 -17.5542 -9.49714
9.0098 80000291500000913 80000291500000912 80000291500000928 80000291500000911 2.5772902716 -1.12732 14.2736 5.76772
9.01614 80000291500000912 80000291500000911 80000291500000928 80000291500000910 2.44422570455 3.77629 21.0763 0.264332
9.16852 80000291500000911 80000291500000910 80000291500000928 80000291500000909 2.31611074396 -12.6613 -25.1929 9.51704
9.18162 80000291500000910 80000291500000901 80000291500000928 80000291500000900 1.53123902916 8.52435 11.775 -10.3839
9.02239 80000291500000978 80000291500000977 80000291500000984 80000291500000976 8.44947629437 5.22439 0.790011 -5.13665
9.16852 80000291500000977 80000291500000974 80000291500000984 80000291500000973 7.23627606617 5.76531 2.02506 -7.15127
9.2087 80000291500000974 80000291500000973 80000291500000984 80000291500000972 7.00541704554 5.94271 3.47776 -5.04256
9.22262 80000291500000973 80000291500000972 80000291500000984 80000291500000971 6.85511726265 4.2722 3.86098 -5.33691
9.27072 80000291500000972 80000291500000971 80000291500000984 80000291500000970 6.49159774567 2.80965 7.47453 -1.22148
9.30602 80000291500000971 80000291500000970 80000291500000984 80000291500000969 6.14490120342 3.91912 3.44539 -3.57299
9.77224 80000291500000970 80000291500000966 80000291500000984 80000291500000965 5.22758097313 1.17779 -6.18883 31.5136
9.82663 80000291500000966 80000291500000965 80000291500000984 80000291500000964 4.99593346816 -4.74004 -11.5707 30.0166
9.93126 80000291500000965 80000291500000963 80000291500000984 80000291500000962 4.66451770247 3.00049 -0.446185 21.0535
9.98719 80000291500000963 80000291500000962 80000291500000984 80000291500000961 4.42803373661 4.31127 -1.12161 17.7079
10.0361 80000291500000962 80000291500000961 80000291500000984 80000291500000960 4.17683491473 2.76754 1.57366 13.395
10.0995 80000291500000961 80000291500000960 80000291500000984 80000291500000959 4.00794511147 3.24765 -9.62226 30.0812
10.1298 80000291500000960 80000291500000959 80000291500000984 80000291500000958 3.93726108473 -1.03632 -8.67424 29.1302
10.2018 80000291500000959 80000291500000958 80000291500000984 80000291500000957 3.70877426464 16.0362 -19.57 8.55732
10.2462 80000291500000958 80000291500000957 80000291500000984 80000291500000956 3.49086136926 14.3433 -20.0766 17.7648
10.3178 80000291500000957 80000291500000956 80000291500000984 80000291500000955 3.28303305796 -2.37668 -39.4344 -0.498408
10.3328 80000291500000956 80000291500000955 80000291500000984 80000291500000954 3.08482263583 -7.01179 -28.2966 21.3782
10.3747 80000291500000955 80000291500000954 80000291500000984 80000291500000953 3.00813107163 -11.412 -16.5654 26.2674
10.4085 80000291500000954 80000291500000953 80000291500000984 80000291500000952 2.89578500573 -12.6023 -25.2687 21.9737
10.4443 80000291500000953 80000291500000952 80000291500000984 80000291500000951 2.73314261732 -28.1657 -33.7972 12.2785
10.4927 80000291500000952 80000291500000951 80000291500000984 80000291500000950 2.5772902716 -41.5864 6.79088 13.6751
10.525 80000291500000951 80000291500000950 80000291500000984 80000291500000949 2.44422570455 -38.6892 12.1437 15.703
10.5714 80000291500000950 80000291500000949 80000291500000984 80000291500000948 2.31611074396 -43.5097 14.2036 1.23969
10.6139 80000291500000949 80000291500000948 80000291500000984 80000291500000947 2.20792547238 -8.55345 29.5437 -13.7586
10.6651 80000291500000948 80000291500000947 80000291500000984 80000291500000946 2.1032696526 17.4112 -19.4175 -20.6685
10.707 80000291500000947 80000291500000946 80000291500000984 80000291500000945 2.00202813925 53.2598 -18.8272 -43.769
10.7099 80000291500000946 80000291500000945 80000291500000984 80000291500000944 1.90408954353 62.6345 -15.8857 -50.716
10.7295 80000291500000945 80000291500000944 80000291500000984 80000291500000943 1.82268925262 51.883 -29.9129 -58.146
10.74 80000291500000944 80000291500000943 80000291500000984 80000291500000942 1.74357057433 60.224 -67.4001 -46.8931
9.04062 80000291500001011 80000291500001010 80000291500001017 80000291500001009 7.59510714987 5.86211 13.2432 17.1252
9.15956 80000291500001010 80000291500001009 80000291500001017 80000291500001008 7.23627606617 4.95679 17.356 13.6085
9.19433 80000291500001009 80000291500001008 80000291500001017 80000291500001007 7.00541704554 6.15627 17.6954 14.4547
9.33111 80000291500001008 80000291500001006 80000291500001017 80000291500001005 6.49159774567 6.82261 11.3086 24.5173
9.3974 80000291500001006 80000291500001005 80000291500001017 80000291500001004 6.14490120342 6.65919 9.3388 19.7694
9.43257 80000291500001005 80000291500001004 80000291500001017 80000291500001003 6.01075739884 3.73523 9.45798 24.798
9.49848 80000291500001004 80000291500001003 80000291500001017 80000291500001002 5.84661374788 0.312715 -0.351802 26.3461
9.60543 80000291500001003 80000291500001002 80000291500001017 80000291500001001 5.52976580795 6.08199 2.52823 33.4073
9.84381 80000291500001002 80000291500001000 80000291500001017 80000291500000963 4.93938066349 -8.45144 -6.7747 25.8054
9.01928 80000291500001044 80000291500001043 80000291500001057 80000291500001042 4.99593346816 -2.28067 -4.79392 -2.78756
9.08038 80000291500001043 80000291500001041 80000291500001057 80000291500001040 4.66451770247 -0.663782 1.96729 -7.86511
9.1193 80000291500001041 80000291500001040 80000291500001057 80000291500001039 4.42803373661 -6.34248 0.139751 -3.85447
9.1193 80000291500001040 80000291500001039 80000291500001057 80000291500001038 4.17683491473 -0.914438 2.2261 -3.22139
9.16182 80000291500001197 80000291500001196 80000291500001210 80000291500001195 5.22758097313 -13.057 6.38158 2.61336
9.2087 80000291500001196 80000291500001195 80000291500001210 80000291500001194 4.99593346816 -25.5368 18.5458 2.04467
9.23037 80000291500001195 80000291500001192 80000291500001210 80000291500001191 4.42803373661 -15.8159 8.82476 -0.133517
9.24362 80000291500001192 80000291500001191 80000291500001210 80000291500001190 4.17683491473 -6.77389 -7.23252 0.109848
9.33866 80000291500001191 80000291500001189 80000291500001210 80000291500001188 3.93726108473 -15.3659 7.49589 -8.53739
9.43737 80000291500001189 80000291500001186 80000291500001210 80000291500001185 3.28303305796 -20.718 15.6806 -12.6321
9.44093 80000291500001186 80000291500001183 80000291500001210 80000291500001182 2.89578500573 -9.46439 9.65667 -9.30807
9.13634 80000291500001529 80000291500001528 80000291500001547 80000291500001527 1.41409822037 -34.7677 -22.2549 -55.1096
9.15502 80000291500001528 80000291500001526 80000291500001547 80000291500001525 1.30237845991 -33.8597 -17.2722 -45.259
9.17946 80000291500001526 80000291500001524 80000291500001547 80000291500001523 1.20625808078 -26.3462 -14.8722 -20.7469
9.18589 80000291500001524 80000291500001518 80000291500001547 80000291500001517 0.987852810816 -24.4914 -12.3658 -13.486
9.18589 80000291500001518 80000291500001516 80000291500001547 80000291500001515 0.923000816178 -15.4013 -9.33813 -7.14341
9.18589 80000291500001516 80000291500001515 80000291500001547 80000291500001514 0.886896937575 -15.2617 -7.54987 -10.5591
9.21272 80000291500001515 80000291500001513 80000291500001547 80000291500001512 0.816709979012 -20.578 -12.3074 -22.2844
9.25466 80000291500001513 80000291500001512 80000291500001547 80000291500001511 0.791068248946 -36.0287 -11.7398 -22.8463
9.26365 80000291500001512 80000291500001511 80000291500001547 80000291500001510 0.757441372616 -39.1064 -13.2218 -16.2746
9.0066 80000291500001722 80000291500001721 80000291500001736 80000291500001720 5.52976580795 -2.88227 6.7809 4.00741
9.17293 80000291500001721 80000291500001720 80000291500001736 80000291500001719 5.22758097313 -2.78717 8.20069 -4.71464
9.19848 80000291500001720 80000291500001719 80000291500001736 80000291500001718 4.99593346816 -4.50244 0.598781 8.91291
9.36199 80000291500001719 80000291500001718 80000291500001736 80000291500001717 4.93938066349 14.4539 10.8131 -9.06094
9.36481 80000291500001718 80000291500001715 80000291500001736 80000291500001714 4.17683491473 -0.741045 2.59466 -6.87622
9.43617 80000291500001715 80000291500001714 80000291500001736 80000291500001713 4.00794511147 -1.51134 3.50134 2.06106
9.48049 80000291500001714 80000291500001713 80000291500001736 80000291500001712 3.93726108473 0.192144 5.98793 -1.18005
9.53428 80000291500001713 80000291500001712 80000291500001736 80000291500001711 3.70877426464 6.76796 5.42604 -24.6775
9.62677 80000291500001712 80000291500001711 80000291500001736 80000291500001710 3.49086136926 0.275813 1.39196 -0.419186
9.67005 80000291500001711 80000291500001710 80000291500001736 80000291500001709 3.28303305796 -2.99808 2.88085 2.92748
9.75364 80000291500001710 80000291500001709 80000291500001736 80000291500001708 3.08482263583 -5.42773 5.87802 8.19977
9.75421 80000291500001709 80000291500001707 80000291500001736 80000291500001706 2.89578500573 -3.76747 4.08777 13.2378
9.80721 80000291500001707 80000291500001706 80000291500001736 80000291500001705 2.73314261732 -19.4739 -4.80844 22.4107
9.82025 80000291500001706 80000291500001703 80000291500001736 80000291500001702 2.31611074396 0.447115 11.6378 24.5904
9.85353 80000291500001703 80000291500001701 80000291500001736 80000291500001700 2.1032696526 3.9508 14.0067 35.2728
9.87539 80000291500001701 80000291500001699 80000291500001736 80000291500001698 1.90408954353 -6.98547 10.3798 48.5795
9.07492 80000291500001777 80000291500001776 80000291500001784 80000291500001775 4.99593346816 -3.57136 1.01998 -4.23343
9.09637 80000291500001776 80000291500001775 80000291500001784 80000291500001774 4.93938066349 -2.45518 1.59214 -3.35443
9.11431 80000291500001775 80000291500001774 80000291500001784 80000291500001773 4.66451770247 -2.23759 2.45065 -5.40303
9.13871 80000291500001774 80000291500001773 80000291500001784 80000291500001772 4.42803373661 -2.73404 1.81683 -1.6436
9.14578 80000291500001773 80000291500001772 80000291500001784 80000291500001771 4.17683491473 -2.62568 1.25236 -1.97877
9.2026 80000291500001772 80000291500001771 80000291500001784 80000291500001770 4.00794511147 -6.81715 -0.585377 -2.25424
9.2026 80000291500001771 80000291500001770 80000291500001784 80000291500001769 3.93726108473 -7.1634 -0.827736 -1.75133
9.01298 80000291500001976 80000291500001975 80000291500001984 80000291500001974 4.93938066349 3.22264 -2.17783 -0.633597
9.06378 80000291500001975 80000291500001974 80000291500001984 80000291500001973 4.66451770247 0.954052 1.70562 2.67244
9.14578 80000291500001974 80000291500001973 80000291500001984 80000291500001972 4.42803373661 6.06295 1.67162 3.11314
9.16182 80000291500001973 80000291500001972 80000291500001984 80000291500001971 4.17683491473 4.62017 2.35806 2.92974
9.19433 80000291500001972 80000291500001971 80000291500001984 80000291500001970 4.00794511147 4.41229 4.06767 2.25904
9.19433 80000291500001971 80000291500001970 80000291500001984 80000291500001969 3.93726108473 4.2353 2.72238 0.511982
9.19848 80000291500001970 80000291500001969 80000291500001984 80000291500001968 3.70877426464 4.55774 3.75717 2.93531
9.21671 80000291500001969 80000291500001966 80000291500001984 80000291500001965 3.08482263583 3.04548 4.96188 -2.12063
9.32031 80000291500001966 80000291500001962 80000291500001984 80000291500001961 2.5772902716 4.58874 2.21731 8.47282
9.36199 80000291500001962 80000291500001959 80000291500001984 80000291500001958 2.20792547238 -2.28243 11.3843 -1.0886
9.37181 80000291500001959 80000291500001958 80000291500001984 80000291500001957 2.1032696526 -5.40625 9.91718 -3.00771
9.38005 80000291500001958 80000291500001957 80000291500001984 80000291500001956 2.00202813925 -3.69456 11.4689 -3.67012
9.38005 80000291500001957 80000291500001956 80000291500001984 80000291500001955 1.90408954353 -7.46128 15.4442 -7.60248
9.40131 80000291500001956 80000291500001955 80000291500001984 80000291500001954 1.82268925262 -7.97946 13.2016 -6.68448
9.40646 80000291500001955 80000291500001954 80000291500001984 80000291500001953 1.74357057433 -10.0566 19.0564 -7.29125
9.41909 80000291500001954 80000291500001953 80000291500001984 80000291500001952 1.66666955611 -9.79298 12.774 -3.54225
9.60054 80000291500001953 80000291500001952 80000291500001984 80000291500001951 1.60423452207 -66.9304 27.1961 -32.2827
9.63744 80000291500001952 80000291500001951 80000291500001984 80000291500001950 1.53123902916 -66.4036 26.1984 -26.6519
9.68717 80000291500001951 80000291500001950 80000291500001984 80000291500001949 1.47197484527 -68.6713 22.9017 -38.1104
9.16182 80000291500002002 80000291500002001 80000291500002022 80000291500002000 2.00202813925 7.38794 -24.3304 -12.4352
9.17946 80000291500002001 80000291500002000 80000291500002022 80000291500001999 1.90408954353 4.70084 -24.5411 -14.4641
9.18376 80000291500002000 80000291500001998 80000291500002022 80000291500001997 1.74357057433 6.35255 -27.0802 -8.67895
9.1573 80000291500002116 80000291500002115 80000291500002125 80000291500002114 4.17683491473 1.89751 0.721234 3.80388
9.18589 80000291500002115 80000291500002114 80000291500002125 80000291500002113 4.00794511147 1.91691 -1.55297 5.3431
9.19223 80000291500002114 80000291500002113 80000291500002125 80000291500002112 3.93726108473 1.71115 -0.642125 5.29684
9.21869 80000291500002113 80000291500002112 80000291500002125 80000291500002111 3.70877426464 2.32603 -1.46663 4.50049
9.23988 80000291500002112 80000291500002111 80000291500002125 80000291500002110 3.49086136926 0.837272 -0.621053 2.98341
9.24733 80000291500002111 80000291500002110 80000291500002125 80000291500002109 3.28303305796 0.830014 1.52187 3.04094
9.26365 80000291500002110 80000291500002109 80000291500002125 80000291500002108 3.08482263583 0.534745 -1.08364 6.66571
9.28788 80000291500002109 80000291500002107 80000291500002125 80000291500002106 2.89578500573 -0.672532 -3.3228 8.6982
9.29951 80000291500002107 80000291500002106 80000291500002125 80000291500002105 2.73314261732 -1.90965 -2.36104 4.76588
9.29951 80000291500002106 80000291500002105 80000291500002125 80000291500002104 2.5772902716 0.544959 1.87277 5.3807
9.37181 80000291500002105 80000291500002104 80000291500002125 80000291500002103 2.44422570455 -1.15726 10.3771 -11.6155
9.37181 80000291500002104 80000291500002103 80000291500002125 80000291500002102 2.31611074396 -0.270298 11.3169 -17.9787
9.40902 80000291500002103 80000291500002102 80000291500002125 80000291500002101 2.20792547238 1.39076 8.34038 -16.9316
9.50055 80000291500002102 80000291500002101 80000291500002125 80000291500002100 2.1032696526 3.67345 -3.54613 -18.8704
9.51375 80000291500002101 80000291500002100 80000291500002125 80000291500002099 2.00202813925 6.0642 -1.50232 -13.8356
9.55931 80000291500002100 80000291500002099 80000291500002125 80000291500002098 1.90408954353 6.02164 -0.925343 -22.1031
9.57262 80000291500002099 80000291500002098 80000291500002125 80000291500002097 1.82268925262 6.96847 -1.31554 -17.9989
9.58041 80000291500002098 80000291500002097 80000291500002125 80000291500002096 1.74357057433 4.92403 -3.90323 -19.3999
9.62445 80000291500002097 80000291500002096 80000291500002125 80000291500002095 1.66666955611 3.38715 -2.88865 -16.3307
9.07492 80000291500002238 80000291500002237 80000291500002244 80000291500002236 6.14490120342 5.78759 -7.7666 -0.129109
9.13634 80000291500002237 80000291500002236 80000291500002244 80000291500002235 6.01075739884 4.27035 -5.66446 1.81258
9.17946 80000291500002236 80000291500002235 80000291500002244 80000291500002234 5.84661374788 3.09876 -5.50908 0.77078
9.31401 80000291500002235 80000291500002234 80000291500002244 80000291500002233 5.52976580795 3.60987 -0.729199 2.80562
9.36056 80000291500002234 80000291500002233 80000291500002244 80000291500002232 5.22758097313 7.27141 -3.18359 5.63215
9.40131 80000291500002233 80000291500002232 80000291500002244 80000291500002231 4.99593346816 6.59269 -3.36056 6.23766
9.43497 80000291500002232 80000291500002231 80000291500002244 80000291500002230 4.93938066349 4.43632 -2.03725 5.79383
9.47832 80000291500002231 80000291500002230 80000291500002244 80000291500002229 4.66451770247 3.00928 1.06582 9.42851
9.48905 80000291500002230 80000291500002229 80000291500002244 80000291500002228 4.42803373661 -3.28825 2.15289 5.22869
9.50465 80000291500002229 80000291500002228 80000291500002244 80000291500002227 4.17683491473 -3.6394 1.54464 2.62292
9.5314 80000291500002228 80000291500002227 80000291500002244 80000291500002226 4.00794511147 -0.691113 -3.04736 2.2654
9.57523 80000291500002227 80000291500002224 80000291500002244 80000291500002223 3.49086136926 -7.45685 3.16472 2.74112
9.70299 80000291500002224 80000291500002222 80000291500002244 80000291500002221 3.08482263583 -6.78218 -8.82571 7.232
9.72752 80000291500002222 80000291500002221 80000291500002244 80000291500002220 3.00813107163 -9.72702 -9.20352 10.8092
9.78314 80000291500002221 80000291500002220 80000291500002244 80000291500002219 2.89578500573 -3.50661 -3.37382 4.98132
9.89787 80000291500002220 80000291500002219 80000291500002244 80000291500002218 2.73314261732 5.21516 11.0208 -0.410472
9.90808 80000291500002219 80000291500002218 80000291500002244 80000291500002217 2.5772902716 2.17808 11.2864 -1.69019
9.9411 80000291500002218 80000291500002217 80000291500002244 80000291500002216 2.44422570455 3.42306 15.8028 -4.9947
9.98954 80000291500002217 80000291500002216 80000291500002244 80000291500002215 2.31611074396 1.66231 17.5605 -12.2208
9.99585 80000291500002216 80000291500002203 80000291500002244 80000291500002202 1.30237845991 -1.62676 14.9933 -5.75312
10.0024 80000291500002203 80000291500002202 80000291500002244 80000291500002201 1.24847261425 -4.52167 10.5275 -8.55016
9.12424 80000291500002366 80000291500002365 80000291500002370 80000291500002364 6.14490120342 17.1608 8.35394 7.09495
9.18162 80000291500002365 80000291500002363 80000291500002370 80000291500002362 5.84661374788 12.0056 5.77544 6.82995
9.21671 80000291500002363 80000291500002362 80000291500002370 80000291500002361 5.52976580795 9.98349 3.91758 6.42571
9.33566 80000291500002362 80000291500002361 80000291500002370 80000291500002360 5.22758097313 9.33594 -2.64258 -0.0199314
9.4026 80000291500002361 80000291500002360 80000291500002370 80000291500002359 4.99593346816 7.14244 -1.20009 2.59304
9.4503 80000291500002360 80000291500002359 80000291500002370 80000291500002358 4.93938066349 13.1696 -0.414775 -0.318758
9.50669 80000291500002359 80000291500002358 80000291500002370 80000291500002357 4.66451770247 13.9093 -3.79657 -4.59769
9.5314 80000291500002358 80000291500002357 80000291500002370 80000291500002356 4.42803373661 13.7863 -4.18914 -8.20003
9.58127 80000291500002357 80000291500002356 80000291500002370 80000291500002355 4.17683491473 7.73625 -15.3439 -12.9298
9.62212 80000291500002356 80000291500002355 80000291500002370 80000291500002354 4.00794511147 9.11795 -14.1099 -11.4362
9.64044 80000291500002355 80000291500002354 80000291500002370 80000291500002353 3.93726108473 10.0897 -13.0192 -8.80484
9.69778 80000291500002354 80000291500002353 80000291500002370 80000291500002352 3.70877426464 11.0354 -18.2444 -16.6937
9.72136 80000291500002353 80000291500002352 80000291500002370 80000291500002351 3.49086136926 14.3189 -21.4303 -24.952
9.7348 80000291500002352 80000291500002351 80000291500002370 80000291500002350 3.28303305796 9.7312 -23.4087 -23.3349
9.75421 80000291500002351 80000291500002350 80000291500002370 80000291500002349 3.08482263583 7.06744 -23.4911 -22.0256
9.77718 80000291500002350 80000291500002349 80000291500002370 80000291500002348 3.00813107163 0.814655 -31.7118 -28.5961
9.7826 80000291500002349 80000291500002348 80000291500002370 80000291500002347 2.89578500573 1.73999 -29.9659 -27.6426
9.81428 80000291500002348 80000291500002347 80000291500002370 80000291500002346 2.73314261732 0.574471 -39.3629 -29.9086
9.83002 80000291500002347 80000291500002346 80000291500002370 80000291500002345 2.5772902716 -6.58394 -36.5434 -32.4878
9.87365 80000291500002346 80000291500002345 80000291500002370 80000291500002344 2.44422570455 -7.55506 -42.623 -22.6004
9.88994 80000291500002345 80000291500002344 80000291500002370 80000291500002343 2.31611074396 -6.35633 -42.3702 -10.138
