logMh | fpID | subhaloID | main leaf ID | descID |  z
9.06939 20388549 20388548 20388551 20388547 11.4973879548 8.30323 -0.87726 -7.21091
9.38005 20388548 20388547 20388551 20388546 10.9190331982 -1.45694 -3.30662 -12.2091
9.4651 20388547 20388546 20388551 20388545 10.3674435724 -2.33997 -1.91045 -13.6638
9.49536 20388546 20388542 20388551 20388541 9.00233985416 -3.29201 -6.77867 -3.74575
9.50771 20388542 20388541 20388551 20388540 8.9079991856 -1.29447 -5.83634 -5.95511
9.58127 20388541 20388540 20388551 20388539 8.44947629437 1.75792 -7.08906 -7.90639
9.62754 20388540 20388539 20388551 20388538 8.01217294887 1.04497 -5.28642 -9.6837
9.66866 20388539 20388538 20388551 20388537 7.59510714987 1.5322 -1.17787 -12.0554
9.75075 20388538 20388537 20388551 20388536 7.23627606617 4.66299 -4.19506 -3.00964
9.7826 20388537 20388536 20388551 20388535 7.00541704554 -3.5552 -5.50935 -16.0506
9.84334 20388536 20388535 20388551 20388534 6.85511726265 -5.39055 -3.248 -11.2503
9.89455 20388535 20388534 20388551 20388533 6.49159774567 -11.6926 -4.66528 -21.0211
9.95617 20388534 20388533 20388551 20388532 6.14490120342 -1.37503 -6.24239 -19.8164
9.98143 20388533 20388532 20388551 20388531 6.01075739884 -3.02789 -8.03204 -24.0874
10.0313 20388532 20388530 20388551 20388529 5.52976580795 0.650943 -8.56108 -26.4515
10.1392 20388530 20388529 20388551 20388528 5.22758097313 -4.31971 -33.3703 -28.1342
10.1593 20388529 20388528 20388551 20388527 4.99593346816 0.427501 -33.3881 -26.0116
10.169 20388528 20388527 20388551 20388526 4.93938066349 6.71066 -27.0695 -27.6027
10.2483 20388527 20388526 20388551 20388525 4.66451770247 20.2409 -28.8858 -29.2707
10.3208 20388526 20388525 20388551 20388524 4.42803373661 13.5751 -8.05209 -18.3406
10.7133 20388525 20388522 20388551 20388521 3.70877426464 -101.002 -106.152 -90.8283
10.7582 20388522 20388521 20388551 20388520 3.49086136926 -111.334 -113.02 -110.194
10.9481 20388521 20388519 20388551 20388518 3.08482263583 -187.666 -198.438 -75.2242
10.9795 20388519 20388518 20388551 20388517 3.00813107163 -205.811 -194.784 -89.5787
11.0524 20388518 20388517 20388551 20388516 2.89578500573 -201.208 -177.813 -69.385
11.0967 20388517 20388516 20388551 20388515 2.73314261732 -212.021 -188.795 -63.8671
11.1155 20388516 20388515 20388551 20388514 2.5772902716 -186.633 -190.99 -56.6955
11.1293 20388515 20388514 20388551 20388513 2.44422570455 -160.141 -192.222 -74.4033
11.153 20388514 20388513 20388551 20388512 2.31611074396 -170.14 -214.42 -94.8248
11.1577 20388513 20388512 20388551 20388511 2.20792547238 -176.702 -217.501 -94.2759
11.1597 20388512 20388511 20388551 20388510 2.1032696526 -161.704 -196.431 -113.244
11.1682 20388511 20388510 20388551 20388509 2.00202813925 -158.363 -191.735 -169.502
11.1702 20388510 20388509 20388551 20388508 1.90408954353 -162.901 -166.536 -190.034
11.1785 20388509 20388508 20388551 20388507 1.82268925262 -156.645 -155.632 -218.896
11.1918 20388508 20388507 20388551 20388506 1.74357057433 -154.146 -117.599 -253.674
11.2013 20388507 20388506 20388551 20388505 1.66666955611 -131.925 -130.926 -279.113
11.2155 20388506 20388505 20388551 20388504 1.60423452207 -118.119 -145.827 -273.206
11.2489 20388505 20388504 20388551 20388503 1.53123902916 -103.82 -126.377 -277.195
11.2594 20388504 20388503 20388551 20388502 1.47197484527 -90.9784 -119.164 -247.406
11.276 20388503 20388502 20388551 20388501 1.41409822037 -71.0008 -113.882 -210.871
11.2867 20388502 20388501 20388551 20388500 1.3575766674 -68.5461 -110.569 -158.558
11.2968 20388501 20388500 20388551 20388499 1.30237845991 -82.6782 -120.097 -168.294
11.2972 20388500 20388499 20388551 20388498 1.24847261425 -85.6516 -117.76 -149.508
11.3033 20388499 20388498 20388551 20388497 1.20625808078 -76.5092 -128.22 -127.991
11.3105 20388498 20388497 20388551 20388496 1.15460271236 -66.0579 -106.098 -131.877
11.3153 20388497 20388496 20388551 20388495 1.11415056377 -58.8953 -90.2097 -121.473
11.3191 20388496 20388495 20388551 20388494 1.07445789455 -79.4334 -83.6074 -122.996
11.3202 20388495 20388494 20388551 20388493 1.03551044566 -49.0011 -62.1333 -101.576
11.3222 20388494 20388491 20388551 20388490 0.950531351585 -37.628 -58.9308 -137.97
11.3287 20388491 20388489 20388551 20388488 0.886896937575 -7.59445 -47.4528 -162.562
11.3321 20388489 20388487 20388551 20388486 0.816709979012 0.946878 -56.8669 -174.876
11.3344 20388487 20388486 20388551 20388485 0.791068248946 -4.52839 -49.0119 -190.04
11.339 20388486 20388485 20388551 20388484 0.757441372616 -2.55577 -40.1928 -180.188
11.3424 20388485 20388484 20388551 20388483 0.732636182022 5.61891 -31.6824 -188.867
11.3464 20388484 20388483 20388551 20388482 0.700106353719 7.02778 -32.1836 -183.17
11.3579 20388483 20388482 20388551 20388481 0.676110411213 15.9298 -23.0496 -191.952
11.3718 20388482 20388481 20388551 20388480 0.644641840685 21.6096 -20.523 -175.873
11.3727 20388481 20388480 20388551 20388479 0.621428745243 10.6562 -13.0236 -188.432
11.3822 20388480 20388479 20388551 20388478 0.598543288188 7.07252 -16.7046 -184.117
11.3895 20388479 20388478 20388551 20388477 0.575980845108 10.2246 -27.3806 -181.131
11.3971 20388478 20388477 20388551 20388476 0.546392183141 -12.868 -27.8705 -170.414
11.4041 20388477 20388476 20388551 20388475 0.524565820434 -13.2849 -30.3883 -164.754
11.4096 20388476 20388475 20388551 20388474 0.503047523245 -17.0753 -29.1988 -166.445
11.4138 20388475 20388474 20388551 20388473 0.481832943421 -22.4947 -43.3499 -174.896
9.03463 20388593 20388592 20388603 20388591 7.59510714987 0.458542 0.106665 -0.948205
9.10926 20388592 20388591 20388603 20388590 7.23627606617 -1.12916 -0.410482 2.98865
9.20055 20388591 20388590 20388603 20388589 7.00541704554 0.881144 2.29279 -7.67082
9.2811 20388590 20388589 20388603 20388588 6.85511726265 -2.15375 5.49895 -0.953002
9.58127 20388589 20388587 20388603 20388586 6.14490120342 -6.24921 -1.98387 -1.59119
9.7826 20388587 20388586 20388603 20388585 6.01075739884 -28.239 7.32038 -6.25358
9.93202 20388586 20388585 20388603 20388584 5.84661374788 -21.1001 -17.0934 -1.64362
10.0208 20388585 20388584 20388603 20388583 5.52976580795 -1.44206 -26.3848 1.73918
10.0652 20388584 20388583 20388603 20388582 5.22758097313 -9.27726 -22.3291 -0.814609
10.0779 20388583 20388582 20388603 20388581 4.99593346816 -14.1925 -24.7205 -5.95228
10.5637 20388582 20388578 20388603 20388577 4.17683491473 -15.7167 -52.7798 -45.8456
10.6368 20388578 20388577 20388603 20388522 4.00794511147 -39.7937 -46.7095 -54.3997
9.08845 20388621 20388620 20388624 20388619 7.59510714987 11.9572 -9.03792 5.54326
9.2929 20388620 20388619 20388624 20388618 7.23627606617 4.35093 -11.6367 -1.68836
9.38005 20388619 20388618 20388624 20388617 7.00541704554 7.02524 -5.46673 3.86198
9.51275 20388618 20388616 20388624 20388615 6.49159774567 -0.882763 -7.59626 -4.74007
9.14578 20388661 20388660 20388669 20388659 7.23627606617 -9.69087 1.86937 1.00842
9.27072 20388660 20388659 20388669 20388658 7.00541704554 -3.1257 9.72087 -0.161752
9.2929 20388659 20388658 20388669 20388657 6.85511726265 -1.55342 9.52857 -1.92272
9.31717 20388658 20388657 20388669 20388656 6.49159774567 -0.490533 6.0235 -2.05071
9.36763 20388657 20388656 20388669 20388655 6.14490120342 2.06842 8.54243 -1.74125
9.37457 20388656 20388655 20388669 20388654 6.01075739884 -0.944114 3.4297 0.512058
9.05235 20388704 20388703 20388714 20388702 9.00233985416 6.39555 3.27608 3.65046
9.13871 20388703 20388702 20388714 20388701 8.9079991856 4.93291 1.95689 1.74068
9.22066 20388702 20388700 20388714 20388699 8.01217294887 4.21092 -9.27157 -4.47895
9.23988 20388700 20388699 20388714 20388698 7.59510714987 5.63584 -6.24295 -1.49171
9.24362 20388699 20388698 20388714 20388697 7.23627606617 2.29232 -6.89475 0.0887388
9.26365 20388698 20388697 20388714 20388696 7.00541704554 1.46687 -4.25391 0.201616
9.29787 20388697 20388695 20388714 20388694 6.49159774567 3.76967 -10.3007 -5.14614
9.30602 20388695 20388693 20388714 20388692 6.01075739884 2.97772 -7.81597 -2.68231
9.30763 20388693 20388692 20388714 20388691 5.84661374788 2.50817 -6.49804 -3.39913
9.32805 20388692 20388691 20388714 20388690 5.52976580795 -1.56611 -0.888161 0.378121
9.04945 20388760 20388759 20388760 20388758 3.49086136926 1.06462 -4.98647 2.95353
9.0066 20388794 20388793 20388800 20388792 8.44947629437 0.129515 -0.00628187 0.967863
9.08038 20388793 20388792 20388800 20388791 8.01217294887 -0.906106 -0.618987 0.781303
9.41156 20388792 20388790 20388800 20388789 7.23627606617 -1.96368 -10.0258 12.0736
10.0828 20388790 20388787 20388800 20388786 6.49159774567 4.62578 6.45649 -19.4813
10.1161 20388787 20388786 20388800 20388785 6.14490120342 33.7688 13.3036 -27.1034
10.1347 20388786 20388785 20388800 20388784 6.01075739884 28.0642 8.0317 -30.0516
10.2173 20388785 20388784 20388800 20388783 5.84661374788 35.8206 12.422 -31.2632
10.2495 20388784 20388783 20388800 20388782 5.52976580795 20.5027 15.3276 -35.659
10.306 20388783 20388782 20388800 20388781 5.22758097313 30.23 14.2016 -43.5106
9.25828 20388802 20388801 20388805 20388790 7.59510714987 -0.902794 -6.57003 5.19722
9.02239 20388849 20388848 20388854 20388847 9.00233985416 -1.25347 10.4379 4.44968
9.3156 20388848 20388846 20388854 20388845 8.44947629437 -6.53302 9.51426 -5.96152
9.43377 20388846 20388844 20388854 20388843 7.59510714987 -12.7192 13.7448 -16.8378
9.44681 20388844 20388843 20388854 20388842 7.23627606617 -3.14665 10.0912 -8.94346
9.61186 20388843 20388842 20388854 20388841 7.00541704554 -6.59835 14.9314 -17.3249
9.82173 20388842 20388841 20388854 20388840 6.85511726265 10.1027 28.2363 -21.7241
9.05811 20388888 20388887 20388894 20388886 9.00233985416 -2.03168 -1.04003 1.23856
9.07492 20388887 20388886 20388894 20388885 8.9079991856 -4.03447 -3.67255 -0.518989
9.19641 20388886 20388885 20388894 20388884 8.44947629437 0.303086 -9.97575 -11.4286
9.26896 20388885 20388884 20388894 20388883 8.01217294887 0.593987 -7.8177 -10.5985
9.32497 20388884 20388883 20388894 20388882 7.59510714987 -1.86889 -4.26686 -5.83942
9.35048 20388883 20388882 20388894 20388881 7.23627606617 -1.96623 -6.48919 -3.95085
9.35914 20388882 20388881 20388894 20388880 7.00541704554 -3.81513 -6.94511 -2.95893
9.02239 20388920 20388919 20388920 20388918 7.59510714987 8.74147 -5.20719 6.78687
9.1573 20389025 20389024 20389038 20389023 4.66451770247 -19.3563 6.82513 7.3829
9.04945 20389120 20389119 20389127 20389118 9.00233985416 -7.38094 -9.88619 0.0997221
9.08845 20389119 20389118 20389127 20389117 8.9079991856 -6.97234 -11.3985 -1.21655
9.10415 20389118 20389117 20389127 20389116 8.44947629437 -3.02174 -8.22782 -1.3087
9.16852 20389117 20389116 20389127 20389115 8.01217294887 1.33374 -11.0856 0.862444
9.22845 20389116 20389115 20389127 20389114 7.59510714987 0.853713 -7.35111 -0.872814
9.27072 20389115 20389114 20389127 20389113 7.23627606617 0.873399 -10.105 -0.401506
9.33866 20389114 20389113 20389127 20389112 7.00541704554 2.52959 -8.78311 -1.50425
9.33866 20389113 20389112 20389127 20389111 6.85511726265 3.95166 -10.6354 -2.36013
9.52169 20389112 20389111 20389127 20389110 6.49159774567 2.81692 -0.386626 -7.26373
9.52948 20389111 20389110 20389127 20389109 6.14490120342 1.96061 -3.76865 -8.47222
9.61425 20389110 20389109 20389127 20389108 6.01075739884 24.492 -13.6203 -0.891116
9.62754 20389109 20389108 20389127 20389107 5.84661374788 16.9474 -4.63394 -6.73974
9.66866 20389108 20389107 20389127 20389106 5.52976580795 10.8292 -3.08591 -15.1349
9.69184 20389107 20389106 20389127 20389105 5.22758097313 0.91854 1.78795 -21.6817
9.7678 20389106 20389105 20389127 20389104 4.99593346816 1.8945 2.57609 -26.9402
9.79587 20389105 20389104 20389127 20389103 4.93938066349 8.57607 2.65668 -23.9639
9.79587 20389104 20389103 20389127 20389102 4.66451770247 8.37116 3.54446 -29.119
9.86214 20389103 20389102 20389127 20389101 4.42803373661 4.44099 -8.707 -21.7567
9.91647 20389102 20389101 20389127 20389100 4.17683491473 8.22202 -10.3308 -31.2932
9.93772 20389101 20389100 20389127 20389099 4.00794511147 10.5628 -14.0415 -28.3558
9.93847 20389100 20389099 20389127 20389098 3.93726108473 4.83734 -6.93891 -29.273
9.96652 20389099 20389098 20389127 20389097 3.70877426464 8.51983 -15.7131 -28.9345
10.0322 20389098 20389097 20389127 20389096 3.49086136926 14.4169 -57.0126 -29.693
10.0627 20389097 20389096 20389127 20389095 3.28303305796 9.45748 -57.1471 -29.6667
9.08309 20389144 20389143 20389146 20389142 7.00541704554 -3.88073 -4.74985 -11.4749
9.03463 20389209 20389208 20389215 20389207 4.99593346816 -4.98498 6.20139 8.14246
9.65442 20389208 20389202 20389215 20389201 3.93726108473 -18.8144 -22.4923 -29.6088
9.08038 20389325 20389324 20389339 20389323 6.01075739884 -7.61728 2.70096 -1.95083
9.09111 20389324 20389323 20389339 20389322 5.84661374788 -4.50619 2.6262 -3.83947
9.15273 20389323 20389322 20389339 20389321 5.52976580795 -6.47397 3.81532 -2.82472
9.24733 20389322 20389321 20389339 20389320 5.22758097313 7.45124 1.45359 14.4504
9.36481 20389321 20389320 20389339 20389319 4.99593346816 -4.93358 1.93337 4.9857
9.46733 20389320 20389319 20389339 20389318 4.93938066349 -10.0568 6.8229 -11.2514
9.53713 20389319 20389318 20389339 20389317 4.66451770247 -20.8371 0.17241 -14.4264
9.63138 20389318 20389317 20389339 20389316 4.42803373661 -15.8146 0.543797 -25.5987
9.68985 20389317 20389316 20389339 20389315 4.17683491473 -23.3511 1.49255 -32.4494
9.736 20389316 20389315 20389339 20389314 4.00794511147 -39.4164 10.3488 -34.2157
9.81578 20389315 20389313 20389339 20389312 3.70877426464 -24.8479 -5.93475 -26.8598
9.00012 20389570 20389569 20389577 20389568 7.59510714987 1.228 -3.36423 1.68555
9.0316 20389569 20389568 20389577 20389567 7.23627606617 1.45521 -2.83275 -0.284492
9.09637 20389568 20389566 20389577 20389565 6.85511726265 -0.110112 -1.91438 2.66875
9.13394 20389566 20389565 20389577 20389564 6.49159774567 1.46607 -1.65045 -2.52376
9.18162 20389565 20389564 20389577 20389563 6.14490120342 -0.0774582 -3.53689 -1.2657
9.18802 20389564 20389563 20389577 20389562 6.01075739884 -0.28005 -3.38453 -0.320002
9.20464 20389563 20389562 20389577 20389561 5.84661374788 0.0623946 -1.67114 0.636524
9.24362 20389562 20389561 20389577 20389560 5.52976580795 -0.853715 -1.20449 2.93405
9.30763 20389561 20389560 20389577 20389559 5.22758097313 2.96732 -0.579175 3.4026
9.33111 20389560 20389559 20389577 20389558 4.99593346816 -1.43616 -0.354278 4.87638
9.35194 20389559 20389558 20389577 20389557 4.93938066349 -2.5008 -0.354225 5.99989
9.40001 20389558 20389557 20389577 20389556 4.66451770247 -4.78637 6.60484 17.3207
9.44914 20389557 20389556 20389577 20389555 4.42803373661 -17.0613 6.94761 20.6726
9.53332 20389556 20389554 20389577 20389553 4.00794511147 -28.0764 9.09981 7.69451
9.04945 20389582 20389581 20389592 20389580 4.93938066349 3.73078 1.55928 -5.19047
9.20668 20389692 20389691 20389703 20389690 6.14490120342 3.64423 9.81428 -9.19191
9.3044 20389691 20389690 20389703 20389689 6.01075739884 12.915 4.34079 -8.05956
9.33415 20389690 20389689 20389703 20389688 5.84661374788 12.3997 10.2904 -2.12375
9.33866 20389689 20389686 20389703 20389685 4.99593346816 7.82828 19.0279 1.28121
9.36481 20389686 20389685 20389703 20389684 4.93938066349 8.7586 15.205 -3.21999
9.42404 20389685 20389684 20389703 20389683 4.66451770247 17.7536 21.4467 6.06015
9.45605 20389684 20389683 20389703 20389682 4.42803373661 8.45768 2.27436 -9.49462
9.49011 20389683 20389682 20389703 20389681 4.17683491473 13.2764 6.86896 -8.9936
9.54928 20389682 20389681 20389703 20389680 4.00794511147 14.4326 7.93021 -4.43014
9.55296 20389681 20389680 20389703 20389679 3.93726108473 13.3363 6.69839 -1.86949
9.58723 20389680 20389679 20389703 20389678 3.70877426464 15.7939 6.20229 -1.86821
9.59807 20389679 20389678 20389703 20389677 3.49086136926 14.6788 6.07853 -0.690258
9.63442 20389678 20389677 20389703 20389676 3.28303305796 11.9449 9.29683 -4.42702
9.65224 20389677 20389675 20389703 20389674 3.00813107163 3.87916 8.83053 -0.519827
9.67145 20389675 20389674 20389703 20389673 2.89578500573 7.72168 5.9887 -7.9831
9.6756 20389674 20389671 20389703 20389670 2.44422570455 11.9935 14.4384 -13.7196
9.71322 20389671 20389670 20389703 20389669 2.31611074396 10.2314 15.2884 -21.2461
9.72752 20389670 20389669 20389703 20389668 2.20792547238 14.9518 14.8888 -18.753
9.01614 20389759 20389758 20389771 20389757 3.08482263583 -2.14097 11.3915 18.7287
9.04653 20389758 20389756 20389771 20389755 2.89578500573 -1.24051 10.6472 21.3941
9.04653 20389756 20389755 20389771 20389754 2.73314261732 -1.67547 9.87911 18.1097
9.06939 20389755 20389754 20389771 20389753 2.5772902716 0.347005 10.0259 21.021
9.1193 20389754 20389753 20389771 20389752 2.44422570455 1.93384 5.35285 9.67467
9.1663 20389753 20389752 20389771 20389751 2.31611074396 -3.7664 -8.89915 -0.529566
9.21869 20389752 20389748 20389771 20389747 1.90408954353 0.620294 -4.64101 3.77943
9.25648 20389748 20389747 20389771 20389746 1.82268925262 0.841217 -11.8081 -3.09355
9.06378 20389837 20389836 20389850 20389835 4.17683491473 3.768 -7.90698 1.27361
9.05235 20389930 20389929 20389936 20389928 8.01217294887 1.78533 0.498271 1.98116
9.08038 20389929 20389928 20389936 20389927 7.59510714987 2.59573 3.60215 1.46097
9.10415 20389928 20389927 20389936 20389926 7.23627606617 0.218851 3.75561 1.44556
9.21272 20389927 20389925 20389936 20389924 6.85511726265 -1.99798 2.53622 -0.592943
9.25828 20389925 20389924 20389936 20389923 6.49159774567 -3.89444 0.480726 -0.439244
9.26187 20389924 20389923 20389936 20389922 6.14490120342 1.85485 4.1751 4.00399
9.26896 20389923 20389921 20389936 20389920 5.84661374788 1.1382 -1.26637 -1.99379
9.6229 20389921 20389920 20389936 20389919 5.52976580795 5.82353 -13.2106 -15.4554
9.7263 20389920 20389919 20389936 20389918 5.22758097313 0.75157 -12.2635 -12.9149
9.72935 20389919 20389917 20389936 20389916 4.93938066349 -3.52794 -5.99147 -7.88813
9.80054 20389917 20389916 20389936 20389915 4.66451770247 -3.59008 -6.10137 -8.95866
9.80466 20389916 20389915 20389936 20389914 4.42803373661 -1.38325 -7.19892 -7.67838
9.81076 20389915 20389914 20389936 20389913 4.17683491473 3.53521 -7.02002 4.83477
9.8517 20389914 20389913 20389936 20389912 4.00794511147 4.8772 -10.2448 8.35674
9.88316 20389913 20389912 20389936 20389911 3.93726108473 1.88829 -8.82447 6.51531
9.94851 20389912 20389911 20389936 20389910 3.70877426464 -13.3909 6.60347 49.7645
9.99881 20389911 20389910 20389936 20389909 3.49086136926 -30.4989 16.7222 61.0176
10.0152 20389910 20389897 20389936 20389896 1.82268925262 26.9446 49.8054 41.1132
10.0412 20389897 20389895 20389936 20389894 1.66666955611 26.3617 49.4031 32.6936
10.0471 20389895 20389894 20389936 20389893 1.60423452207 29.0068 58.5701 40.6326
10.057 20389894 20389893 20389936 20389892 1.53123902916 26.573 53.0303 40.19
10.057 20389893 20389892 20389936 20389891 1.47197484527 29.4308 60.3545 37.3734
10.0595 20389892 20389881 20389936 20389880 0.987852810816 2.73259 34.898 24.7691
10.0632 20389881 20389880 20389936 20389879 0.950531351585 5.36286 42.6817 21.9474
10.0863 20389880 20389877 20389936 20389876 0.851470900625 10.1404 48.2727 27.2523
9.02548 20389963 20389962 20389970 20389961 8.01217294887 0.00680551 9.05113 -2.34249
9.03463 20389962 20389961 20389970 20389960 7.59510714987 2.20492 8.62733 -0.216894
9.11179 20389961 20389960 20389970 20389959 7.23627606617 1.7658 9.07551 2.45642
9.14578 20389960 20389958 20389970 20389957 6.85511726265 1.6286 10.1941 2.87115
9.15956 20389958 20389957 20389970 20389956 6.49159774567 -1.1022 10.0258 3.70087
9.19848 20389957 20389956 20389970 20389955 6.14490120342 -0.325723 10.3256 4.95513
9.26008 20389956 20389955 20389970 20389954 6.01075739884 -1.40758 9.26698 2.72368
9.27072 20389955 20389954 20389970 20389953 5.84661374788 1.12924 7.73457 3.34537
9.03463 20389998 20389997 20390000 20389996 6.49159774567 8.54285 -0.259599 11.5555
9.05235 20389997 20389996 20390000 20389995 6.14490120342 8.46689 2.18006 11.438
9.14344 20389996 20389993 20390000 20389992 5.52976580795 13.7349 -3.60704 12.4961
9.15956 20389993 20389991 20390000 20389990 4.99593346816 6.514 -0.969716 9.35183
9.31874 20389991 20389990 20390000 20389989 4.93938066349 16.8182 -5.36568 4.78728
9.38277 20389990 20389989 20390000 20389988 4.66451770247 8.91982 -9.08145 6.41361
9.43856 20389989 20389988 20390000 20389987 4.42803373661 15.9736 -2.33981 3.46206
9.07492 20390028 20390027 20390037 20390026 4.42803373661 -2.83931 0.455525 -0.940639
9.17512 20390111 20390110 20390124 20390109 5.84661374788 14.2741 -8.09992 1.16037
9.32958 20390110 20390108 20390124 20390107 5.22758097313 -2.36482 5.565 -1.26896
9.37595 20390108 20390107 20390124 20390106 4.99593346816 -4.51297 11.727 -1.11642
9.37732 20390107 20390106 20390124 20390105 4.93938066349 -1.67768 10.3198 -3.15778
9.44914 20390106 20390105 20390124 20390104 4.66451770247 -3.14822 11.5801 -5.81031
9.4964 20390105 20390104 20390124 20390103 4.42803373661 4.41009 5.93119 -19.1278
9.56823 20390104 20390103 20390124 20390102 4.17683491473 10.5808 -4.05252 -31.4357
9.63442 20390103 20390102 20390124 20390101 4.00794511147 10.1321 -19.8723 -31.9338
9.66725 20390102 20390101 20390124 20390100 3.93726108473 16.6227 -20.5641 -38.3205
9.74491 20390101 20390100 20390124 20390099 3.70877426464 14.9085 -29.435 -38.4023
9.74491 20390100 20390090 20390124 20390089 2.20792547238 2.5743 -11.5909 -9.28755
9.82124 20390090 20390089 20390124 20390088 2.1032696526 3.15832 2.34877 -14.3194
9.83863 20390089 20390088 20390124 20390087 2.00202813925 1.21212 4.02287 -20.9101
9.8933 20390088 20390087 20390124 20390086 1.90408954353 -8.05118 12.9399 -28.7259
9.94593 20390087 20390085 20390124 20390084 1.74357057433 -5.06753 5.8133 -22.3189
9.97801 20390085 20390084 20390124 20390083 1.66666955611 -19.8936 5.60961 -25.2947
9.99914 20390084 20390083 20390124 20390082 1.60423452207 -30.3953 2.76428 -25.8217
9.02548 20390138 20390137 20390148 20390136 4.66451770247 -0.120105 -0.911733 20.1942
