logMh | fpID | subhaloID | main leaf ID | descID |  z
9.1663 80000221200000106 80000221200000105 80000221200000109 80000221200000104 10.9190331982 -1.47197 -2.22248 2.83977
9.22651 80000221200000105 80000221200000104 80000221200000109 80000221200000103 10.3674435724 -4.22037 -0.295264 2.25998
9.27072 80000221200000104 80000221200000103 80000221200000109 80000221200000102 9.99659046619 -2.83148 -2.51321 4.69808
9.2845 80000221200000103 80000221200000102 80000221200000109 80000221200000101 9.84138043947 -2.37486 -3.19309 4.96166
9.34609 80000221200000102 80000221200000101 80000221200000109 80000221200000100 9.38877127194 -6.3091 -2.7793 7.76951
9.43136 80000221200000101 80000221200000100 80000221200000109 80000221200000099 9.00233985416 -1.46524 -10.2528 17.8679
9.44093 80000221200000100 80000221200000099 80000221200000109 80000221200000098 8.9079991856 -0.875131 -7.43163 15.4992
9.56201 80000221200000099 80000221200000098 80000221200000109 80000221200000097 8.44947629437 -1.14455 -0.288543 9.17259
9.64119 80000221200000098 80000221200000097 80000221200000109 80000221200000096 8.01217294887 -5.84915 -0.508855 14.3309
9.81827 80000221200000097 80000221200000096 80000221200000109 80000221200000095 7.59510714987 5.96567 4.48382 -11.3142
10.0004 80000221200000096 80000221200000095 80000221200000109 80000221200000094 7.23627606617 5.69176 14.3762 -9.12898
10.0674 80000221200000095 80000221200000094 80000221200000109 80000221200000093 7.00541704554 7.34934 7.09396 -1.60414
10.0885 80000221200000094 80000221200000093 80000221200000109 80000221200000092 6.85511726265 10.3106 8.76977 1.03349
10.1516 80000221200000093 80000221200000092 80000221200000109 80000221200000091 6.49159774567 7.84527 0.854352 12.5298
10.2455 80000221200000092 80000221200000091 80000221200000109 80000221200000090 6.14490120342 5.51177 -6.83765 11.2978
10.2778 80000221200000091 80000221200000090 80000221200000109 80000221200000089 6.01075739884 9.90358 -8.22699 -9.5822
10.3211 80000221200000090 80000221200000089 80000221200000109 80000221200000088 5.84661374788 15.4589 -5.72331 -43.6396
10.4671 80000221200000089 80000221200000088 80000221200000109 80000221200000087 5.52976580795 18.1862 -17.5919 -62.6371
10.5168 80000221200000088 80000221200000087 80000221200000109 80000221200000086 5.22758097313 -16.6874 -37.1121 -59.4689
10.5854 80000221200000087 80000221200000086 80000221200000109 80000221200000085 4.99593346816 -34.5553 -38.1494 -70.2375
10.5856 80000221200000086 80000221200000085 80000221200000109 80000221200000084 4.93938066349 -32.5328 -43.9582 -84.2464
10.6963 80000221200000085 80000221200000084 80000221200000109 80000221200000083 4.66451770247 -75.6238 -35.453 -62.4218
10.7509 80000221200000084 80000221200000083 80000221200000109 80000221200000082 4.42803373661 -84.7412 -47.4676 -21.3175
10.8701 80000221200000083 80000221200000082 80000221200000109 80000221200000081 4.17683491473 -105.948 -71.2443 -25.3969
10.9158 80000221200000082 80000221200000081 80000221200000109 80000221200000080 4.00794511147 -110.72 -80.6202 -3.04117
10.944 80000221200000081 80000221200000080 80000221200000109 80000221200000079 3.93726108473 -115.456 -86.9076 57.1861
11.0221 80000221200000080 80000221200000079 80000221200000109 80000221200000078 3.70877426464 -140.199 -102.872 96.6428
11.06 80000221200000079 80000221200000078 80000221200000109 80000221200000077 3.49086136926 -157.402 -72.4073 105.255
11.0907 80000221200000078 80000221200000077 80000221200000109 80000221200000076 3.28303305796 -163.33 -61.4803 95.0524
11.1172 80000221200000077 80000221200000076 80000221200000109 80000221200000075 3.08482263583 -163.913 -40.9378 125.862
11.1221 80000221200000076 80000221200000075 80000221200000109 80000221200000074 3.00813107163 -149.851 -55.7197 126.674
11.1337 80000221200000075 80000221200000074 80000221200000109 80000221200000073 2.89578500573 -138.061 -47.8951 115.535
11.1367 80000221200000074 80000221200000073 80000221200000109 80000221200000072 2.73314261732 -122.997 -69.747 111.349
11.1372 80000221200000073 80000221200000072 80000221200000109 80000221200000071 2.5772902716 -107.691 -53.9085 92.83
11.1473 80000221200000072 80000221200000071 80000221200000109 80000221200000070 2.44422570455 -100.934 -31.8384 40.8792
11.1741 80000221200000071 80000221200000070 80000221200000109 80000221200000069 2.31611074396 -77.8438 -35.884 40.1739
11.1832 80000221200000070 80000221200000069 80000221200000109 80000221200000068 2.20792547238 -74.0005 -27.8786 39.1379
11.2203 80000221200000069 80000221200000068 80000221200000109 80000221200000067 2.1032696526 -36.9893 -42.3851 76.1672
11.2347 80000221200000068 80000221200000067 80000221200000109 80000221200000066 2.00202813925 24.6834 -46.4779 16.7793
11.3009 80000221200000067 80000221200000066 80000221200000109 80000221200000065 1.90408954353 26.2832 -16.6741 45.4375
11.3726 80000221200000066 80000221200000065 80000221200000109 80000221200000064 1.82268925262 76.5669 24.9042 60.1664
11.4166 80000221200000065 80000221200000064 80000221200000109 80000221200000063 1.74357057433 139.826 0.622472 70.2869
11.4725 80000221200000064 80000221200000063 80000221200000109 80000221200000062 1.66666955611 90.3177 30.2049 98.4345
11.4958 80000221200000063 80000221200000062 80000221200000109 80000221200000061 1.60423452207 19.2595 68.8195 130.112
11.5157 80000221200000062 80000221200000061 80000221200000109 80000221200000060 1.53123902916 6.159 67.5258 125.822
11.5256 80000221200000061 80000221200000060 80000221200000109 80000221200000059 1.47197484527 16.7575 60.3492 109.283
11.5335 80000221200000060 80000221200000059 80000221200000109 80000221200000058 1.41409822037 6.28407 84.5264 96.9655
11.5355 80000221200000059 80000221200000058 80000221200000109 80000221200000057 1.3575766674 -8.01459 116.168 100.526
11.5408 80000221200000058 80000221200000042 80000221200000109 80000221200000041 0.757441372616 -29.7632 34.051 21.456
11.5458 80000221200000042 80000221200000041 80000221200000109 80000221200000040 0.732636182022 -25.4935 41.6369 2.29039
11.5527 80000221200000041 80000221200000040 80000221200000109 80000221200000039 0.700106353719 -36.4614 40.4217 -15.6848
11.5572 80000221200000040 80000221200000039 80000221200000109 80000221200000038 0.676110411213 -41.5816 29.4663 0.406125
11.5595 80000221200000039 80000221200000038 80000221200000109 80000221200000037 0.644641840685 -54.6417 19.058 -4.1836
11.5641 80000221200000038 80000221200000036 80000221200000109 80000221200000035 0.598543288188 -54.4284 38.27 9.3122
11.5664 80000221200000036 80000221200000035 80000221200000109 80000221200000034 0.575980845108 -72.4027 53.1436 -2.39247
11.5697 80000221200000035 80000221200000034 80000221200000109 80000221200000033 0.546392183141 -87.822 75.703 25.1969
11.5709 80000221200000034 80000221200000033 80000221200000109 80000221200000032 0.524565820434 -92.3313 84.5983 25.0847
11.5768 80000221200000033 80000221200000032 80000221200000109 80000221200000031 0.503047523245 -96.426 111.485 44.684
11.5798 80000221200000032 80000221200000030 80000221200000109 80000221200000029 0.460917794181 -109.27 112.633 54.3907
11.5802 80000221200000030 80000221200000029 80000221200000109 80000221200000028 0.440297849248 -121.108 139.588 70.6438
11.5851 80000221200000029 80000221200000028 80000221200000109 80000221200000027 0.419968941997 -123.51 177.522 57.1632
11.5857 80000221200000028 80000221200000027 80000221200000109 80000221200000026 0.399926964614 -115.796 187.372 61.0702
11.5892 80000221200000027 80000221200000026 80000221200000109 80000221200000025 0.38016786726 -125.613 182.954 74.8694
11.5969 80000221200000026 80000221200000025 80000221200000109 80000221200000024 0.360687657262 -131.404 200.669 61.7759
11.5988 80000221200000025 80000221200000024 80000221200000109 80000221200000023 0.347853841858 -136.215 196.856 66.0861
11.6013 80000221200000024 80000221200000023 80000221200000109 80000221200000022 0.328829724206 -103.169 179.985 33.3832
11.6039 80000221200000023 80000221200000022 80000221200000109 80000221200000021 0.310074120128 -110.653 197.62 12.0341
11.611 80000221200000022 80000221200000021 80000221200000109 80000221200000020 0.291583239722 -121.367 221.007 9.77427
11.6154 80000221200000021 80000221200000020 80000221200000109 80000221200000019 0.273353346578 -116.112 218.741 1.45781
11.6182 80000221200000020 80000221200000019 80000221200000109 80000221200000018 0.261343256161 -115.151 217.86 18.807
11.621 80000221200000019 80000221200000018 80000221200000109 80000221200000017 0.243540181555 -109.082 215.379 -0.36604
11.6221 80000221200000018 80000221200000017 80000221200000109 80000221200000016 0.22598838626 -117.02 201.505 18.3587
11.6273 80000221200000017 80000221200000016 80000221200000109 80000221200000015 0.214425035514 -120.789 204.903 20.1999
11.6333 80000221200000016 80000221200000015 80000221200000109 80000221200000014 0.197284182376 -125.344 218.84 9.84966
11.6431 80000221200000015 80000221200000013 80000221200000109 80000221200000012 0.169252033244 -138.389 232.151 42.2918
11.6509 80000221200000013 80000221200000012 80000221200000109 80000221200000011 0.152748768902 -141.835 250.686 32.1975
11.6561 80000221200000012 80000221200000011 80000221200000109 80000221200000010 0.14187620397 -170.619 284.792 37.8739
11.6586 80000221200000011 80000221200000010 80000221200000109 80000221200000009 0.125759332411 -162.175 271.073 48.9189
11.6616 80000221200000010 80000221200000009 80000221200000109 80000221200000008 0.109869940459 -163.444 277.54 31.2695
11.6627 80000221200000009 80000221200000008 80000221200000109 80000221200000007 0.0994018026302 -175.418 297.756 48.3132
11.6706 80000221200000008 80000221200000007 80000221200000109 80000221200000006 0.0838844307975 -203.947 302.15 40.909
11.6807 80000221200000007 80000221200000005 80000221200000109 80000221200000004 0.0585073227945 -247.764 329.485 34.8288
11.6856 80000221200000005 80000221200000004 80000221200000109 80000221200000003 0.0485236299818 -284.071 365.766 39.0677
11.6889 80000221200000004 80000221200000002 80000221200000109 80000221200000001 0.0239744283828 -300.279 347.89 29.7809
11.6936 80000221200000002 80000221200000000 80000221200000109 -1 2.22044604925e-16 -302.983 315.251 27.4766
9.06939 80000221200000117 80000221200000116 80000221200000122 80000221200000115 9.84138043947 2.88388 -1.4869 -12.1471
9.17946 80000221200000116 80000221200000114 80000221200000122 80000221200000113 9.00233985416 -0.597809 -5.79598 -12.1188
9.17946 80000221200000114 80000221200000113 80000221200000122 80000221200000112 8.9079991856 -0.816033 -5.43116 -10.9252
9.36199 80000221200000168 80000221200000167 80000221200000176 80000221200000166 7.23627606617 23.3222 -2.66997 -19.2132
9.45261 80000221200000167 80000221200000165 80000221200000176 80000221200000164 6.85511726265 22.3127 -9.73364 -32.7995
9.04062 80000221200000178 80000221200000177 80000221200000182 80000221200000167 7.59510714987 -12.5077 11.1571 -14.7557
9.0066 80000221200000191 80000221200000190 80000221200000202 80000221200000086 5.52976580795 -3.17116 1.21456 5.39896
9.07216 80000221200000231 80000221200000230 80000221200000240 80000221200000229 7.59510714987 1.20337 4.24426 2.65912
9.08845 80000221200000230 80000221200000229 80000221200000240 80000221200000228 7.23627606617 2.3829 2.31145 0.884352
9.10671 80000221200000229 80000221200000228 80000221200000240 80000221200000227 7.00541704554 2.77062 0.924347 0.743339
9.18162 80000221200000228 80000221200000226 80000221200000240 80000221200000225 6.49159774567 2.39255 7.2934 0.112441
9.23037 80000221200000226 80000221200000225 80000221200000240 80000221200000224 6.14490120342 3.99749 14.789 5.16148
9.26187 80000221200000225 80000221200000224 80000221200000240 80000221200000223 6.01075739884 7.04623 11.7362 4.16864
9.3044 80000221200000224 80000221200000223 80000221200000240 80000221200000222 5.84661374788 8.36882 14.7746 7.25307
9.43015 80000221200000223 80000221200000222 80000221200000240 80000221200000221 5.52976580795 13.8326 16.7293 14.8269
9.01614 80000221200000264 80000221200000263 80000221200000269 80000221200000262 7.59510714987 -0.0160315 -2.53457 -4.78891
9.2087 80000221200000263 80000221200000261 80000221200000269 80000221200000260 7.00541704554 0.0103854 -1.51022 -10.0386
9.22457 80000221200000261 80000221200000260 80000221200000269 80000221200000259 6.85511726265 -0.454891 -0.198483 -11.8927
9.24175 80000221200000260 80000221200000258 80000221200000269 80000221200000257 6.14490120342 0.700051 4.25654 -10.4229
9.24918 80000221200000258 80000221200000256 80000221200000269 80000221200000255 5.84661374788 -1.89698 5.61885 -9.77847
9.04358 80000221200000431 80000221200000430 80000221200000433 80000221200000429 10.3674435724 4.29795 1.53758 4.08101
9.10157 80000221200000430 80000221200000429 80000221200000433 80000221200000428 9.99659046619 4.01145 -0.253917 -3.96424
9.13634 80000221200000429 80000221200000428 80000221200000433 80000221200000427 9.84138043947 2.26546 2.11639 -2.31645
9.2087 80000221200000428 80000221200000427 80000221200000433 80000221200000426 9.38877127194 6.05444 -0.51691 -2.83978
9.21671 80000221200000427 80000221200000426 80000221200000433 80000221200000425 9.00233985416 2.20541 -0.799825 -3.80153
9.22262 80000221200000426 80000221200000425 80000221200000433 80000221200000424 8.9079991856 4.58283 -1.09441 -1.27737
9.37869 80000221200000425 80000221200000424 80000221200000433 80000221200000423 8.44947629437 3.25635 3.24323 5.47036
9.66372 80000221200000424 80000221200000423 80000221200000433 80000221200000422 8.01217294887 6.34701 2.30211 7.26389
9.78152 80000221200000423 80000221200000422 80000221200000433 80000221200000421 7.59510714987 1.68129 3.4881 10.6227
9.80209 80000221200000422 80000221200000421 80000221200000433 80000221200000420 7.23627606617 3.52836 2.28925 9.75671
9.90157 80000221200000421 80000221200000420 80000221200000433 80000221200000419 7.00541704554 -17.8435 -6.25086 6.34845
9.92354 80000221200000420 80000221200000419 80000221200000433 80000221200000418 6.85511726265 -20.6048 -6.32328 7.87565
10.031 80000221200000419 80000221200000418 80000221200000433 80000221200000417 6.49159774567 -28.4412 -16.7101 14.3594
10.0595 80000221200000418 80000221200000417 80000221200000433 80000221200000416 6.14490120342 -29.3021 -13.1301 11.2512
10.0793 80000221200000417 80000221200000416 80000221200000433 80000221200000415 6.01075739884 -29.4407 -14.2207 14.5185
9.06096 80000221200000441 80000221200000440 80000221200000444 80000221200000439 9.00233985416 -0.340861 -0.338415 -4.77395
9.07216 80000221200000440 80000221200000439 80000221200000444 80000221200000438 8.9079991856 0.190827 -0.996645 -4.17211
9.02548 80000221200000529 80000221200000528 80000221200000541 80000221200000527 4.93938066349 8.15119 -3.87673 -0.103788
9.03763 80000221200000528 80000221200000527 80000221200000541 80000221200000526 4.66451770247 6.48046 -5.53575 -2.33988
9.03763 80000221200000527 80000221200000526 80000221200000541 80000221200000525 4.42803373661 3.45263 -7.61271 -1.7173
9.05235 80000221200000612 80000221200000611 80000221200000617 80000221200000610 6.14490120342 -7.05771 -2.99578 19.9425
9.05524 80000221200000611 80000221200000608 80000221200000617 80000221200000607 5.52976580795 -2.72229 -1.94051 8.08653
9.14108 80000221200000608 80000221200000607 80000221200000617 80000221200000606 5.22758097313 -5.46732 3.69604 16.5045
9.15502 80000221200000607 80000221200000605 80000221200000617 80000221200000604 4.93938066349 -5.38225 -6.8262 16.1466
9.04062 80000221200000661 80000221200000660 80000221200000668 80000221200000659 9.00233985416 1.25499 3.23442 -3.10649
9.13394 80000221200000660 80000221200000658 80000221200000668 80000221200000657 8.44947629437 1.4607 0.152828 -3.52939
9.19433 80000221200000658 80000221200000657 80000221200000668 80000221200000656 8.01217294887 1.08833 0.40203 -2.88796
9.25284 80000221200000657 80000221200000656 80000221200000668 80000221200000655 7.59510714987 1.17938 1.22204 -2.20486
9.31401 80000221200000656 80000221200000655 80000221200000668 80000221200000654 7.23627606617 1.22432 1.6688 -3.16166
9.33566 80000221200000655 80000221200000654 80000221200000668 80000221200000653 7.00541704554 -0.753977 -3.88375 -8.59222
9.33566 80000221200000654 80000221200000653 80000221200000668 80000221200000652 6.85511726265 -1.24827 -0.913413 -4.86496
9.41909 80000221200000653 80000221200000652 80000221200000668 80000221200000651 6.49159774567 -0.414602 -5.59163 -5.20292
9.5256 80000221200000652 80000221200000651 80000221200000668 80000221200000650 6.14490120342 -11.4053 -3.22479 -12.4544
9.57175 80000221200000651 80000221200000650 80000221200000668 80000221200000649 6.01075739884 -11.7331 1.93696 -6.74762
9.59642 80000221200000650 80000221200000648 80000221200000668 80000221200000647 5.52976580795 -7.40757 4.72051 -1.37721
9.93049 80000221200000648 80000221200000647 80000221200000668 80000221200000646 5.22758097313 33.0444 18.0538 3.16374
10.0364 80000221200000647 80000221200000646 80000221200000668 80000221200000645 4.99593346816 41.7923 16.7508 -1.28974
10.0831 80000221200000646 80000221200000645 80000221200000668 80000221200000644 4.93938066349 32.8071 25.9522 -2.37049
10.1173 80000221200000645 80000221200000643 80000221200000668 80000221200000642 4.42803373661 34.5427 41.7593 -15.5511
9.01928 80000221200000706 80000221200000705 80000221200000712 80000221200000704 7.00541704554 -5.5276 -2.42889 6.47072
9.22066 80000221200000705 80000221200000703 80000221200000712 80000221200000702 6.49159774567 -15.1173 -7.52138 7.47384
9.27766 80000221200000703 80000221200000702 80000221200000712 80000221200000701 6.14490120342 -12.3919 -6.82933 7.94962
9.29124 80000221200000702 80000221200000700 80000221200000712 80000221200000699 5.84661374788 -12.0916 -3.45703 5.59614
9.31243 80000221200000700 80000221200000699 80000221200000712 80000221200000698 5.52976580795 -12.7075 -3.33622 4.66497
10.0322 80000221200000699 80000221200000696 80000221200000712 80000221200000643 4.66451770247 35.9774 36.1122 -2.76551
9.07216 80000221200000722 80000221200000721 80000221200000726 80000221200000720 6.85511726265 -5.38741 -2.39793 -2.34879
9.14578 80000221200000721 80000221200000720 80000221200000726 80000221200000719 6.49159774567 0.994975 -0.549624 -2.88363
9.21671 80000221200000720 80000221200000719 80000221200000726 80000221200000718 6.14490120342 -3.47453 2.31025 -6.18327
9.2929 80000221200000719 80000221200000717 80000221200000726 80000221200000716 5.84661374788 -22.9175 -8.2816 -0.323086
9.06378 80000221200000823 80000221200000822 80000221200000835 80000221200000821 4.00794511147 -5.72792 -14.6517 0.438843
9.07492 80000221200000867 80000221200000866 80000221200000871 80000221200000865 6.85511726265 -5.69089 -5.60994 8.34222
9.13394 80000221200000866 80000221200000860 80000221200000871 80000221200000859 5.22758097313 -2.93089 -1.76435 3.36903
9.16852 80000221200000860 80000221200000857 80000221200000871 80000221200000856 4.66451770247 -1.44549 -1.6558 7.38328
9.17293 80000221200000857 80000221200000856 80000221200000871 80000221200000855 4.42803373661 -3.26035 -2.18542 8.1723
9.00337 80000221200000953 80000221200000952 80000221200000967 80000221200000951 4.42803373661 2.20828 -4.42356 -6.26293
9.05811 80000221200000952 80000221200000951 80000221200000967 80000221200000950 4.17683491473 3.11968 -4.69901 -3.15479
9.09375 80000221200000951 80000221200000950 80000221200000967 80000221200000949 4.00794511147 2.53771 -7.99915 -1.55491
9.10415 80000221200000950 80000221200000949 80000221200000967 80000221200000948 3.93726108473 3.71575 -7.34926 -1.34785
9.12912 80000221200000949 80000221200000948 80000221200000967 80000221200000947 3.70877426464 5.85487 -6.09859 -7.67685
9.0316 80000221200001035 80000221200001034 80000221200001048 80000221200001033 6.49159774567 2.46183 -3.0654 0.0701813
9.04653 80000221200001034 80000221200001030 80000221200001048 80000221200001029 5.52976580795 4.33388 -0.331554 -2.32339
9.09375 80000221200001030 80000221200001029 80000221200001048 80000221200001028 5.22758097313 1.41072 -0.947463 1.67213
9.12424 80000221200001029 80000221200001028 80000221200001048 80000221200001027 4.99593346816 -1.10942 -1.61554 3.3956
9.14811 80000221200001028 80000221200001026 80000221200001048 80000221200001025 4.66451770247 -2.65483 0.945813 4.43076
9.18589 80000221200001026 80000221200001025 80000221200001048 80000221200001024 4.42803373661 1.00665 -2.87234 2.28602
9.19641 80000221200001025 80000221200001024 80000221200001048 80000221200001023 4.17683491473 -6.75793 2.51269 1.20351
9.2087 80000221200001024 80000221200001023 80000221200001048 80000221200001022 4.00794511147 -4.7897 0.805924 -0.430138
9.21671 80000221200001023 80000221200001022 80000221200001048 80000221200001021 3.93726108473 -3.0766 0.559571 -1.80983
9.27938 80000221200001022 80000221200001021 80000221200001048 80000221200001020 3.70877426464 -5.36944 -5.50843 0.557478
9.32958 80000221200001021 80000221200001020 80000221200001048 80000221200001019 3.49086136926 -13.3955 -1.46283 1.06242
9.62754 80000221200001020 80000221200001019 80000221200001048 80000221200001018 3.28303305796 -65.604 13.3491 -25.1535
9.67284 80000221200001019 80000221200001018 80000221200001048 80000221200001017 3.08482263583 -58.4862 41.2202 -24.4066
9.67904 80000221200001018 80000221200001016 80000221200001048 80000221200001015 2.89578500573 -49.8915 42.9124 -12.6023
9.93621 80000221200001016 80000221200001008 80000221200001048 80000221200000064 1.90408954353 -9.44154 80.2474 1.71286
9.0098 80000221200001117 80000221200001116 80000221200001132 80000221200001115 4.17683491473 -0.53311 1.6243 -3.59914
9.02855 80000221200001116 80000221200001115 80000221200001132 80000221200001114 4.00794511147 0.491554 2.8149 -5.0462
9.03763 80000221200001115 80000221200001111 80000221200001132 80000221200001110 3.28303305796 -1.88127 5.88652 -15.2203
9.05235 80000221200001426 80000221200001425 80000221200001446 80000221200001424 1.90408954353 5.28321 4.36026 6.63366
9.02855 80000221200001505 80000221200001504 80000221200001512 80000221200001503 4.66451770247 5.43632 -10.5733 -5.91577
9.07216 80000221200001504 80000221200001503 80000221200001512 80000221200001502 4.42803373661 7.51231 -12.7545 -6.74928
9.09111 80000221200001503 80000221200001502 80000221200001512 80000221200001501 4.17683491473 6.70192 -10.4267 -7.86953
9.09375 80000221200001502 80000221200001501 80000221200001512 80000221200001500 4.00794511147 5.04986 -9.50013 -5.01455
9.14578 80000221200001501 80000221200001499 80000221200001512 80000221200001498 3.70877426464 3.6948 -9.5572 -6.2645
9.1573 80000221200001499 80000221200001498 80000221200001512 80000221200001497 3.49086136926 3.50953 -7.67013 -3.70036
9.16182 80000221200001498 80000221200001495 80000221200001512 80000221200001494 3.00813107163 9.54138 -8.21067 -1.12484
9.1663 80000221200001495 80000221200001494 80000221200001512 80000221200001493 2.89578500573 8.91555 -10.2233 -0.931516
9.06378 80000221200001566 80000221200001565 80000221200001571 80000221200001564 6.85511726265 -3.79885 1.9038 0.404634
9.12424 80000221200001565 80000221200001564 80000221200001571 80000221200001563 6.49159774567 0.176786 4.08691 -0.805752
9.1663 80000221200001564 80000221200001563 80000221200001571 80000221200001562 6.14490120342 0.0168817 0.495615 -2.5721
9.18162 80000221200001563 80000221200001562 80000221200001571 80000221200001561 6.01075739884 0.117542 2.03004 -1.56984
9.21671 80000221200001562 80000221200001561 80000221200001571 80000221200001560 5.84661374788 2.60109 7.1159 -1.15431
9.33415 80000221200001561 80000221200001559 80000221200001571 80000221200001558 5.22758097313 -1.51174 3.78347 -9.14794
9.33415 80000221200001559 80000221200001556 80000221200001571 80000221200001555 4.66451770247 -0.179244 11.1253 -2.8674
9.44564 80000221200001556 80000221200001554 80000221200001571 80000221200001553 4.17683491473 2.41907 9.86203 -2.13764
9.44564 80000221200001554 80000221200001552 80000221200001571 80000221200001551 3.93726108473 4.76106 9.29349 -2.04439
9.5956 80000221200001552 80000221200001551 80000221200001571 80000221200001550 3.70877426464 -13.9803 -17.945 -13.7963
9.67629 80000221200001551 80000221200001550 80000221200001571 80000221200001549 3.49086136926 -14.8148 -3.60231 -5.04109
9.88571 80000221200001550 80000221200001548 80000221200001571 80000221200001547 3.08482263583 4.00381 -14.3461 0.0229525
9.9212 80000221200001548 80000221200001547 80000221200001571 80000221200001546 3.00813107163 16.6413 0.632814 -8.76226
10.0541 80000221200001547 80000221200001546 80000221200001571 80000221200001545 2.89578500573 18.75 34.6601 0.886224
10.1855 80000221200001546 80000221200001545 80000221200001571 80000221200001544 2.73314261732 30.8016 13.3763 -6.31891
10.2947 80000221200001545 80000221200001544 80000221200001571 80000221200001543 2.5772902716 57.4633 37.0093 -12.111
10.3614 80000221200001544 80000221200001542 80000221200001571 80000221200001541 2.31611074396 62.9306 54.7332 2.7305
9.01614 80000221200001612 80000221200001611 80000221200001628 80000221200001610 3.28303305796 7.92085 -6.95146 -7.51901
9.08845 80000221200001611 80000221200001610 80000221200001628 80000221200001609 3.08482263583 10.0009 -0.840353 -7.31379
9.08845 80000221200001678 80000221200001677 80000221200001688 80000221200001676 5.22758097313 7.49165 -4.90206 -15.1048
9.10671 80000221200001677 80000221200001676 80000221200001688 80000221200001675 4.99593346816 -14.237 -0.0665451 -5.67684
9.33866 80000221200001676 80000221200001672 80000221200001688 80000221200001671 4.17683491473 -3.84838 -0.214127 -12.8168
9.34756 80000221200001672 80000221200001671 80000221200001688 80000221200001670 4.00794511147 2.86576 -4.16118 -17.0345
9.38005 80000221200001671 80000221200001670 80000221200001688 80000221200001669 3.93726108473 -0.566151 -5.93175 -15.1842
9.03763 80000221200001692 80000221200001691 80000221200001704 80000221200001690 4.93938066349 6.37587 -1.18291 -21.3609
9.23229 80000221200001691 80000221200001689 80000221200001704 80000221200001672 4.42803373661 -0.325576 -4.77079 -15.63
9.10671 80000221200001730 80000221200001729 80000221200001738 80000221200001728 6.14490120342 1.93686 -10.5573 5.45522
9.21869 80000221200001729 80000221200001727 80000221200001738 80000221200001726 5.84661374788 2.87897 -7.11817 9.42646
9.2811 80000221200001727 80000221200001725 80000221200001738 80000221200001724 5.22758097313 0.233065 -4.81432 5.38312
9.2811 80000221200001725 80000221200001724 80000221200001738 80000221200001723 4.99593346816 0.0680944 -7.85907 3.86844
9.2862 80000221200001724 80000221200001723 80000221200001738 80000221200001722 4.93938066349 0.0376655 -6.28148 6.38111
9.32958 80000221200001723 80000221200001722 80000221200001738 80000221200001721 4.66451770247 0.196478 -5.48382 3.94747
9.37732 80000221200001722 80000221200001721 80000221200001738 80000221200001720 4.42803373661 1.45126 -9.89198 7.44365
9.4026 80000221200001721 80000221200001720 80000221200001738 80000221200001719 4.17683491473 1.41926 -6.76605 9.91868
9.40518 80000221200001720 80000221200001718 80000221200001738 80000221200001717 3.93726108473 -0.0323412 -9.83718 6.55386
9.41784 80000221200001718 80000221200001716 80000221200001738 80000221200001715 3.49086136926 -1.56652 -5.47656 8.78897
9.45145 80000221200001716 80000221200001715 80000221200001738 80000221200001714 3.28303305796 0.897506 -8.99583 19.5319
9.11431 80000221200001785 80000221200001784 80000221200001793 80000221200001783 4.17683491473 -5.16666 7.36776 -0.388193
9.15502 80000221200001784 80000221200001783 80000221200001793 80000221200001782 4.00794511147 -2.95073 9.58008 2.46259
9.22651 80000221200001783 80000221200001782 80000221200001793 80000221200001781 3.93726108473 -2.55104 0.1434 1.24403
9.24362 80000221200001782 80000221200001780 80000221200001793 80000221200001779 3.49086136926 -4.01527 3.18354 -1.35062
9.2929 80000221200001780 80000221200001779 80000221200001793 80000221200001778 3.28303305796 -5.01227 2.99461 -2.83103
9.01614 80000221200001850 80000221200001849 80000221200001859 80000221200001848 4.99593346816 0.97364 -1.54193 2.70869
9.06378 80000221200001849 80000221200001847 80000221200001859 80000221200001846 4.66451770247 6.16701 -1.05759 4.08975
9.11179 80000221200001847 80000221200001846 80000221200001859 80000221200001845 4.42803373661 -0.10782 -1.2421 -0.641756
9.35914 80000221200001846 80000221200001845 80000221200001859 80000221200001844 4.17683491473 4.43046 -11.793 -13.8477
9.44914 80000221200001845 80000221200001844 80000221200001859 80000221200001843 4.00794511147 0.931622 -12.7312 -14.8629
9.45833 80000221200001844 80000221200001843 80000221200001859 80000221200001842 3.93726108473 3.66227 -12.3489 -15.5047
9.49326 80000221200001843 80000221200001842 80000221200001859 80000221200001841 3.70877426464 3.38797 -10.4658 -15.4211
9.49848 80000221200001842 80000221200001841 80000221200001859 80000221200001840 3.49086136926 0.447665 -8.09225 -15.2491
9.5256 80000221200001841 80000221200001840 80000221200001859 80000221200001839 3.28303305796 -6.96289 -1.8881 -8.56177
9.54185 80000221200001840 80000221200001830 80000221200001859 80000221200001829 2.00202813925 -0.0916979 1.69601 -7.15073
9.01614 80000221200001864 80000221200001863 80000221200001880 80000221200001862 4.66451770247 5.97888 -3.92406 3.89697
9.0098 80000221200001913 80000221200001912 80000221200001928 80000221200001911 4.00794511147 -0.688698 10.3396 -1.03139
9.07216 80000221200001912 80000221200001911 80000221200001928 80000221200001910 3.93726108473 -0.560453 9.97311 -3.28659
9.14344 80000221200001911 80000221200001909 80000221200001928 80000221200001908 3.49086136926 -1.75598 11.7018 1.90058
9.70621 80000221200001909 80000221200001904 80000221200001928 80000221200001903 2.73314261732 -82.0886 31.0389 -6.54669
9.72752 80000221200001904 80000221200001902 80000221200001928 80000221200001901 2.44422570455 -86.5288 39.4589 -11.1333
9.02239 80000221200001979 80000221200001978 80000221200001984 80000221200001977 7.23627606617 4.32893 -1.09638 4.66115
9.14811 80000221200001978 80000221200001975 80000221200001984 80000221200001974 6.49159774567 1.56125 -1.88476 2.37391
9.16852 80000221200001975 80000221200001974 80000221200001984 80000221200001973 6.14490120342 0.737826 -0.205339 2.31556
9.28956 80000221200001974 80000221200001973 80000221200001984 80000221200001972 6.01075739884 -9.49919 -8.06326 15.4191
9.44564 80000221200001973 80000221200001971 80000221200001984 80000221200001970 5.52976580795 -12.6852 1.84317 17.4807
9.45145 80000221200001971 80000221200001969 80000221200001984 80000221200001968 4.99593346816 -5.77762 -2.9185 6.02913
9.46955 80000221200001969 80000221200001968 80000221200001984 80000221200001967 4.93938066349 -4.40339 -2.64966 7.43064
9.51074 80000221200001968 80000221200001967 80000221200001984 80000221200001966 4.66451770247 -6.56846 -5.18387 13.4899
9.53808 80000221200001967 80000221200001966 80000221200001984 80000221200001965 4.42803373661 -5.60224 -2.31144 12.058
9.58891 80000221200001966 80000221200001965 80000221200001984 80000221200001964 4.17683491473 -6.34619 -0.96489 15.9753
9.59394 80000221200001965 80000221200001964 80000221200001984 80000221200001963 4.00794511147 -6.56986 1.64455 21.996
9.59725 80000221200001964 80000221200001963 80000221200001984 80000221200001962 3.93726108473 -7.24253 1.64653 19.4064
9.65514 80000221200001963 80000221200001961 80000221200001984 80000221200001960 3.49086136926 -29.8007 -12.7184 34.3187
9.69051 80000221200001961 80000221200001960 80000221200001984 80000221200001959 3.28303305796 -15.0692 12.3505 16.1045
9.76049 80000221200001960 80000221200001959 80000221200001984 80000221200001958 3.08482263583 8.60108 26.2369 -15.6567
9.80106 80000221200001959 80000221200001958 80000221200001984 80000221200001957 3.00813107163 -2.14649 23.2608 -8.65087
9.80415 80000221200001958 80000221200001957 80000221200001984 80000221200001956 2.89578500573 -10.102 15.9738 -0.000470851
9.85763 80000221200001957 80000221200001956 80000221200001984 80000221200001955 2.73314261732 -0.24845 24.4839 -19.8476
9.87234 80000221200001956 80000221200001955 80000221200001984 80000221200001954 2.5772902716 -0.247778 24.5965 -12.3835
9.99618 80000221200001955 80000221200001953 80000221200001984 80000221200001952 2.31611074396 -31.53 55.9123 -10.1218
10.0713 80000221200001953 80000221200001952 80000221200001984 80000221200001951 2.20792547238 -37.5551 93.4315 -3.1791
9.05235 80000221200002087 80000221200002086 80000221200002105 80000221200002085 4.17683491473 -1.97645 2.87758 7.52419
9.10157 80000221200002086 80000221200002085 80000221200002105 80000221200002084 4.00794511147 -0.115458 4.90004 4.79081
9.10415 80000221200002085 80000221200002084 80000221200002105 80000221200002083 3.93726108473 -0.0457499 4.64545 5.63941
9.14344 80000221200002084 80000221200002083 80000221200002105 80000221200002082 3.70877426464 -1.75763 8.94785 8.77875
9.18162 80000221200002083 80000221200002082 80000221200002105 80000221200002081 3.49086136926 -0.795231 7.91721 10.7342
9.2026 80000221200002082 80000221200002081 80000221200002105 80000221200002080 3.28303305796 1.75333 4.61432 10.9718
9.30115 80000221200002081 80000221200002080 80000221200002105 80000221200002079 3.08482263583 5.2888 4.52619 19.7758
9.35048 80000221200002080 80000221200002079 80000221200002105 80000221200002078 3.00813107163 4.53179 2.67381 19.7515
9.43257 80000221200002079 80000221200002077 80000221200002105 80000221200002076 2.73314261732 16.1943 -1.65164 17.713
9.0098 80000221200002230 80000221200002229 80000221200002243 80000221200002228 4.99593346816 7.48926 10.8371 13.2872
9.11681 80000221200002229 80000221200002227 80000221200002243 80000221200002226 4.66451770247 6.33527 11.8404 14.6314
9.15042 80000221200002227 80000221200002226 80000221200002243 80000221200002225 4.42803373661 6.03331 11.7145 13.8189
9.21272 80000221200002226 80000221200002224 80000221200002243 80000221200002223 4.00794511147 4.42065 10.9484 13.5025
9.22845 80000221200002224 80000221200002222 80000221200002243 80000221200002221 3.70877426464 5.45937 8.57326 14.7152
9.25284 80000221200002222 80000221200002221 80000221200002243 80000221200002220 3.49086136926 8.7581 11.0208 10.5978
9.2742 80000221200002221 80000221200002220 80000221200002243 80000221200002219 3.28303305796 5.98231 7.95321 13.1117
9.29457 80000221200002220 80000221200002218 80000221200002243 80000221200002217 3.00813107163 8.65536 11.2284 12.013
9.30278 80000221200002218 80000221200002217 80000221200002243 80000221200002216 2.89578500573 6.93973 9.90983 13.5183
9.32187 80000221200002217 80000221200002215 80000221200002243 80000221200002214 2.5772902716 6.40596 10.9578 8.19715
9.05524 80000221200002326 80000221200002325 80000221200002341 80000221200002324 4.66451770247 -0.475783 -1.49338 7.22484
9.08038 80000221200002325 80000221200002324 80000221200002341 80000221200002323 4.42803373661 -3.88597 -5.25345 8.83976
9.10926 80000221200002324 80000221200002323 80000221200002341 80000221200002322 4.17683491473 -5.03011 -5.51784 10.5959
9.14108 80000221200002323 80000221200002322 80000221200002341 80000221200002321 4.00794511147 -5.34024 -7.331 11.8216
9.26008 80000221200002322 80000221200002321 80000221200002341 80000221200002320 3.93726108473 -1.01802 -16.9424 6.55241
9.43617 80000221200002321 80000221200002320 80000221200002341 80000221200002319 3.70877426464 9.01377 -10.2705 12.0445
9.57087 80000221200002320 80000221200002319 80000221200002341 80000221200002318 3.49086136926 1.56984 -15.7747 24.9921
9.6756 80000221200002319 80000221200002318 80000221200002341 80000221200002317 3.28303305796 -3.05034 -14.1383 13.4959
9.7455 80000221200002318 80000221200002317 80000221200002341 80000221200002316 3.08482263583 6.34705 -18.3511 4.93226
9.85353 80000221200002317 80000221200002313 80000221200002341 80000221200002312 2.5772902716 15.4098 -11.2473 48.1851
9.85853 80000221200002313 80000221200002312 80000221200002341 80000221200002311 2.44422570455 14.6315 -0.684031 45.423
9.89787 80000221200002312 80000221200002311 80000221200002341 80000221200002310 2.31611074396 16.7427 9.12183 44.3717
9.9278 80000221200002311 80000221200002310 80000221200002341 80000221200002309 2.20792547238 8.9187 -5.22116 44.6549
9.95977 80000221200002310 80000221200002309 80000221200002341 80000221200002308 2.1032696526 0.454524 1.66588 41.19
9.97938 80000221200002309 80000221200002308 80000221200002341 80000221200002307 2.00202813925 -13.1768 8.99716 37.3638
9.0316 80000221200002356 80000221200002355 80000221200002370 80000221200002354 4.93938066349 -1.81189 -4.45304 7.67629
9.04653 80000221200002355 80000221200002354 80000221200002370 80000221200002353 4.66451770247 -3.79534 -2.48358 -0.771013
9.07766 80000221200002354 80000221200002353 80000221200002370 80000221200002352 4.42803373661 -2.28793 -2.46093 1.23377
9.22262 80000221200002353 80000221200002351 80000221200002370 80000221200002350 4.00794511147 -14.4431 20.1636 5.47412
9.67353 80000221200002351 80000221200002345 80000221200002370 80000221200002344 2.89578500573 23.0688 -18.2894 4.65462
9.00337 80000221200002387 80000221200002386 80000221200002395 80000221200002385 4.00794511147 9.92183 -3.08636 13.5909
9.02855 80000221200002386 80000221200002385 80000221200002395 80000221200002384 3.93726108473 7.53251 -9.19189 11.4651
9.06939 80000221200002385 80000221200002384 80000221200002395 80000221200002383 3.70877426464 3.88135 -8.27824 7.46539
9.10157 80000221200002384 80000221200002383 80000221200002395 80000221200002382 3.49086136926 4.52485 -5.22526 8.34737
9.13634 80000221200002383 80000221200002382 80000221200002395 80000221200002381 3.28303305796 7.10306 -3.51986 7.12321
9.20055 80000221200002382 80000221200002381 80000221200002395 80000221200002380 3.08482263583 5.87645 0.164195 10.3728
9.03463 80000221200002449 80000221200002448 80000221200002456 80000221200002447 5.22758097313 4.27294 1.62211 -0.437797
9.14108 80000221200002448 80000221200002447 80000221200002456 80000221200002446 4.99593346816 3.88877 6.03277 -3.89574
9.14344 80000221200002447 80000221200002446 80000221200002456 80000221200002445 4.93938066349 4.83577 6.10209 -3.52606
9.25101 80000221200002446 80000221200002444 80000221200002456 80000221200002443 4.42803373661 -3.5959 8.74378 -11.9322
9.27766 80000221200002444 80000221200002443 80000221200002456 80000221200002442 4.17683491473 -4.14634 10.1109 -12.8682
9.2862 80000221200002443 80000221200002442 80000221200002456 80000221200002441 4.00794511147 -3.20271 7.6856 -11.5228
9.29124 80000221200002442 80000221200002441 80000221200002456 80000221200002440 3.93726108473 -3.95201 10.8994 -10.5502
9.34609 80000221200002441 80000221200002440 80000221200002456 80000221200002439 3.70877426464 -3.4247 4.40755 -8.13981
9.38005 80000221200002440 80000221200002439 80000221200002456 80000221200002438 3.49086136926 -5.45956 7.37191 -8.63593
9.39081 80000221200002439 80000221200002438 80000221200002456 80000221200002437 3.28303305796 -3.56919 12.2387 -9.63961
9.39346 80000221200002438 80000221200002437 80000221200002456 80000221200002436 3.08482263583 -0.518491 12.4715 -10.6143
9.41156 80000221200002437 80000221200002436 80000221200002456 80000221200002435 3.00813107163 0.470631 13.6833 -9.21186
9.0066 80000221200002670 80000221200002669 80000221200002676 80000221200002668 4.17683491473 2.63222 -3.07384 14.6363
9.02548 80000221200002669 80000221200002668 80000221200002676 80000221200002667 4.00794511147 0.861927 -5.95084 15.8091
9.02855 80000221200002668 80000221200002666 80000221200002676 80000221200002665 3.70877426464 -1.30497 -7.87451 8.08637
9.06378 80000221200002666 80000221200002655 80000221200002676 80000221200002654 2.1032696526 -17.32 -2.8527 -3.70537
9.08038 80000221200002655 80000221200002654 80000221200002676 80000221200002653 2.00202813925 -18.163 -1.50881 -0.771716
9.11431 80000221200002654 80000221200002652 80000221200002676 80000221200002651 1.82268925262 -12.428 0.601602 -0.706143
9.11431 80000221200002652 80000221200002651 80000221200002676 80000221200002650 1.74357057433 -16.5861 -3.31985 -1.75364
9.12668 80000221200002651 80000221200002648 80000221200002676 80000221200002647 1.53123902916 -17.8231 9.67943 -2.4049
9.00012 80000221200002726 80000221200002725 80000221200002759 80000221200002724 1.30237845991 -15.5833 -1.97504 -0.209301
9.01928 80000221200002725 80000221200002721 80000221200002759 80000221200002720 1.11415056377 -7.69218 -8.04781 -1.61631
9.01928 80000221200002721 80000221200002720 80000221200002759 80000221200002719 1.07445789455 -10.718 -7.55444 2.02418
