logMh | fpID | subhaloID | main leaf ID | descID |  z
9.05235 80000042200000104 80000042200000103 80000042200000108 80000042200000102 9.99659046619 5.85423 -1.8624 -10.7154
9.32805 80000042200000103 80000042200000101 80000042200000108 80000042200000100 9.38877127194 4.73595 -8.08676 -2.4833
9.37042 80000042200000101 80000042200000100 80000042200000108 80000042200000099 9.00233985416 6.57667 -3.82608 3.21216
9.54744 80000042200000100 80000042200000098 80000042200000108 80000042200000097 8.44947629437 -3.0853 0.439623 5.71642
9.54928 80000042200000098 80000042200000097 80000042200000108 80000042200000096 8.01217294887 0.540834 -4.88586 15.5016
9.59725 80000042200000097 80000042200000096 80000042200000108 80000042200000095 7.59510714987 2.96794 1.32632 14.5263
9.66866 80000042200000096 80000042200000095 80000042200000108 80000042200000094 7.23627606617 5.01548 -3.43193 28.025
9.67491 80000042200000095 80000042200000094 80000042200000108 80000042200000093 7.00541704554 5.51752 -3.88944 27.4928
9.69647 80000042200000094 80000042200000093 80000042200000108 80000042200000092 6.85511726265 -2.38234 -2.67933 27.5699
9.8067 80000042200000093 80000042200000092 80000042200000108 80000042200000091 6.49159774567 -13.0212 6.89219 8.56867
9.93202 80000042200000092 80000042200000091 80000042200000108 80000042200000090 6.14490120342 -3.96152 6.73245 16.4585
9.94296 80000042200000091 80000042200000090 80000042200000108 80000042200000089 6.01075739884 -25.7227 5.33415 10.9582
9.97352 80000042200000090 80000042200000089 80000042200000108 80000042200000088 5.84661374788 -5.44582 4.31077 15.1264
10.1294 80000042200000089 80000042200000088 80000042200000108 80000042200000087 5.52976580795 -22.7407 -22.9555 12.4287
10.2321 80000042200000088 80000042200000087 80000042200000108 80000042200000086 5.22758097313 -3.3126 -9.07013 20.9254
10.3156 80000042200000087 80000042200000086 80000042200000108 80000042200000085 4.99593346816 -0.220909 -15.6524 16.536
10.3191 80000042200000086 80000042200000085 80000042200000108 80000042200000084 4.93938066349 -2.73386 -19.541 19.4184
10.3821 80000042200000085 80000042200000084 80000042200000108 80000042200000083 4.66451770247 -11.5055 -30.0835 19.845
10.4718 80000042200000084 80000042200000083 80000042200000108 80000042200000082 4.42803373661 -6.42188 -39.0474 23.3254
10.5561 80000042200000083 80000042200000082 80000042200000108 80000042200000081 4.17683491473 21.462 -38.9944 33.0316
10.5868 80000042200000082 80000042200000081 80000042200000108 80000042200000080 4.00794511147 -3.27693 -36.8801 39.5529
10.6098 80000042200000081 80000042200000080 80000042200000108 80000042200000079 3.93726108473 -5.27714 -28.8598 39.9297
10.6746 80000042200000080 80000042200000079 80000042200000108 80000042200000078 3.70877426464 -23.818 -27.9656 52.2723
10.728 80000042200000079 80000042200000078 80000042200000108 80000042200000077 3.49086136926 -19.8582 -18.6616 64.0616
10.7696 80000042200000078 80000042200000077 80000042200000108 80000042200000076 3.28303305796 -15.1131 -24.7134 55.1826
10.809 80000042200000077 80000042200000076 80000042200000108 80000042200000075 3.08482263583 -19.4733 -94.9444 111.334
10.823 80000042200000076 80000042200000075 80000042200000108 80000042200000074 3.00813107163 -19.9147 -100.075 141.152
10.8451 80000042200000075 80000042200000073 80000042200000108 80000042200000072 2.73314261732 -52.3815 -65.2191 115.054
10.8575 80000042200000073 80000042200000071 80000042200000108 80000042200000070 2.44422570455 -50.9365 -45.4257 120.342
10.8753 80000042200000071 80000042200000070 80000042200000108 80000042200000069 2.31611074396 -53.569 -42.0971 136.432
10.9101 80000042200000070 80000042200000069 80000042200000108 80000042200000068 2.20792547238 -46.2862 -77.0602 149.305
10.9262 80000042200000069 80000042200000068 80000042200000108 80000042200000067 2.1032696526 -66.8678 -83.0504 166.644
10.9441 80000042200000068 80000042200000067 80000042200000108 80000042200000066 2.00202813925 -57.8073 -81.4673 168.326
10.9533 80000042200000067 80000042200000065 80000042200000108 80000042200000064 1.82268925262 -51.5585 -136.008 201.859
10.9586 80000042200000065 80000042200000064 80000042200000108 80000042200000063 1.74357057433 -62.4791 -142.822 200.303
10.9892 80000042200000064 80000042200000062 80000042200000108 80000042200000061 1.60423452207 -46.793 -134.18 192.332
11.0011 80000042200000062 80000042200000061 80000042200000108 80000042200000060 1.53123902916 -49.4666 -136.134 172.041
11.0222 80000042200000061 80000042200000060 80000042200000108 80000042200000059 1.47197484527 -51.5327 -130.935 178.472
11.0399 80000042200000060 80000042200000059 80000042200000108 80000042200000058 1.41409822037 -46.068 -126.302 180.309
11.058 80000042200000059 80000042200000058 80000042200000108 80000042200000057 1.3575766674 -68.3386 -115.705 204.017
11.0692 80000042200000058 80000042200000057 80000042200000108 80000042200000056 1.30237845991 -78.2086 -111.803 207.928
11.0891 80000042200000057 80000042200000056 80000042200000108 80000042200000055 1.24847261425 -56.2113 -73.3427 220.336
11.0968 80000042200000056 80000042200000055 80000042200000108 80000042200000054 1.20625808078 -59.8004 -67.7538 236.05
11.1152 80000042200000055 80000042200000054 80000042200000108 80000042200000053 1.15460271236 -35.6114 -16.0414 278.278
11.1379 80000042200000054 80000042200000053 80000042200000108 80000042200000052 1.11415056377 -49.4771 5.49298 303.071
11.1522 80000042200000053 80000042200000052 80000042200000108 80000042200000051 1.07445789455 -39.5311 18.1928 317.94
11.1672 80000042200000052 80000042200000051 80000042200000108 80000042200000050 1.03551044566 -64.5296 14.8344 315.715
11.1775 80000042200000051 80000042200000050 80000042200000108 80000042200000049 0.997294225782 -49.2212 26.324 308.449
11.1819 80000042200000050 80000042200000049 80000042200000108 80000042200000048 0.987852810816 -32.9524 45.6645 327.699
11.1876 80000042200000049 80000042200000048 80000042200000108 80000042200000047 0.950531351585 -13.7627 65.1352 339.337
11.1985 80000042200000048 80000042200000047 80000042200000108 80000042200000046 0.923000816178 -26.2188 64.0273 333.226
11.2055 80000042200000047 80000042200000045 80000042200000108 80000042200000044 0.851470900625 -47.0536 29.9834 322.047
11.2064 80000042200000045 80000042200000044 80000042200000108 80000042200000043 0.816709979012 -51.542 -5.65782 300.476
11.225 80000042200000044 80000042200000043 80000042200000108 80000042200000042 0.791068248946 -40.0483 9.59772 301.888
11.2325 80000042200000043 80000042200000042 80000042200000108 80000042200000041 0.757441372616 -27.737 25.6385 321.861
11.2371 80000042200000042 80000042200000041 80000042200000108 80000042200000040 0.732636182022 -20.8916 39.9094 321.839
11.2475 80000042200000041 80000042200000040 80000042200000108 80000042200000039 0.700106353719 -19.3603 34.9469 334.027
11.2512 80000042200000040 80000042200000031 80000042200000108 80000042200000030 0.481832943421 42.1848 7.46022 305.019
11.2592 80000042200000031 80000042200000030 80000042200000108 80000042200000029 0.460917794181 37.3783 13.6743 302.083
11.2595 80000042200000030 80000042200000027 80000042200000108 80000042200000026 0.399926964614 60.3276 25.6716 298.869
11.2659 80000042200000027 80000042200000026 80000042200000108 80000042200000025 0.38016786726 78.9877 10.8871 283.698
11.272 80000042200000026 80000042200000025 80000042200000108 80000042200000024 0.360687657262 59.8278 28.7779 286.056
11.2727 80000042200000025 80000042200000024 80000042200000108 80000042200000023 0.347853841858 66.4167 45.9007 306.024
11.2753 80000042200000024 80000042200000023 80000042200000108 80000042200000022 0.328829724206 72.5713 58.7533 298.566
11.2815 80000042200000023 80000042200000021 80000042200000108 80000042200000020 0.291583239722 54.1735 31.0594 291.666
11.2856 80000042200000021 80000042200000020 80000042200000108 80000042200000019 0.273353346578 65.8296 24.3038 277.086
11.2885 80000042200000020 80000042200000019 80000042200000108 80000042200000018 0.261343256161 62.7313 12.6807 282.276
11.292 80000042200000019 80000042200000018 80000042200000108 80000042200000017 0.243540181555 57.859 4.8654 289.014
11.3011 80000042200000018 80000042200000017 80000042200000108 80000042200000016 0.22598838626 75.3068 -0.505503 299.737
11.3012 80000042200000017 80000042200000016 80000042200000108 80000042200000015 0.214425035514 67.5953 -16.4888 280.258
11.3012 80000042200000016 80000042200000015 80000042200000108 80000042200000014 0.197284182376 65.9524 1.08253 301.802
11.3047 80000042200000015 80000042200000014 80000042200000108 80000042200000013 0.180385261706 64.1252 8.9701 305.347
11.3082 80000042200000014 80000042200000012 80000042200000108 80000042200000011 0.152748768902 53.0952 10.4818 313.418
11.3121 80000042200000012 80000042200000011 80000042200000108 80000042200000010 0.14187620397 54.0006 4.40493 322.28
11.313 80000042200000011 80000042200000010 80000042200000108 80000042200000009 0.125759332411 55.0105 17.0431 335.853
11.3189 80000042200000010 80000042200000009 80000042200000108 80000042200000008 0.109869940459 65.5329 5.80049 340.03
11.3215 80000042200000009 80000042200000008 80000042200000108 80000042200000007 0.0994018026302 65.2595 9.31713 352.178
11.3288 80000042200000008 80000042200000007 80000042200000108 80000042200000006 0.0838844307975 70.6594 14.7081 372.527
11.3315 80000042200000007 80000042200000006 80000042200000108 80000042200000005 0.0736613846564 73.3715 7.973 384.083
11.3386 80000042200000006 80000042200000005 80000042200000108 80000042200000004 0.0585073227945 80.844 19.058 380.092
11.3404 80000042200000005 80000042200000004 80000042200000108 80000042200000003 0.0485236299818 73.4488 29.4921 391.815
11.3442 80000042200000004 80000042200000002 80000042200000108 80000042200000001 0.0239744283828 79.5518 33.4573 399.181
11.3507 80000042200000002 80000042200000001 80000042200000108 80000042200000000 0.00952166696794 85.8969 34.1658 408.127
9.37181 80000042200000116 80000042200000115 80000042200000116 80000042200000098 8.9079991856 0.737794 -7.6164 13.1087
9.01928 80000042200000143 80000042200000142 80000042200000147 80000042200000141 8.44947629437 -4.03412 1.05626 -6.81737
9.0666 80000042200000142 80000042200000141 80000042200000147 80000042200000140 8.01217294887 -5.70987 -3.6801 -4.91382
9.2026 80000042200000141 80000042200000140 80000042200000147 80000042200000139 7.59510714987 -5.63689 0.445844 -5.35734
9.24175 80000042200000140 80000042200000139 80000042200000147 80000042200000138 7.23627606617 -9.95327 -0.913828 -13.3897
9.39478 80000042200000139 80000042200000138 80000042200000147 80000042200000137 7.00541704554 -9.81609 0.719857 4.65718
9.10415 80000042200000185 80000042200000184 80000042200000192 80000042200000183 8.9079991856 -11.5927 1.0724 -3.19219
9.12912 80000042200000184 80000042200000183 80000042200000192 80000042200000182 8.44947629437 -9.95795 0.707744 -2.99586
9.12912 80000042200000183 80000042200000182 80000042200000192 80000042200000181 8.01217294887 -8.01534 -1.90706 -5.98174
9.27766 80000042200000182 80000042200000181 80000042200000192 80000042200000180 7.59510714987 -5.62949 -23.6127 -7.19626
9.3156 80000042200000181 80000042200000179 80000042200000192 80000042200000178 7.00541704554 -4.62526 -2.07944 -3.40835
9.36902 80000042200000179 80000042200000177 80000042200000192 80000042200000176 6.49159774567 -7.40863 -8.52552 -7.31678
9.37181 80000042200000177 80000042200000175 80000042200000192 80000042200000174 6.01075739884 3.65727 -7.33588 -1.78558
9.0066 80000042200000248 80000042200000247 80000042200000252 80000042200000246 9.00233985416 -2.60461 6.76726 5.7042
9.29787 80000042200000247 80000042200000244 80000042200000252 80000042200000243 8.01217294887 25.9445 -13.8392 24.6441
9.01928 80000042200000357 80000042200000356 80000042200000374 80000042200000355 4.42803373661 -6.67233 12.6062 6.04088
9.35627 80000042200000444 80000042200000443 80000042200000454 80000042200000442 7.59510714987 -0.852182 25.79 -11.7062
9.3634 80000042200000443 80000042200000439 80000042200000454 80000042200000438 6.49159774567 -0.157115 24.5035 -14.5319
9.48265 80000042200000439 80000042200000438 80000042200000454 80000042200000437 6.14490120342 -0.630649 21.59 -16.5024
9.49744 80000042200000438 80000042200000437 80000042200000454 80000042200000436 6.01075739884 -0.646158 22.3694 -14.8689
9.51375 80000042200000437 80000042200000436 80000042200000454 80000042200000435 5.84661374788 -1.278 24.0621 -16.1191
9.59477 80000042200000436 80000042200000435 80000042200000454 80000042200000434 5.52976580795 -4.4951 26.2891 -31.7158
9.60054 80000042200000435 80000042200000433 80000042200000454 80000042200000432 4.99593346816 -0.247917 16.5772 -21.4834
9.1193 80000042200000479 80000042200000478 80000042200000485 80000042200000477 3.49086136926 -34.5267 5.91208 11.8895
9.1663 80000042200000478 80000042200000477 80000042200000485 80000042200000476 3.28303305796 -30.4888 5.50341 10.5122
9.02855 80000042200000548 80000042200000547 80000042200000560 80000042200000546 2.44422570455 7.7532 -3.37113 -3.7695
9.02855 80000042200000647 80000042200000646 80000042200000654 80000042200000645 7.23627606617 -2.39973 3.06311 -2.11052
9.05524 80000042200000646 80000042200000645 80000042200000654 80000042200000644 7.00541704554 -3.33728 3.13688 -1.7401
9.05524 80000042200000645 80000042200000644 80000042200000654 80000042200000643 6.85511726265 -1.23597 2.64053 -1.74771
9.23988 80000042200000644 80000042200000643 80000042200000654 80000042200000642 6.49159774567 -10.4897 -4.09163 -0.752186
9.31243 80000042200000643 80000042200000642 80000042200000654 80000042200000641 6.14490120342 -14.4209 -9.04901 -3.8517
9.35194 80000042200000642 80000042200000641 80000042200000654 80000042200000640 6.01075739884 -12.103 -8.97569 -5.67706
9.37319 80000042200000641 80000042200000640 80000042200000654 80000042200000639 5.84661374788 -8.72734 -8.77304 -6.20452
9.39478 80000042200000640 80000042200000639 80000042200000654 80000042200000638 5.52976580795 -4.50241 -1.57144 -4.56469
9.44329 80000042200000639 80000042200000638 80000042200000654 80000042200000637 5.22758097313 -6.21292 2.54879 -4.30358
9.13154 80000042200000697 80000042200000696 80000042200000705 80000042200000695 5.52976580795 -1.3763 4.11984 4.21723
9.15956 80000042200000696 80000042200000695 80000042200000705 80000042200000694 5.22758097313 -0.00840751 2.0358 0.842239
9.58127 80000042200000695 80000042200000692 80000042200000705 80000042200000691 4.66451770247 12.0308 -5.70947 -22.2742
9.72136 80000042200000692 80000042200000691 80000042200000705 80000042200000690 4.42803373661 9.41121 7.71973 -11.2202
9.78636 80000042200000691 80000042200000690 80000042200000705 80000042200000689 4.17683491473 9.61719 16.6532 -27.7144
9.90361 80000042200000690 80000042200000689 80000042200000705 80000042200000688 4.00794511147 21.4096 4.82246 -41.1411
9.91329 80000042200000689 80000042200000688 80000042200000705 80000042200000687 3.93726108473 22.939 5.72643 -41.487
9.94482 80000042200000688 80000042200000687 80000042200000705 80000042200000686 3.70877426464 24.7105 15.3067 -39.5316
9.09898 80000042200000727 80000042200000726 80000042200000740 80000042200000725 5.84661374788 8.27435 3.90275 -12.9677
9.1663 80000042200000726 80000042200000723 80000042200000740 80000042200000722 4.99593346816 7.9295 1.04697 -11.9726
9.20055 80000042200000723 80000042200000722 80000042200000740 80000042200000721 4.93938066349 7.86677 3.88643 -13.744
9.0066 80000042200000966 80000042200000965 80000042200000968 80000042200000964 3.93726108473 -5.95509 3.21015 -12.5877
9.08845 80000042200000965 80000042200000963 80000042200000968 80000042200000962 3.49086136926 0.976622 1.69503 -13.4068
9.12912 80000042200000963 80000042200000962 80000042200000968 80000042200000961 3.28303305796 -2.99399 -2.78808 -6.94895
9.17946 80000042200000962 80000042200000961 80000042200000968 80000042200000960 3.08482263583 2.27338 -3.25649 -10.264
9.24362 80000042200000961 80000042200000960 80000042200000968 80000042200000959 3.00813107163 -6.13068 -11.3225 -3.51785
9.26187 80000042200000960 80000042200000959 80000042200000968 80000042200000958 2.89578500573 -9.51343 -7.35305 -5.83809
9.26543 80000042200000959 80000042200000958 80000042200000968 80000042200000957 2.73314261732 -3.01283 -5.418 -7.02151
9.02239 80000042200001020 80000042200001019 80000042200001035 80000042200001018 4.00794511147 -2.29367 7.56041 -9.34151
9.06939 80000042200001019 80000042200001017 80000042200001035 80000042200001016 3.70877426464 -2.70718 7.50973 -5.66276
9.08845 80000042200001017 80000042200001016 80000042200001035 80000042200001015 3.49086136926 -5.06757 6.45887 -8.71982
9.12178 80000042200001016 80000042200001015 80000042200001035 80000042200001014 3.28303305796 -5.80819 4.27917 -10.1792
9.13394 80000042200001015 80000042200001014 80000042200001035 80000042200001013 3.08482263583 -6.72799 4.87867 -6.90689
9.15956 80000042200001014 80000042200001013 80000042200001035 80000042200001012 3.00813107163 -4.8691 3.78486 -7.93361
9.16182 80000042200001013 80000042200001012 80000042200001035 80000042200001011 2.89578500573 -5.02279 5.40093 -8.31349
9.16407 80000042200001012 80000042200001007 80000042200001035 80000042200001006 2.20792547238 -5.60403 4.88152 -8.73993
9.17946 80000042200001007 80000042200001006 80000042200001035 80000042200001005 2.1032696526 -5.08987 5.57546 -4.20633
9.18589 80000042200001006 80000042200001005 80000042200001035 80000042200001004 2.00202813925 -7.44511 5.6023 1.58013
9.18589 80000042200001202 80000042200001201 80000042200001211 80000042200001200 6.14490120342 0.357097 4.3757 -0.640849
9.18802 80000042200001201 80000042200001199 80000042200001211 80000042200001198 5.84661374788 3.07611 5.46582 3.13318
9.19013 80000042200001199 80000042200001198 80000042200001211 80000042200001197 5.52976580795 1.61575 3.66532 -3.17863
9.2361 80000042200001198 80000042200001197 80000042200001211 80000042200001196 5.22758097313 3.35731 -0.167454 -0.601575
9.30278 80000042200001197 80000042200001196 80000042200001211 80000042200001195 4.99593346816 3.75667 1.64934 -3.98914
9.34902 80000042200001196 80000042200001192 80000042200001211 80000042200001191 4.17683491473 3.45676 -1.64895 -6.42038
9.04945 80000042200001399 80000042200001398 80000042200001406 80000042200001397 7.23627606617 3.24588 0.97355 -3.31994
9.07492 80000042200001398 80000042200001397 80000042200001406 80000042200001396 7.00541704554 3.52537 -0.339563 0.597809
9.10671 80000042200001397 80000042200001396 80000042200001406 80000042200001395 6.85511726265 3.96 0.566611 0.523948
9.17512 80000042200001396 80000042200001394 80000042200001406 80000042200001393 6.14490120342 3.98828 0.975506 0.389496
9.18589 80000042200001394 80000042200001393 80000042200001406 80000042200001392 6.01075739884 3.33663 0.836275 1.56824
9.19641 80000042200001393 80000042200001392 80000042200001406 80000042200001391 5.84661374788 2.89568 3.01002 -1.05258
9.20055 80000042200001392 80000042200001391 80000042200001406 80000042200001390 5.52976580795 1.28059 6.0811 -1.47021
9.27072 80000042200001391 80000042200001390 80000042200001406 80000042200001389 5.22758097313 6.13523 -4.40312 -1.68554
9.31717 80000042200001390 80000042200001389 80000042200001406 80000042200001388 4.99593346816 7.17239 -4.40336 -4.2248
9.32031 80000042200001389 80000042200001388 80000042200001406 80000042200001387 4.93938066349 4.60254 -6.48789 -3.17676
9.37457 80000042200001388 80000042200001387 80000042200001406 80000042200001386 4.66451770247 7.48093 -4.80267 -6.07091
9.48265 80000042200001387 80000042200001386 80000042200001406 80000042200001385 4.42803373661 0.501363 -13.3879 -1.28484
9.51275 80000042200001386 80000042200001385 80000042200001406 80000042200001384 4.17683491473 -1.98044 -8.12091 -1.0168
9.52851 80000042200001385 80000042200001384 80000042200001406 80000042200001383 4.00794511147 -1.70239 -12.7895 3.23329
9.61584 80000042200001384 80000042200001383 80000042200001406 80000042200001382 3.93726108473 5.30956 -2.37016 -6.69347
9.68447 80000042200001383 80000042200001381 80000042200001406 80000042200001380 3.49086136926 17.005 -4.37642 -10.8439
9.77935 80000042200001381 80000042200001380 80000042200001406 80000042200001379 3.28303305796 19.7315 -19.8217 -6.88046
9.79482 80000042200001380 80000042200001379 80000042200001406 80000042200001378 3.08482263583 30.0073 -1.31947 -18.1766
9.82025 80000042200001379 80000042200001377 80000042200001406 80000042200001376 2.89578500573 11.6415 -18.6615 -8.04779
9.82809 80000042200001377 80000042200001376 80000042200001406 80000042200001375 2.73314261732 6.91599 1.6855 1.72224
9.85078 80000042200001376 80000042200001374 80000042200001406 80000042200001373 2.44422570455 3.15572 -17.4336 3.95001
9.85989 80000042200001374 80000042200001373 80000042200001406 80000042200001372 2.31611074396 7.34359 -4.34347 6.39156
9.87278 80000042200001373 80000042200001372 80000042200001406 80000042200001371 2.20792547238 7.91087 -3.22804 14.089
9.8767 80000042200001372 80000042200001370 80000042200001406 80000042200001369 2.00202813925 14.2348 5.23406 -6.91427
9.89911 80000042200001370 80000042200001369 80000042200001406 80000042200001368 1.90408954353 10.3127 10.8477 -2.43288
9.91805 80000042200001369 80000042200001368 80000042200001406 80000042200001367 1.82268925262 11.7558 -0.116848 -4.04793
9.93202 80000042200001368 80000042200001367 80000042200001406 80000042200001366 1.74357057433 9.09503 2.65492 -6.40237
9.94888 80000042200001367 80000042200001365 80000042200001406 80000042200001364 1.60423452207 16.9487 -0.634149 -4.58412
9.95218 80000042200001365 80000042200001361 80000042200001406 80000042200001360 1.3575766674 23.6664 -11.3741 -24.2084
9.96793 80000042200001361 80000042200001360 80000042200001406 80000042200001359 1.30237845991 25.3597 -12.9143 -19.0702
9.97317 80000042200001360 80000042200001359 80000042200001406 80000042200001358 1.24847261425 23.6575 -10.2383 -19.3383
9.99914 80000042200001359 80000042200001358 80000042200001406 80000042200001357 1.20625808078 45.714 2.85784 -35.494
