logMh | fpID | subhaloID | main leaf ID | descID |  z
9.08038 40000000101869195 40000000101869194 40000000101869197 40000000101869193 9.38877127194 1.73011 1.49926 -4.13471
9.14811 40000000101869194 40000000101869193 40000000101869197 40000000101869192 9.00233985416 -1.2982 2.77615 -3.6922
9.15502 40000000101869193 40000000101869192 40000000101869197 40000000101869191 8.9079991856 -1.00011 2.37381 -3.93262
9.45719 40000000101869192 40000000101869191 40000000101869197 40000000101869190 8.44947629437 13.3909 5.18554 -1.48157
9.53332 40000000101869191 40000000101869190 40000000101869197 40000000101869189 8.01217294887 7.37073 7.54021 -3.52303
9.65297 40000000101869190 40000000101869189 40000000101869197 40000000101869188 7.59510714987 3.3537 7.73102 -1.51644
9.75248 40000000101869189 40000000101869188 40000000101869197 40000000101869187 7.23627606617 -5.98477 8.81264 1.76496
9.78314 40000000101869188 40000000101869187 40000000101869197 40000000101869186 7.00541704554 -11.053 10.4974 3.76533
9.79219 40000000101869187 40000000101869186 40000000101869197 40000000101869185 6.85511726265 -5.42004 7.54649 3.0535
9.9278 40000000101869186 40000000101869184 40000000101869197 40000000101869183 6.14490120342 -7.10901 10.0656 -5.38993
10.0027 40000000101869184 40000000101869183 40000000101869197 40000000101869182 6.01075739884 -4.60401 13.4256 -19.8717
10.0322 40000000101869183 40000000101869182 40000000101869197 40000000101869181 5.84661374788 5.33289 15.884 -14.6251
10.133 40000000101869182 40000000101869181 40000000101869197 40000000101869180 5.52976580795 29.6481 24.1846 -7.14955
10.201 40000000101869181 40000000101869180 40000000101869197 40000000101869179 5.22758097313 45.2015 22.7208 8.32178
10.267 40000000101869180 40000000101869179 40000000101869197 40000000101869178 4.99593346816 54.6599 16.3246 10.0107
10.2902 40000000101869179 40000000101869178 40000000101869197 40000000101869177 4.93938066349 47.8382 18.526 15.1734
10.3631 40000000101869178 40000000101869177 40000000101869197 40000000101869176 4.66451770247 -6.05078 -0.900111 26.4768
10.4588 40000000101869177 40000000101869176 40000000101869197 40000000101869175 4.42803373661 -50.8466 12.7347 43.7053
10.5217 40000000101869176 40000000101869175 40000000101869197 40000000101869174 4.17683491473 -6.03244 51.2081 -11.61
10.5619 40000000101869175 40000000101869174 40000000101869197 40000000101869173 4.00794511147 -19.2894 25.1965 -53.3627
10.6038 40000000101869174 40000000101869173 40000000101869197 40000000101869172 3.93726108473 62.9441 166.373 -150.217
10.6154 40000000101869173 40000000101869172 40000000101869197 40000000101869171 3.70877426464 -30.5545 17.1043 -55.3725
10.6595 40000000101869172 40000000101869171 40000000101869197 40000000101869170 3.49086136926 -60.6821 -3.91869 -50.3854
10.7281 40000000101869171 40000000101869170 40000000101869197 40000000101869169 3.28303305796 -127.131 -14.0828 13.5002
10.8056 40000000101869170 40000000101869169 40000000101869197 40000000101869168 3.08482263583 -195.393 22.8961 41.8824
10.828 40000000101869169 40000000101869168 40000000101869197 40000000101869167 3.00813107163 -208.421 41.7314 44.682
10.8853 40000000101869168 40000000101869167 40000000101869197 40000000101869166 2.89578500573 -227.021 65.3893 53.9361
10.9451 40000000101869167 40000000101869166 40000000101869197 40000000101869165 2.73314261732 -198.489 42.2725 45.091
11.0365 40000000101869166 40000000101869165 40000000101869197 40000000101869164 2.5772902716 -186.507 63.2077 -73.8209
11.1003 40000000101869165 40000000101869164 40000000101869197 40000000101869163 2.44422570455 -202.616 -8.67294 -80.0847
11.3863 40000000101869164 40000000101869161 40000000101869197 40000000101869160 2.1032696526 -185.923 289.462 -106.327
11.4001 40000000101869161 40000000101869158 40000000101869197 40000000101869157 1.82268925262 -379.2 133.769 136.578
11.4414 40000000101869158 40000000101869157 40000000101869197 40000000101869156 1.74357057433 -318.619 238.608 -90.9879
11.5715 40000000101869157 40000000101869153 40000000101869197 40000000101869152 1.47197484527 124.55 -191.383 212.518
11.6084 40000000101869153 40000000101869151 40000000101869197 40000000101869150 1.3575766674 32.3205 -420.98 239.518
11.6821 40000000101869151 40000000101869150 40000000101869197 40000000101869149 1.30237845991 -161.219 -539.66 213.395
11.7568 40000000101869150 40000000101869149 40000000101869197 40000000101869148 1.24847261425 -269.75 -344.221 147.449
11.7686 40000000101869149 40000000101869148 40000000101869197 40000000101869147 1.20625808078 -307.319 -273.58 141.062
11.8507 40000000101869148 40000000101869143 40000000101869197 40000000101869142 0.997294225782 -380.548 -279.767 49.0524
11.8689 40000000101869143 40000000101869139 40000000101869197 40000000101869138 0.886896937575 -277.509 -79.9339 -120.677
11.874 40000000101869139 40000000101869137 40000000101869197 40000000101869136 0.816709979012 -324.867 -195.144 -290.677
11.8784 40000000101869137 40000000101869136 40000000101869197 40000000101869135 0.791068248946 -351.02 -227.146 -288.897
11.8978 40000000101869136 40000000101869135 40000000101869197 40000000101869134 0.757441372616 -320.059 -290.845 -307.719
11.9161 40000000101869135 40000000101869134 40000000101869197 40000000101869133 0.732636182022 -335.442 -304.111 -305.052
11.9317 40000000101869134 40000000101869131 40000000101869197 40000000101869130 0.644641840685 -362.088 -335.957 -232.01
11.9396 40000000101869131 40000000101869130 40000000101869197 40000000101869129 0.621428745243 -437.652 -272.39 -263.002
11.9531 40000000101869130 40000000101869129 40000000101869197 40000000101869128 0.598543288188 -503.844 -242.23 -296.407
11.9565 40000000101869129 40000000101869128 40000000101869197 40000000101869127 0.575980845108 -520.662 -215.407 -267.027
11.9618 40000000101869128 40000000101869127 40000000101869197 40000000101869126 0.546392183141 -606.703 -220.534 -387.37
11.968 40000000101869127 40000000101869125 40000000101869197 40000000101869124 0.503047523245 -554.867 -256.846 -462.803
11.9697 40000000101869125 40000000101869124 40000000101869197 40000000101869123 0.481832943421 -540.612 -293.207 -422.685
11.9723 40000000101869124 40000000101869123 40000000101869197 40000000101869122 0.460917794181 -496.908 -319.859 -402.257
9.10157 40000000101869270 40000000101869269 40000000101869272 40000000101869268 9.38877127194 -7.92269 -0.20836 -3.26134
9.13871 40000000101869269 40000000101869268 40000000101869272 40000000101869267 9.00233985416 -4.71876 -1.41679 -4.61749
9.19433 40000000101869268 40000000101869267 40000000101869272 40000000101869266 8.9079991856 -5.8593 -1.2129 -5.99949
9.27766 40000000101869267 40000000101869266 40000000101869272 40000000101869265 8.44947629437 -6.812 -1.80554 -3.12365
9.39478 40000000101869266 40000000101869265 40000000101869272 40000000101869264 8.01217294887 -12.6856 -0.278177 -8.50055
9.57262 40000000101869265 40000000101869264 40000000101869272 40000000101869263 7.59510714987 -5.58064 4.27655 -0.0123413
9.59477 40000000101869264 40000000101869262 40000000101869272 40000000101869261 7.00541704554 3.77245 6.04913 -0.4059
9.62212 40000000101869262 40000000101869259 40000000101869272 40000000101869258 6.14490120342 -0.568819 1.50163 -11.5061
9.64638 40000000101869259 40000000101869258 40000000101869272 40000000101869257 6.01075739884 0.306565 4.6654 -11.6935
9.04945 40000000101869520 40000000101869519 40000000101869526 40000000101869518 6.85511726265 -2.99645 2.65798 0.924748
9.38948 40000000101869519 40000000101869517 40000000101869526 40000000101869516 6.14490120342 5.27766 -7.19277 1.77412
9.42771 40000000101869517 40000000101869513 40000000101869526 40000000101869512 5.22758097313 3.58661 -3.04784 5.90734
9.46285 40000000101869513 40000000101869512 40000000101869526 40000000101869511 4.99593346816 3.1727 -9.53536 14.2206
9.46955 40000000101869512 40000000101869510 40000000101869526 40000000101869509 4.66451770247 -3.97499 0.946804 6.63937
9.60218 40000000101869510 40000000101869509 40000000101869526 40000000101869508 4.42803373661 0.220015 -2.94458 0.0139003
9.21869 40000000101869528 40000000101869527 40000000101869531 40000000101869517 6.49159774567 9.34659 -14.1089 1.06297
9.09898 40000000101869612 40000000101869611 40000000101869619 40000000101869610 6.01075739884 10.2288 3.91263 1.59298
9.17073 40000000101869611 40000000101869610 40000000101869619 40000000101869609 5.84661374788 11.2799 1.76723 8.1169
9.23037 40000000101869610 40000000101869609 40000000101869619 40000000101869608 5.52976580795 12.5318 3.31557 8.8028
9.29622 40000000101869609 40000000101869608 40000000101869619 40000000101869607 5.22758097313 12.7529 7.32755 7.1415
9.3044 40000000101869608 40000000101869607 40000000101869619 40000000101869606 4.99593346816 6.28575 1.48234 11.0599
9.0066 40000000101869621 40000000101869620 40000000101869622 40000000101869611 6.14490120342 8.68138 -2.57667 0.442954
9.00337 40000000101869640 40000000101869639 40000000101869651 40000000101869638 4.93938066349 -15.8491 -2.20402 12.5388
9.06939 40000000101869639 40000000101869637 40000000101869651 40000000101869636 4.42803373661 -18.7486 -5.31243 12.033
9.12178 40000000101869637 40000000101869635 40000000101869651 40000000101869634 4.00794511147 -16.3028 -11.283 12.7319
9.12668 40000000101869635 40000000101869634 40000000101869651 40000000101869633 3.93726108473 -14.505 -15.2102 9.94177
9.14811 40000000101869634 40000000101869633 40000000101869651 40000000101869632 3.70877426464 -14.9149 -19.4244 9.10216
9.01928 40000000101869687 40000000101869686 40000000101869695 40000000101869685 7.23627606617 5.49322 -9.43212 -1.36247
9.07216 40000000101869686 40000000101869685 40000000101869695 40000000101869684 7.00541704554 6.29094 -9.45848 -1.14682
9.08845 40000000101869685 40000000101869684 40000000101869695 40000000101869683 6.85511726265 6.50691 -8.33502 -1.63025
9.15042 40000000101869684 40000000101869683 40000000101869695 40000000101869682 6.49159774567 11.3466 -5.68127 1.8791
9.33566 40000000101869683 40000000101869682 40000000101869695 40000000101869681 6.14490120342 6.46581 0.0630051 13.1248
9.33566 40000000101869682 40000000101869681 40000000101869695 40000000101869680 6.01075739884 9.62249 12.067 20.345
9.51873 40000000101869681 40000000101869679 40000000101869695 40000000101869678 5.52976580795 16.3545 2.36791 13.4676
9.626 40000000101869679 40000000101869678 40000000101869695 40000000101869677 5.22758097313 15.191 4.25158 27.2525
9.65945 40000000101869678 40000000101869674 40000000101869695 40000000101869673 4.42803373661 31.6216 -9.19324 14.189
9.67904 40000000101869674 40000000101869672 40000000101869695 40000000101869671 4.00794511147 23.0108 -8.9103 21.052
9.76669 40000000101869672 40000000101869670 40000000101869695 40000000101869669 3.70877426464 24.6312 -11.3039 18.2787
9.78849 40000000101869670 40000000101869669 40000000101869695 40000000101869668 3.49086136926 20.2376 -5.06099 17.6918
9.17512 40000000101869855 40000000101869854 40000000101869865 40000000101869853 5.84661374788 7.22682 4.54225 19.8101
9.36056 40000000101869854 40000000101869853 40000000101869865 40000000101869852 5.52976580795 -0.0905378 7.59287 16.6346
9.3634 40000000101869853 40000000101869850 40000000101869865 40000000101869849 4.93938066349 -0.627255 3.44199 13.3367
9.40131 40000000101869850 40000000101869844 40000000101869865 40000000101869843 3.70877426464 4.57034 -4.37805 4.53573
9.0066 40000000101870020 40000000101870019 40000000101870029 40000000101870018 4.99593346816 -4.28052 3.17374 -1.43511
9.07492 40000000101870019 40000000101870018 40000000101870029 40000000101870017 4.93938066349 -7.00379 -1.57277 -3.44387
9.09898 40000000101870018 40000000101870017 40000000101870029 40000000101870016 4.66451770247 -5.74923 -2.50335 -8.44476
9.10415 40000000101870017 40000000101870016 40000000101870029 40000000101870015 4.42803373661 -3.83756 -2.12606 -6.50214
9.1193 40000000101870016 40000000101870015 40000000101870029 40000000101870014 4.17683491473 -3.81492 -2.43572 -4.99194
9.17946 40000000101870015 40000000101870014 40000000101870029 40000000101870013 4.00794511147 2.40169 -0.635828 -8.07783
9.20464 40000000101870014 40000000101870013 40000000101870029 40000000101870012 3.93726108473 2.78822 5.36982 -9.5239
9.27766 40000000101870013 40000000101870012 40000000101870029 40000000101870011 3.70877426464 14.1043 4.51138 -13.1017
9.31401 40000000101870012 40000000101870010 40000000101870029 40000000101870009 3.28303305796 14.379 4.68375 -9.9697
9.08309 40000000101870151 40000000101870150 40000000101870160 40000000101870149 6.49159774567 1.44004 -5.50103 -1.05589
9.25828 40000000101870150 40000000101870149 40000000101870160 40000000101870148 6.14490120342 12.1244 -20.005 -11.1178
9.26543 40000000101870149 40000000101870148 40000000101870160 40000000101870147 6.01075739884 9.82907 -12.1198 -6.58499
9.27246 40000000101870148 40000000101870147 40000000101870160 40000000101870146 5.84661374788 8.86642 -14.6311 -6.08786
9.27246 40000000101870147 40000000101870141 40000000101870160 40000000101870140 4.42803373661 -6.06151 -7.00563 4.95019
9.23799 40000000101870269 40000000101870268 40000000101870275 40000000101870267 4.99593346816 2.45868 10.8511 -15.0274
9.27766 40000000101870268 40000000101870266 40000000101870275 40000000101870265 4.66451770247 2.34892 4.53502 -19.8984
9.44681 40000000101870266 40000000101870262 40000000101870275 40000000101870261 3.70877426464 -0.0342706 -6.54203 -10.142
9.47832 40000000101870262 40000000101870260 40000000101870275 40000000101870259 3.28303305796 -1.18196 1.8426 -6.6315
9.54185 40000000101870260 40000000101870259 40000000101870275 40000000101870258 3.08482263583 -6.85647 0.527439 -3.44139
9.57349 40000000101870259 40000000101870258 40000000101870275 40000000101870257 3.00813107163 1.02232 5.12576 -4.37362
9.62831 40000000101870258 40000000101870256 40000000101870275 40000000101870255 2.73314261732 1.14418 5.13928 7.58422
9.2811 40000000101870300 40000000101870299 40000000101870311 40000000101870298 4.42803373661 12.8597 -3.0219 -16.2614
9.39214 40000000101870299 40000000101870298 40000000101870311 40000000101870297 4.17683491473 19.9323 -7.09901 -36.4221
9.06096 40000000101870409 40000000101870408 40000000101870413 40000000101870407 6.01075739884 0.672616 -0.201258 7.94026
9.12424 40000000101870408 40000000101870404 40000000101870413 40000000101870403 4.99593346816 -3.23255 -2.7528 4.23799
9.43497 40000000101870404 40000000101870401 40000000101870413 40000000101870400 4.42803373661 27.6857 -8.59567 -10.6741
9.55204 40000000101870401 40000000101870400 40000000101870413 40000000101870399 4.17683491473 -2.79024 -27.0937 3.1453
9.72935 40000000101870400 40000000101870399 40000000101870413 40000000101870398 4.00794511147 26.1463 -20.9879 14.8968
9.78795 40000000101870399 40000000101870398 40000000101870413 40000000101870397 3.93726108473 28.7774 -8.24181 12.104
9.88656 40000000101870398 40000000101870397 40000000101870413 40000000101870396 3.70877426464 32.8348 -7.6674 19.4623
9.89993 40000000101870397 40000000101870395 40000000101870413 40000000101870394 3.28303305796 39.8975 -0.0246613 26.1852
9.93355 40000000101870395 40000000101870394 40000000101870413 40000000101870393 3.08482263583 34.7301 -0.699907 9.7812
9.94815 40000000101870394 40000000101870393 40000000101870413 40000000101870392 3.00813107163 33.1875 0.718375 13.9256
9.98347 40000000101870393 40000000101870392 40000000101870413 40000000101870391 2.89578500573 33.1611 -8.68516 15.7956
10.0183 40000000101870392 40000000101870391 40000000101870413 40000000101870390 2.73314261732 30.1434 -6.41198 14.5969
10.1255 40000000101870391 40000000101870385 40000000101870413 40000000101870384 2.00202813925 -45.829 22.7956 29.4318
9.01298 40000000101870427 40000000101870426 40000000101870433 40000000101870425 5.52976580795 -1.99485 0.606921 3.4266
9.05524 40000000101870426 40000000101870423 40000000101870433 40000000101870422 4.93938066349 3.73255 -9.74673 7.87087
9.12912 40000000101870423 40000000101870422 40000000101870433 40000000101870421 4.66451770247 -8.27984 -12.6371 9.82611
9.02548 40000000101870551 40000000101870550 40000000101870559 40000000101870549 7.59510714987 -2.58915 5.40324 -2.80081
9.03763 40000000101870550 40000000101870549 40000000101870559 40000000101870548 7.23627606617 -1.44553 3.49846 -4.72974
9.17073 40000000101870549 40000000101870548 40000000101870559 40000000101870547 7.00541704554 -5.20515 -2.15545 -21.9585
9.26543 40000000101870548 40000000101870547 40000000101870559 40000000101870546 6.85511726265 -4.02019 -2.80478 -17.4716
9.33866 40000000101870547 40000000101870546 40000000101870559 40000000101870545 6.49159774567 -2.4653 5.72325 -23.8721
9.41909 40000000101870546 40000000101870545 40000000101870559 40000000101870544 6.14490120342 -4.09217 0.343156 -14.4108
9.44093 40000000101870545 40000000101870544 40000000101870559 40000000101870543 6.01075739884 -4.35148 -0.599577 -16.5309
9.47724 40000000101870544 40000000101870543 40000000101870559 40000000101870542 5.84661374788 -2.39733 -0.405936 -10.7689
9.5566 40000000101870543 40000000101870542 40000000101870559 40000000101870541 5.52976580795 -0.497582 2.61692 -14.4015
9.57956 40000000101870542 40000000101870541 40000000101870559 40000000101870540 5.22758097313 -0.598864 0.919168 -8.31038
9.60866 40000000101870541 40000000101870540 40000000101870559 40000000101870539 4.99593346816 -0.229048 10.6804 -22.7982
9.60866 40000000101870540 40000000101870539 40000000101870559 40000000101870538 4.93938066349 3.62356 10.2207 -21.1434
9.66725 40000000101870539 40000000101870538 40000000101870559 40000000101870537 4.66451770247 1.18548 10.956 -30.138
9.69118 40000000101870538 40000000101870537 40000000101870559 40000000101870536 4.42803373661 -6.58856 17.6114 -22.307
9.77279 40000000101870537 40000000101870535 40000000101870559 40000000101870534 4.00794511147 -11.3227 40.1943 -34.845
9.78475 40000000101870535 40000000101870533 40000000101870559 40000000101870532 3.70877426464 -4.14088 49.8443 -41.8658
9.79008 40000000101870533 40000000101870530 40000000101870559 40000000101870529 3.08482263583 -10.0528 26.4627 -13.183
9.81976 40000000101870530 40000000101870529 40000000101870559 40000000101870528 3.00813107163 -10.0117 21.8507 -14.5116
9.86705 40000000101870529 40000000101870528 40000000101870559 40000000101870527 2.89578500573 -5.81007 28.345 -14.9365
9.9942 40000000101870528 40000000101870525 40000000101870559 40000000101870524 2.44422570455 -17.8474 33.9694 4.33214
9.01614 40000000101870604 40000000101870603 40000000101870613 40000000101870602 7.00541704554 1.83133 0.0352312 -2.27474
9.02855 40000000101870603 40000000101870601 40000000101870613 40000000101870600 6.49159774567 1.99692 4.36938 -0.859105
9.10671 40000000101870601 40000000101870600 40000000101870613 40000000101870599 6.14490120342 2.36186 0.479761 -0.183118
9.13634 40000000101870600 40000000101870599 40000000101870613 40000000101870598 6.01075739884 2.61899 0.757061 -1.28024
9.17293 40000000101870599 40000000101870597 40000000101870613 40000000101870596 5.52976580795 2.29058 1.3538 -1.76195
9.19013 40000000101870597 40000000101870587 40000000101870613 40000000101870586 3.49086136926 -10.4387 18.52 3.24529
9.23988 40000000101870587 40000000101870586 40000000101870613 40000000101870585 3.28303305796 -7.79594 18.0386 -0.765069
9.0066 40000000101870619 40000000101870618 40000000101870630 40000000101870617 4.42803373661 -4.91386 -0.0142183 10.4514
9.0098 40000000101870618 40000000101870617 40000000101870630 40000000101870616 4.17683491473 -5.66497 11.0778 0.0791096
9.00012 40000000101870700 40000000101870699 40000000101870705 40000000101870698 3.49086136926 -3.78463 -16.9181 -11.1459
9.0098 40000000101870699 40000000101870698 40000000101870705 40000000101870697 3.28303305796 -4.43813 -17.0895 -7.2747
9.01614 40000000101870698 40000000101870692 40000000101870705 40000000101870691 2.44422570455 -3.9342 -6.96852 -13.9057
9.01614 40000000101870738 40000000101870737 40000000101870748 40000000101870736 4.00794511147 3.59844 5.32747 -1.7216
9.04945 40000000101870737 40000000101870736 40000000101870748 40000000101870735 3.93726108473 2.52283 6.24949 -0.133242
9.15502 40000000101870736 40000000101870735 40000000101870748 40000000101870734 3.70877426464 10.6569 13.7932 -1.80593
9.2811 40000000101870735 40000000101870734 40000000101870748 40000000101870733 3.49086136926 23.6574 29.6693 -3.67548
9.37181 40000000101870734 40000000101870733 40000000101870748 40000000101870732 3.28303305796 30.1348 26.4472 -5.76629
9.43015 40000000101870733 40000000101870732 40000000101870748 40000000101870731 3.08482263583 27.7576 13.3301 -5.2599
9.52169 40000000101870732 40000000101870731 40000000101870748 40000000101870730 3.00813107163 33.6222 20.6858 -5.4652
9.63744 40000000101870731 40000000101870730 40000000101870748 40000000101870729 2.89578500573 33.1182 24.9528 -10.1542
11.7728 40000000101870730 40000000101870708 40000000101870748 40000000101869143 1.03551044566 -334.83 -108.643 46.1505
9.07766 40000000101870896 40000000101870895 40000000101870901 40000000101870894 7.23627606617 3.22997 -2.59352 -5.31372
9.17729 40000000101870895 40000000101870894 40000000101870901 40000000101870893 7.00541704554 -0.00248853 -3.38455 -5.95138
9.2811 40000000101870894 40000000101870892 40000000101870901 40000000101870891 6.49159774567 -0.772019 2.68855 -7.4887
9.34016 40000000101870892 40000000101870891 40000000101870901 40000000101870890 6.14490120342 -2.79001 1.22769 -7.61045
9.37457 40000000101870891 40000000101870890 40000000101870901 40000000101870889 6.01075739884 -5.30879 0.946172 -9.219
9.40646 40000000101870890 40000000101870889 40000000101870901 40000000101870888 5.84661374788 -6.20419 -1.11511 -6.34035
9.47066 40000000101870889 40000000101870888 40000000101870901 40000000101870887 5.52976580795 -2.71922 -6.6935 -3.43759
9.56911 40000000101870888 40000000101870887 40000000101870901 40000000101870886 5.22758097313 -6.21513 -11.4402 4.16728
9.66088 40000000101870887 40000000101870886 40000000101870901 40000000101870885 4.99593346816 -7.17713 -16.6109 -1.47845
9.66443 40000000101870886 40000000101870885 40000000101870901 40000000101870884 4.93938066349 -5.12908 -20.4714 -3.40958
9.71068 40000000101870885 40000000101870884 40000000101870901 40000000101870883 4.66451770247 -4.15324 -14.8035 4.24941
9.78206 40000000101870884 40000000101870883 40000000101870901 40000000101870882 4.42803373661 -9.47497 -21.4713 -0.384587
9.78314 40000000101870883 40000000101870882 40000000101870901 40000000101870881 4.17683491473 -5.76836 -22.384 2.84963
9.80568 40000000101870882 40000000101870881 40000000101870901 40000000101870880 4.00794511147 -7.5081 -16.453 3.01001
9.83626 40000000101870881 40000000101870880 40000000101870901 40000000101870879 3.93726108473 -10.5637 -16.1695 2.66687
10.1306 40000000101870880 40000000101870876 40000000101870901 40000000101870875 3.08482263583 -18.3001 -4.12715 9.30402
10.1842 40000000101870876 40000000101870875 40000000101870901 40000000101870874 3.00813107163 -28.1052 1.54039 6.592
10.2894 40000000101870875 40000000101870874 40000000101870901 40000000101870873 2.89578500573 -5.73011 -0.0275217 13.4841
10.3753 40000000101870874 40000000101870873 40000000101870901 40000000101870872 2.73314261732 -3.24039 2.96319 13.3701
10.4389 40000000101870873 40000000101870872 40000000101870901 40000000101870871 2.5772902716 -12.6708 7.92873 10.771
10.4732 40000000101870872 40000000101870871 40000000101870901 40000000101870870 2.44422570455 -19.1102 16.6865 10.5018
9.04358 40000000101870968 40000000101870967 40000000101870978 40000000101870966 5.22758097313 7.4411 5.37694 -3.47054
9.13871 40000000101870967 40000000101870966 40000000101870978 40000000101870965 4.99593346816 5.56348 4.33473 -3.86672
9.13871 40000000101870966 40000000101870965 40000000101870978 40000000101870964 4.93938066349 4.4032 3.25391 -4.11216
9.2361 40000000101870965 40000000101870964 40000000101870978 40000000101870963 4.66451770247 4.83391 1.5942 -3.24091
9.39478 40000000101870964 40000000101870963 40000000101870978 40000000101870962 4.42803373661 0.128186 3.48083 1.577
9.67904 40000000101870963 40000000101870962 40000000101870978 40000000101870961 4.17683491473 -11.9714 10.0291 2.4304
9.71259 40000000101870962 40000000101870961 40000000101870978 40000000101870960 4.00794511147 -11.2047 7.93671 0.0475328
9.72322 40000000101870961 40000000101870958 40000000101870978 40000000101870957 3.49086136926 -21.2138 10.0936 5.11034
10.1313 40000000101870958 40000000101870957 40000000101870978 40000000101870956 3.28303305796 -94.3125 72.9754 2.29623
9.25648 40000000101870992 40000000101870991 40000000101870999 40000000101870990 4.99593346816 -3.59287 8.2624 -16.9142
9.15042 40000000101871007 40000000101871006 40000000101871013 40000000101871005 5.52976580795 5.36292 8.1364 -7.20737
9.00012 40000000101871015 40000000101871014 40000000101871023 40000000101871002 4.93938066349 -13.1799 20.409 -11.6391
9.01928 40000000101871047 40000000101871046 40000000101871054 40000000101871045 5.52976580795 -3.67982 5.18397 -2.18156
9.00337 40000000101871100 40000000101871099 40000000101871109 40000000101871098 7.00541704554 -5.75869 2.48629 0.473713
9.0098 40000000101871099 40000000101871098 40000000101871109 40000000101871097 6.85511726265 -5.52634 -0.79854 0.36019
9.06939 40000000101871098 40000000101871097 40000000101871109 40000000101871096 6.49159774567 -4.96835 4.34045 1.93505
9.12178 40000000101871097 40000000101871096 40000000101871109 40000000101871095 6.14490120342 -3.88208 4.57973 2.90818
9.14811 40000000101871096 40000000101871095 40000000101871109 40000000101871094 6.01075739884 -4.53542 3.10849 2.67531
9.32651 40000000101871095 40000000101871093 40000000101871109 40000000101871092 5.52976580795 2.15385 3.2718 11.3649
9.42893 40000000101871093 40000000101871090 40000000101871109 40000000101871089 4.93938066349 5.5635 3.05789 2.40911
9.44447 40000000101871090 40000000101871089 40000000101871109 40000000101871088 4.66451770247 5.19554 3.21744 -6.09295
9.49951 40000000101871089 40000000101871087 40000000101871109 40000000101871086 4.17683491473 -0.584234 -0.693119 -8.13508
9.00337 40000000101871305 40000000101871304 40000000101871324 40000000101871303 3.28303305796 -6.93625 14.3031 -6.85605
9.17293 40000000101871304 40000000101871302 40000000101871324 40000000101871301 3.00813107163 -7.95854 10.3614 -5.13868
9.18376 40000000101871302 40000000101871301 40000000101871324 40000000101871300 2.89578500573 -7.46174 12.1972 -4.45938
9.22651 40000000101871301 40000000101871300 40000000101871324 40000000101871299 2.73314261732 -3.44259 7.22272 -9.16581
9.2811 40000000101871300 40000000101871294 40000000101871324 40000000101871293 2.00202813925 3.38123 -7.89032 -8.43477
9.10926 40000000101871326 40000000101871325 40000000101871338 40000000101871302 3.08482263583 -8.27847 8.84169 -4.49486
9.0098 40000000101871381 40000000101871380 40000000101871390 40000000101871379 3.49086136926 7.18126 0.785646 3.54716
9.03463 40000000101871536 40000000101871535 40000000101871541 40000000101871534 12.0418635439 -0.827878 -1.19847 0.754147
9.25828 40000000101871535 40000000101871534 40000000101871541 40000000101871533 11.4973879548 2.00395 -0.297157 0.0362052
9.3974 40000000101871534 40000000101871533 40000000101871541 40000000101871532 10.9190331982 -20.9735 -4.4287 13.198
9.42527 40000000101871533 40000000101871532 40000000101871541 40000000101871531 10.3674435724 -13.2762 -5.52382 6.98322
9.51873 40000000101871532 40000000101871531 40000000101871541 40000000101871530 9.99659046619 -2.08998 -3.00624 4.56324
9.66088 40000000101871531 40000000101871530 40000000101871541 40000000101871529 9.84138043947 -13.2363 1.92917 7.01417
9.66866 40000000101871530 40000000101871529 40000000101871541 40000000101871528 9.38877127194 -7.17189 -2.87075 8.54394
9.74314 40000000101871529 40000000101871528 40000000101871541 40000000101871527 9.00233985416 -11.8453 -6.37897 9.09397
9.75364 40000000101871528 40000000101871527 40000000101871541 40000000101871526 8.9079991856 -11.3455 -3.85758 2.95635
9.80772 40000000101871527 40000000101871526 40000000101871541 40000000101871525 8.44947629437 -6.70903 -5.45317 3.26225
9.85808 40000000101871526 40000000101871525 40000000101871541 40000000101871524 8.01217294887 -0.0221629 -4.19096 1.00044
9.91528 40000000101871525 40000000101871524 40000000101871541 40000000101871523 7.59510714987 3.12148 -2.14687 6.17833
9.99585 40000000101871524 40000000101871523 40000000101871541 40000000101871522 7.23627606617 -9.688 2.38318 12.7597
10.0215 40000000101871523 40000000101871522 40000000101871541 40000000101871521 7.00541704554 -6.0868 6.17005 7.52668
10.0343 40000000101871522 40000000101871521 40000000101871541 40000000101871520 6.85511726265 -10.658 5.55138 5.36189
10.0796 40000000101871521 40000000101871520 40000000101871541 40000000101871519 6.49159774567 -8.07914 16.1008 20.2232
10.1607 40000000101871520 40000000101871519 40000000101871541 40000000101871518 6.14490120342 -7.05697 21.091 16.6701
10.1641 40000000101871519 40000000101871518 40000000101871541 40000000101871517 6.01075739884 -7.27294 19.5471 18.4767
10.176 40000000101871518 40000000101871517 40000000101871541 40000000101871516 5.84661374788 -5.87497 3.0796 9.74493
10.2344 40000000101871517 40000000101871516 40000000101871541 40000000101871515 5.52976580795 -18.8956 9.52222 15.1994
10.3033 40000000101871516 40000000101871515 40000000101871541 40000000101871514 5.22758097313 -29.4477 -0.310583 28.7623
10.3439 40000000101871515 40000000101871512 40000000101871541 40000000101871511 4.66451770247 -0.75719 17.7982 28.4009
10.3492 40000000101871512 40000000101871509 40000000101871541 40000000101871508 4.00794511147 -18.3229 6.00064 27.6716
10.3564 40000000101871509 40000000101871508 40000000101871541 40000000101871507 3.93726108473 -14.1723 9.67872 24.6377
10.3843 40000000101871508 40000000101871507 40000000101871541 40000000101871506 3.70877426464 -48.3878 -5.40932 22.2036
10.6123 40000000101871507 40000000101871505 40000000101871541 40000000101871504 3.28303305796 -100.369 -1.5285 -11.9722
10.8268 40000000101871505 40000000101871504 40000000101871541 40000000101871503 3.08482263583 -177.501 -37.2756 -55.5247
10.8398 40000000101871504 40000000101871503 40000000101871541 40000000101871502 3.00813107163 -175.039 -24.501 -41.2355
10.8646 40000000101871503 40000000101871502 40000000101871541 40000000101871501 2.89578500573 -162.669 -28.6402 -38.9679
10.9023 40000000101871502 40000000101871501 40000000101871541 40000000101871500 2.73314261732 -167.662 -35.8304 -47.2341
10.9224 40000000101871501 40000000101871500 40000000101871541 40000000101871499 2.5772902716 -136.328 -27.4553 -28.2163
11.0151 40000000101871500 40000000101871494 40000000101871541 40000000101871493 1.90408954353 -115.889 -31.8743 12.5701
9.15956 40000000101871637 40000000101871636 40000000101871640 40000000101871635 9.38877127194 -0.785946 -10.4859 3.23519
9.17073 40000000101871636 40000000101871635 40000000101871640 40000000101871634 9.00233985416 3.3122 -6.77837 4.88812
9.22066 40000000101871635 40000000101871634 40000000101871640 40000000101871633 8.9079991856 2.71815 -5.86721 5.38502
9.32031 40000000101871634 40000000101871633 40000000101871640 40000000101871632 8.44947629437 8.44323 1.01115 -2.36745
9.42893 40000000101871633 40000000101871632 40000000101871640 40000000101871631 8.01217294887 4.28811 0.417698 5.72745
9.48799 40000000101871632 40000000101871628 40000000101871640 40000000101871627 6.85511726265 2.95292 -8.37205 -3.34454
9.60543 40000000101871628 40000000101871626 40000000101871640 40000000101871625 6.14490120342 39.9102 33.5818 11.3942
9.80568 40000000101871626 40000000101871623 40000000101871640 40000000101871622 5.52976580795 9.72588 11.3843 -19.032
10.0922 40000000101871623 40000000101871622 40000000101871640 40000000101871621 5.22758097313 -5.8013 30.119 4.47984
10.0945 40000000101871622 40000000101871621 40000000101871640 40000000101871620 4.99593346816 -3.73092 27.7416 -17.3065
10.111 40000000101871621 40000000101871620 40000000101871640 40000000101871619 4.93938066349 -11.0733 32.2216 -11.6504
10.1712 40000000101871620 40000000101871619 40000000101871640 40000000101871618 4.66451770247 4.42301 9.97564 -32.2772
10.1867 40000000101871619 40000000101871618 40000000101871640 40000000101871617 4.42803373661 -8.6366 10.4078 -20.8815
10.2319 40000000101871618 40000000101871617 40000000101871640 40000000101871616 4.17683491473 -32.8966 -41.3466 -53.5305
10.3397 40000000101871617 40000000101871613 40000000101871640 40000000101871504 3.49086136926 -54.1658 -32.3228 -54.3384
9.02239 40000000101871694 40000000101871693 40000000101871697 40000000101871692 9.84138043947 2.09422 3.89223 -10.2232
9.00337 40000000101871710 40000000101871709 40000000101871722 40000000101871708 7.00541704554 0.767104 3.44022 2.85762
9.03463 40000000101871709 40000000101871708 40000000101871722 40000000101871707 6.85511726265 1.30453 0.605182 3.83891
9.15502 40000000101871708 40000000101871707 40000000101871722 40000000101871706 6.49159774567 -14.3556 0.84386 5.67142
9.19013 40000000101871707 40000000101871706 40000000101871722 40000000101871705 6.14490120342 -16.2266 0.732924 2.76008
9.21272 40000000101871706 40000000101871705 40000000101871722 40000000101871704 6.01075739884 -16.9034 1.70484 2.54984
9.29622 40000000101871705 40000000101871704 40000000101871722 40000000101871703 5.84661374788 -18.1882 -4.42562 7.69438
9.00337 40000000101871739 40000000101871738 40000000101871752 40000000101871737 4.00794511147 1.8674 9.70466 -2.67314
9.01614 40000000101871794 40000000101871793 40000000101871800 40000000101871792 7.23627606617 2.84314 -0.484219 -2.86918
9.04062 40000000101871793 40000000101871792 40000000101871800 40000000101871791 7.00541704554 6.1921 -2.12603 -4.2275
9.04945 40000000101871792 40000000101871791 40000000101871800 40000000101871790 6.85511726265 3.61817 0.104834 -5.46583
9.08309 40000000101871791 40000000101871790 40000000101871800 40000000101871789 6.49159774567 5.97932 -1.82592 -5.60155
9.12424 40000000101871790 40000000101871788 40000000101871800 40000000101871787 6.01075739884 6.20655 -4.64912 -12.2344
9.15956 40000000101871788 40000000101871787 40000000101871800 40000000101871786 5.84661374788 7.97829 -4.0385 -13.4246
9.02239 40000000101871878 40000000101871877 40000000101871882 40000000101871876 8.9079991856 -4.93905 0.938499 -8.01927
9.22845 40000000101871877 40000000101871876 40000000101871882 40000000101871875 8.44947629437 -2.02638 1.84193 5.1138
9.26896 40000000101871876 40000000101871875 40000000101871882 40000000101871874 8.01217294887 -0.366061 0.342855 5.95386
9.42157 40000000101871875 40000000101871874 40000000101871882 40000000101871873 7.59510714987 0.626097 -6.33963 9.51893
9.42893 40000000101871874 40000000101871867 40000000101871882 40000000101871866 5.84661374788 1.14408 -6.2609 7.16392
9.45833 40000000101871867 40000000101871866 40000000101871882 40000000101871865 5.52976580795 2.22638 -1.93207 10.224
9.47176 40000000101871866 40000000101871865 40000000101871882 40000000101871864 5.22758097313 -4.46406 -4.22969 7.26031
9.49431 40000000101871865 40000000101871864 40000000101871882 40000000101871863 4.99593346816 -5.09177 -1.46198 3.997
9.50055 40000000101871864 40000000101871863 40000000101871882 40000000101871862 4.93938066349 -2.31251 -4.89451 3.04012
9.41282 40000000101871886 40000000101871885 40000000101871888 40000000101871884 2.89578500573 -7.85465 2.72821 7.2584
9.1193 40000000101871949 40000000101871948 40000000101871955 40000000101871947 8.01217294887 -26.1902 -7.26014 7.76881
9.14108 40000000101871948 40000000101871947 40000000101871955 40000000101871946 7.59510714987 -7.13482 -6.26151 6.5388
9.37319 40000000101871947 40000000101871946 40000000101871955 40000000101871945 7.23627606617 -2.68875 -0.276707 9.11938
9.41534 40000000101871946 40000000101871944 40000000101871955 40000000101871943 6.85511726265 -3.66818 1.16135 7.78497
9.51873 40000000101871944 40000000101871943 40000000101871955 40000000101871942 6.49159774567 3.83834 5.99736 6.25826
9.60462 40000000101871943 40000000101871942 40000000101871955 40000000101871941 6.14490120342 9.4724 5.14693 6.45497
9.65945 40000000101871942 40000000101871941 40000000101871955 40000000101871940 6.01075739884 11.8559 4.8411 5.40351
9.71762 40000000101871941 40000000101871940 40000000101871955 40000000101871939 5.84661374788 19.1529 6.54147 7.0253
9.78742 40000000101871940 40000000101871939 40000000101871955 40000000101871938 5.52976580795 17.1548 4.35954 1.00938
9.82954 40000000101871939 40000000101871938 40000000101871955 40000000101871937 5.22758097313 11.8844 -1.37409 5.8819
9.89455 40000000101871938 40000000101871935 40000000101871955 40000000101871934 4.66451770247 13.6312 -0.969498 9.26041
9.90484 40000000101871935 40000000101871931 40000000101871955 40000000101871930 3.93726108473 17.8038 6.99256 15.3029
9.9411 40000000101871931 40000000101871930 40000000101871955 40000000101871929 3.70877426464 17.9801 -1.6985 20.0683
9.13154 40000000101872082 40000000101872081 40000000101872088 40000000101872080 8.44947629437 6.63002 -0.815826 1.63671
9.13394 40000000101872081 40000000101872080 40000000101872088 40000000101872079 8.01217294887 6.09245 2.18758 -2.19163
9.1663 40000000101872080 40000000101872079 40000000101872088 40000000101872078 7.59510714987 4.14782 0.432125 -4.47339
9.19433 40000000101872079 40000000101872077 40000000101872088 40000000101872076 7.00541704554 3.76911 -1.2893 0.0619357
9.2026 40000000101872077 40000000101872076 40000000101872088 40000000101872075 6.85511726265 4.69825 -2.19053 0.686391
9.25828 40000000101872076 40000000101872075 40000000101872088 40000000101872074 6.49159774567 9.42497 -6.23263 4.16493
9.27594 40000000101872075 40000000101872074 40000000101872088 40000000101872073 6.14490120342 4.94284 -3.8001 -4.2018
9.2811 40000000101872074 40000000101872067 40000000101872088 40000000101872066 4.66451770247 1.69184 -3.58573 11.5155
9.7519 40000000101872067 40000000101872065 40000000101872088 40000000101872064 4.17683491473 -6.37186 -23.1052 0.286899
9.83816 40000000101872065 40000000101872064 40000000101872088 40000000101872063 4.00794511147 -1.17663 -23.271 2.79885
9.87929 40000000101872064 40000000101872063 40000000101872088 40000000101872062 3.93726108473 -5.06531 -9.34802 -7.77848
11.8227 40000000101872063 40000000101872033 40000000101872088 40000000101871474 0.923000816178 -359.563 17.5659 -227.268
9.01298 40000000101872124 40000000101872123 40000000101872127 40000000101872122 8.01217294887 -5.07728 -2.90809 -1.3865
9.08309 40000000101872123 40000000101872121 40000000101872127 40000000101872120 7.23627606617 -6.62568 -0.110993 -3.54766
9.14344 40000000101872121 40000000101872120 40000000101872127 40000000101872119 7.00541704554 -3.89284 -2.13046 -2.38064
9.26365 40000000101872120 40000000101872118 40000000101872127 40000000101872117 6.49159774567 -1.54386 13.5164 -9.97388
9.38948 40000000101872118 40000000101872116 40000000101872127 40000000101872115 6.01075739884 -5.67545 11.0827 -12.3947
9.39214 40000000101872116 40000000101872113 40000000101872127 40000000101872112 5.22758097313 -2.04077 3.56424 -6.02289
9.44564 40000000101872113 40000000101872111 40000000101872127 40000000101872110 4.93938066349 -4.298 -4.31585 -12.2182
9.62056 40000000101872111 40000000101872110 40000000101872127 40000000101872109 4.66451770247 0.699901 -39.5721 -34.6613
9.66017 40000000101872110 40000000101872109 40000000101872127 40000000101872108 4.42803373661 4.44739 -26.1091 -4.92123
9.76836 40000000101872109 40000000101872105 40000000101872127 40000000101872104 3.70877426464 2.01824 -9.12992 6.55726
9.01298 40000000101872458 40000000101872457 40000000101872462 40000000101872456 9.99659046619 -0.133582 1.062 -4.64966
9.12424 40000000101872457 40000000101872456 40000000101872462 40000000101872455 9.84138043947 0.402765 5.32525 -0.482396
9.30763 40000000101872456 40000000101872455 40000000101872462 40000000101872454 9.38877127194 -0.601504 3.4388 -1.67722
9.33866 40000000101872455 40000000101872454 40000000101872462 40000000101872453 9.00233985416 -1.33203 2.43045 -2.09521
9.34165 40000000101872454 40000000101872453 40000000101872462 40000000101872452 8.9079991856 -1.18513 2.80192 -2.14794
9.53713 40000000101872453 40000000101872452 40000000101872462 40000000101872451 8.44947629437 2.01968 4.19716 -6.49079
9.56557 40000000101872452 40000000101872451 40000000101872462 40000000101872450 8.01217294887 1.36509 3.93407 -5.07429
9.62985 40000000101872451 40000000101872450 40000000101872462 40000000101872449 7.59510714987 1.48205 1.98361 -6.86291
9.76892 40000000101872450 40000000101872449 40000000101872462 40000000101872448 7.23627606617 11.1479 -1.32393 -9.16114
9.81578 40000000101872449 40000000101872448 40000000101872462 40000000101872447 7.00541704554 18.6657 -0.144508 -12.7812
9.85853 40000000101872448 40000000101872447 40000000101872462 40000000101872446 6.85511726265 16.6881 -2.96624 -6.66666
9.92315 40000000101872447 40000000101872446 40000000101872462 40000000101872445 6.49159774567 17.5116 -2.79281 -7.55614
10.0155 40000000101872446 40000000101872445 40000000101872462 40000000101872444 6.14490120342 9.0408 -6.68196 4.3106
10.0629 40000000101872445 40000000101872444 40000000101872462 40000000101872443 6.01075739884 11.3819 -4.99758 -7.40237
10.0801 40000000101872444 40000000101872443 40000000101872462 40000000101872442 5.84661374788 6.486 -10.14 -3.04291
10.1511 40000000101872443 40000000101872442 40000000101872462 40000000101872441 5.52976580795 8.49699 -19.395 -5.24765
10.2952 40000000101872442 40000000101872441 40000000101872462 40000000101872440 5.22758097313 26.622 4.5501 21.4286
10.3436 40000000101872441 40000000101872438 40000000101872462 40000000101872437 4.66451770247 11.0644 -25.2322 40.0892
10.4535 40000000101872438 40000000101872437 40000000101872462 40000000101872436 4.42803373661 16.1158 -20.8755 129.245
10.5134 40000000101872437 40000000101872436 40000000101872462 40000000101872435 4.17683491473 16.8815 -54.8707 164.225
10.574 40000000101872436 40000000101872435 40000000101872462 40000000101872434 4.00794511147 35.3958 -62.2127 177.775
10.5842 40000000101872435 40000000101872434 40000000101872462 40000000101872433 3.93726108473 40.8718 -42.7708 186.601
10.6485 40000000101872434 40000000101872433 40000000101872462 40000000101872432 3.70877426464 43.497 -70.0344 188.903
10.7397 40000000101872433 40000000101872432 40000000101872462 40000000101872431 3.49086136926 30.5767 -164.585 117.118
10.802 40000000101872432 40000000101872431 40000000101872462 40000000101872430 3.28303305796 13.7548 -219.967 63.1469
10.8334 40000000101872431 40000000101872430 40000000101872462 40000000101872429 3.08482263583 -0.602439 -206.596 80.3202
10.8515 40000000101872430 40000000101872429 40000000101872462 40000000101872428 3.00813107163 14.0867 -220.256 73.5859
10.8595 40000000101872429 40000000101872428 40000000101872462 40000000101872427 2.89578500573 16.6278 -198.466 84.545
10.9141 40000000101872428 40000000101872427 40000000101872462 40000000101872426 2.73314261732 -15.2314 -335.074 33.1966
10.9527 40000000101872427 40000000101872426 40000000101872462 40000000101872425 2.5772902716 -25.4336 -366.506 35.5442
10.9594 40000000101872426 40000000101872422 40000000101872462 40000000101872421 2.1032696526 -15.1247 -133.829 -144.889
10.9687 40000000101872422 40000000101872421 40000000101872462 40000000101872420 2.00202813925 -9.75053 -152.565 -188.194
11.083 40000000101872421 40000000101872420 40000000101872462 40000000101872419 1.90408954353 -48.7517 -185.814 -125.955
11.147 40000000101872420 40000000101872419 40000000101872462 40000000101872418 1.82268925262 -61.6701 -165.126 -108.085
11.1698 40000000101872419 40000000101872418 40000000101872462 40000000101872417 1.74357057433 -81.5021 -153.809 -161.69
11.1894 40000000101872418 40000000101872413 40000000101872462 40000000101872412 1.41409822037 -237.624 -449.851 -277.664
9.10415 40000000101872633 40000000101872632 40000000101872637 40000000101872631 8.01217294887 -0.486768 -0.136208 -0.123569
9.36481 40000000101872632 40000000101872631 40000000101872637 40000000101872630 7.59510714987 -8.68832 1.43439 7.77462
9.51275 40000000101872631 40000000101872630 40000000101872637 40000000101872629 7.23627606617 -8.93852 -3.94466 4.29475
9.56201 40000000101872630 40000000101872629 40000000101872637 40000000101872628 7.00541704554 -13.7535 -1.98479 6.78927
9.63138 40000000101872629 40000000101872628 40000000101872637 40000000101872627 6.85511726265 -18.5527 3.39636 -3.08986
9.70749 40000000101872628 40000000101872627 40000000101872637 40000000101872626 6.49159774567 -26.5646 -14.1077 9.08383
9.80466 40000000101872627 40000000101872626 40000000101872637 40000000101872625 6.14490120342 -16.8494 -1.21005 17.365
9.84099 40000000101872626 40000000101872625 40000000101872637 40000000101872624 6.01075739884 -24.29 -12.4548 14.1648
9.87452 40000000101872625 40000000101872624 40000000101872637 40000000101872623 5.84661374788 -27.1012 -22.33 18.7036
9.93997 40000000101872624 40000000101872623 40000000101872637 40000000101872622 5.52976580795 -37.1874 -7.19209 56.4052
9.09111 40000000101872686 40000000101872685 40000000101872694 40000000101872684 4.99593346816 6.65032 -2.26476 -9.80118
9.19013 40000000101872685 40000000101872683 40000000101872694 40000000101872682 4.66451770247 6.12421 -1.16835 4.51845
9.06378 40000000101872711 40000000101872710 40000000101872725 40000000101872709 4.00794511147 5.23272 11.6566 -0.0676682
9.08309 40000000101872710 40000000101872707 40000000101872725 40000000101872706 3.49086136926 -3.6236 11.5972 0.848543
9.12912 40000000101872819 40000000101872818 40000000101872825 40000000101872817 6.14490120342 -8.93737 14.4062 -2.30416
9.16852 40000000101872818 40000000101872816 40000000101872825 40000000101872815 5.84661374788 -3.12704 7.94632 -5.02637
9.19641 40000000101872816 40000000101872815 40000000101872825 40000000101872814 5.52976580795 0.115836 11.9855 0.0239206
9.26008 40000000101872815 40000000101872814 40000000101872825 40000000101872813 5.22758097313 3.5691 6.97614 -0.619406
9.33716 40000000101872814 40000000101872813 40000000101872825 40000000101872812 4.99593346816 4.01664 0.904116 -3.13789
9.3634 40000000101872813 40000000101872812 40000000101872825 40000000101872811 4.93938066349 5.2533 4.63856 -1.1116
9.37042 40000000101872812 40000000101872811 40000000101872825 40000000101872810 4.66451770247 -0.0733163 6.94442 -1.19116
9.38141 40000000101872811 40000000101872810 40000000101872825 40000000101872809 4.42803373661 -0.259271 0.05774 -3.05631
9.01298 40000000101872883 40000000101872882 40000000101872895 40000000101872881 3.28303305796 -3.97132 20.2197 -12.7436
9.03463 40000000101872882 40000000101872881 40000000101872895 40000000101872880 3.08482263583 -4.85395 21.9293 -11.5931
9.07492 40000000101872881 40000000101872880 40000000101872895 40000000101872879 3.00813107163 -3.64706 23.6916 -16.4478
9.01928 40000000101872933 40000000101872932 40000000101872937 40000000101872931 5.52976580795 -5.1327 2.19741 10.963
9.08578 40000000101872932 40000000101872931 40000000101872937 40000000101872930 5.22758097313 -3.43888 0.140802 11.8844
9.11431 40000000101872931 40000000101872923 40000000101872937 40000000101872922 3.70877426464 -1.23529 0.818463 6.47692
9.13634 40000000101872923 40000000101872922 40000000101872937 40000000101872921 3.49086136926 3.34309 10.1221 2.57935
9.15273 40000000101872922 40000000101872920 40000000101872937 40000000101872919 3.08482263583 -1.74159 10.0042 3.0851
9.18802 40000000101872920 40000000101872918 40000000101872937 40000000101872917 2.89578500573 -1.484 7.0515 3.88583
9.07766 40000000101873000 40000000101872999 40000000101873008 40000000101872998 7.00541704554 4.58636 3.71164 3.74042
9.10926 40000000101872999 40000000101872998 40000000101873008 40000000101872997 6.85511726265 5.91618 0.508849 3.77033
9.15502 40000000101872998 40000000101872997 40000000101873008 40000000101872996 6.49159774567 9.51891 -1.79966 3.11421
9.19641 40000000101872997 40000000101872996 40000000101873008 40000000101872995 6.14490120342 6.30178 -1.03802 3.12192
9.80312 40000000101872996 40000000101872994 40000000101873008 40000000101872993 5.84661374788 -41.2548 -18.4674 -17.1732
9.8767 40000000101872994 40000000101872993 40000000101873008 40000000101872992 5.52976580795 -45.0424 -26.4955 1.11927
9.96934 40000000101872993 40000000101872992 40000000101873008 40000000101872991 5.22758097313 -36.9955 -22.7965 17.3452
10.0236 40000000101872992 40000000101872991 40000000101873008 40000000101872990 4.99593346816 -32.8736 -28.8406 9.84672
10.0691 40000000101872991 40000000101872990 40000000101873008 40000000101872989 4.93938066349 -34.4219 -26.7113 28.4779
10.0953 40000000101872990 40000000101872989 40000000101873008 40000000101872988 4.66451770247 -36.1258 -29.4767 26.8295
10.1113 40000000101872989 40000000101872988 40000000101873008 40000000101872987 4.42803373661 -30.2088 -24.9125 16.0299
10.1525 40000000101872988 40000000101872983 40000000101873008 40000000101872982 3.49086136926 -34.7997 -29.1336 -29.0175
10.1559 40000000101872983 40000000101872981 40000000101873008 40000000101872980 3.08482263583 -37.2091 -6.14623 -27.0291
10.1865 40000000101872981 40000000101872980 40000000101873008 40000000101872979 3.00813107163 -24.8037 -16.6941 -26.6311
10.2034 40000000101872980 40000000101872979 40000000101873008 40000000101872978 2.89578500573 -21.5127 -11.3252 -26.1896
10.2369 40000000101872979 40000000101872978 40000000101873008 40000000101872977 2.73314261732 -36.5764 -14.2203 -27.9981
9.01928 40000000101873060 40000000101873059 40000000101873069 40000000101873058 8.44947629437 -0.0724502 0.723177 -1.1281
9.22066 40000000101873059 40000000101873057 40000000101873069 40000000101873056 7.59510714987 -1.45059 -8.78021 4.28049
9.30278 40000000101873057 40000000101873052 40000000101873069 40000000101873051 6.14490120342 -0.61387 -0.229901 -5.91441
9.40646 40000000101873052 40000000101873051 40000000101873069 40000000101873050 6.01075739884 -15.5799 3.68908 2.69601
9.02855 40000000101873095 40000000101873094 40000000101873106 40000000101873093 6.49159774567 -5.50928 0.967838 -1.91979
9.07216 40000000101873094 40000000101873093 40000000101873106 40000000101873092 6.14490120342 -10.836 -0.726722 -4.79924
9.08038 40000000101873093 40000000101873092 40000000101873106 40000000101873091 6.01075739884 -14.367 -1.14069 0.625831
9.10671 40000000101873092 40000000101873091 40000000101873106 40000000101873090 5.84661374788 -13.5078 -2.10592 -2.0486
9.10671 40000000101873091 40000000101873089 40000000101873106 40000000101873088 5.22758097313 -8.09762 0.0264687 3.12814
9.12668 40000000101873089 40000000101873088 40000000101873106 40000000101873087 4.99593346816 -8.09831 -4.00333 -0.87927
9.15502 40000000101873088 40000000101873085 40000000101873106 40000000101873084 4.42803373661 -8.71461 -1.14723 2.42024
9.17946 40000000101873085 40000000101873083 40000000101873106 40000000101873082 4.00794511147 -2.41361 0.872375 -2.67545
9.4651 40000000101873143 40000000101873142 40000000101873143 40000000101873141 0.700106353719 3.14379 1.57043 -1.86486
9.53523 40000000101873142 40000000101873141 40000000101873143 40000000101869131 0.676110411213 -2.5716 5.78194 -2.87309
9.0098 40000000101873259 40000000101873258 40000000101873270 40000000101873257 3.28303305796 7.56181 5.38358 -6.39657
9.05524 40000000101873258 40000000101873257 40000000101873270 40000000101873256 3.08482263583 7.57225 2.76857 -6.54993
9.08309 40000000101873257 40000000101873256 40000000101873270 40000000101873255 3.00813107163 8.04754 4.09782 -4.04525
9.10671 40000000101873256 40000000101873254 40000000101873270 40000000101873253 2.73314261732 8.68047 4.14801 -2.67181
9.14811 40000000101873254 40000000101873253 40000000101873270 40000000101873252 2.5772902716 8.87726 1.26717 -6.01744
9.09898 40000000101873343 40000000101873342 40000000101873360 40000000101873341 1.90408954353 7.77827 -0.857631 1.21828
9.12912 40000000101873342 40000000101873341 40000000101873360 40000000101873340 1.82268925262 7.289 0.814688 4.6518
9.14344 40000000101873341 40000000101873340 40000000101873360 40000000101873339 1.74357057433 10.0862 3.07938 2.26241
9.16182 40000000101873340 40000000101873339 40000000101873360 40000000101873338 1.66666955611 3.81895 1.39484 2.2157
9.19641 40000000101873339 40000000101873338 40000000101873360 40000000101873337 1.60423452207 5.28769 1.46134 4.39217
9.0098 40000000101873452 40000000101873451 40000000101873459 40000000101873450 7.00541704554 -6.33297 -0.14533 -9.05998
9.06378 40000000101873451 40000000101873448 40000000101873459 40000000101873447 6.14490120342 -2.25677 -0.259749 -4.45326
9.13394 40000000101873448 40000000101873447 40000000101873459 40000000101873446 6.01075739884 -1.67017 -3.28196 -4.42482
9.22651 40000000101873447 40000000101873444 40000000101873459 40000000101873443 5.22758097313 4.10759 -0.539432 3.58762
9.23229 40000000101873444 40000000101873443 40000000101873459 40000000101873442 4.99593346816 -0.714044 -4.61819 0.596478
9.24733 40000000101873443 40000000101873441 40000000101873459 40000000101873440 4.66451770247 2.88448 -2.37038 1.28072
9.28788 40000000101873441 40000000101873439 40000000101873459 40000000101873438 4.17683491473 4.68717 -4.06513 3.02925
9.31874 40000000101873439 40000000101873438 40000000101873459 40000000101873437 4.00794511147 2.33347 -7.15551 -0.121188
9.31874 40000000101873438 40000000101873437 40000000101873459 40000000101873436 3.93726108473 2.16455 -13.0852 0.236134
9.32342 40000000101873437 40000000101873436 40000000101873459 40000000101873435 3.70877426464 2.18866 -7.43771 1.21877
9.36902 40000000101873436 40000000101873435 40000000101873459 40000000101873434 3.49086136926 4.1027 -10.6576 1.14739
9.45946 40000000101873435 40000000101873434 40000000101873459 40000000101873433 3.28303305796 11.9655 -14.1305 -1.2532
9.54836 40000000101873434 40000000101873429 40000000101873459 40000000101873428 2.5772902716 18.0738 -11.8023 3.58649
9.0666 40000000101873665 40000000101873664 40000000101873670 40000000101873663 6.14490120342 3.69916 -6.01812 6.59505
9.09637 40000000101873664 40000000101873663 40000000101873670 40000000101873662 6.01075739884 5.1906 -7.02726 8.10253
9.11431 40000000101873663 40000000101873662 40000000101873670 40000000101873661 5.84661374788 4.31148 -6.87182 7.04973
9.2342 40000000101873662 40000000101873661 40000000101873670 40000000101873660 5.52976580795 2.95082 -7.21719 4.55594
9.2845 40000000101873661 40000000101873660 40000000101873670 40000000101873659 5.22758097313 -3.32413 -9.61205 0.781985
9.32497 40000000101873660 40000000101873659 40000000101873670 40000000101873658 4.99593346816 -0.145033 -8.868 0.293907
9.34756 40000000101873659 40000000101873657 40000000101873670 40000000101873656 4.66451770247 6.6772 -9.31833 0.423927
9.43257 40000000101873657 40000000101873656 40000000101873670 40000000101873655 4.42803373661 23.7217 -9.34114 2.57358
9.56999 40000000101873656 40000000101873654 40000000101873670 40000000101873653 4.00794511147 50.736 -6.98546 11.482
9.69118 40000000101873654 40000000101873652 40000000101873670 40000000101873651 3.70877426464 41.0551 -11.9778 14.2955
9.74314 40000000101873652 40000000101873650 40000000101873670 40000000101873649 3.28303305796 32.4988 -10.2791 19.3135
9.75364 40000000101873650 40000000101873649 40000000101873670 40000000101873648 3.08482263583 38.0424 -7.87836 10.4118
9.77608 40000000101873649 40000000101873648 40000000101873670 40000000101873647 3.00813107163 47.4821 -7.59863 12.7528
9.77881 40000000101873648 40000000101873647 40000000101873670 40000000101873646 2.89578500573 45.0725 -9.94713 10.8305
9.48372 40000000101873673 40000000101873672 40000000101873690 40000000101873671 3.93726108473 37.4626 -5.04589 4.72155
9.0066 40000000101873780 40000000101873779 40000000101873785 40000000101873778 5.84661374788 -4.88602 -12.3235 -4.26786
9.06096 40000000101873779 40000000101873778 40000000101873785 40000000101873777 5.52976580795 -5.35635 -6.66675 -4.33661
9.10415 40000000101873778 40000000101873777 40000000101873785 40000000101873776 5.22758097313 -3.84612 -8.31697 -8.69665
9.15502 40000000101873777 40000000101873776 40000000101873785 40000000101873775 4.99593346816 -1.41607 -4.05635 -5.71492
9.17073 40000000101873776 40000000101873775 40000000101873785 40000000101873774 4.93938066349 -2.88896 -4.1121 -5.56752
9.30602 40000000101873775 40000000101873774 40000000101873785 40000000101873773 4.66451770247 -0.675653 -14.5689 0.388073
9.38141 40000000101873774 40000000101873773 40000000101873785 40000000101873772 4.42803373661 -1.97456 -30.8599 11.3678
9.41029 40000000101873773 40000000101873772 40000000101873785 40000000101873771 4.17683491473 -6.38686 -20.5385 1.1264
9.44564 40000000101873772 40000000101873771 40000000101873785 40000000101873770 4.00794511147 0.255997 -13.1411 1.90068
9.49951 40000000101873771 40000000101873769 40000000101873785 40000000101873768 3.70877426464 0.338858 -21.1856 3.11489
9.84052 40000000101873769 40000000101873765 40000000101873785 40000000101873764 3.00813107163 7.33027 39.8547 31.0402
9.84428 40000000101873765 40000000101873764 40000000101873785 40000000101873763 2.89578500573 10.9305 34.8876 34.6944
9.85307 40000000101873764 40000000101873763 40000000101873785 40000000101873762 2.73314261732 12.8143 18.4766 25.4622
9.96688 40000000101873763 40000000101873762 40000000101873785 40000000101873761 2.5772902716 10.7612 -0.407501 23.038
10.16 40000000101873762 40000000101873759 40000000101873785 40000000101873758 2.20792547238 1.54384 59.1247 -52.8155
9.04945 40000000101873800 40000000101873799 40000000101873815 40000000101873798 4.00794511147 6.46996 -5.33 -2.99259
9.2026 40000000101873799 40000000101873797 40000000101873815 40000000101873796 3.70877426464 6.00915 3.06302 -7.49944
9.45261 40000000101873797 40000000101873796 40000000101873815 40000000101873795 3.49086136926 7.34068 23.1572 11.919
9.76106 40000000101873796 40000000101873795 40000000101873815 40000000101873794 3.28303305796 16.1619 10.1064 10.7402
9.84985 40000000101873795 40000000101873794 40000000101873815 40000000101873764 3.08482263583 11.1692 36.4144 27.1882
9.00012 40000000101874069 40000000101874068 40000000101874070 40000000101874067 9.00233985416 0.367416 1.75253 0.790189
9.02855 40000000101874068 40000000101874066 40000000101874070 40000000101874065 8.44947629437 2.19483 1.07133 -0.119567
9.46844 40000000101874066 40000000101874065 40000000101874070 40000000101874064 8.01217294887 0.491456 -4.44686 -2.7143
9.55751 40000000101874065 40000000101874064 40000000101874070 40000000101874063 7.59510714987 2.42087 -3.80592 -0.464214
9.62908 40000000101874064 40000000101874063 40000000101874070 40000000101874062 7.23627606617 0.432318 0.0385255 -3.10455
9.67491 40000000101874063 40000000101874062 40000000101874070 40000000101874061 7.00541704554 2.43314 0.971231 0.534323
9.76444 40000000101874062 40000000101874061 40000000101874070 40000000101874060 6.85511726265 1.86147 -1.03987 1.45771
9.84052 40000000101874061 40000000101874060 40000000101874070 40000000101874059 6.49159774567 10.2695 -7.50749 -1.5099
10.0292 40000000101874060 40000000101874059 40000000101874070 40000000101874058 6.14490120342 15.8133 -2.69604 -29.5768
10.1467 40000000101874059 40000000101874058 40000000101874070 40000000101874057 6.01075739884 28.8602 -18.9605 -41.9973
10.3486 40000000101874058 40000000101874056 40000000101874070 40000000101874055 5.52976580795 30.6865 7.70511 -17.6424
10.4305 40000000101874056 40000000101874055 40000000101874070 40000000101874054 5.22758097313 24.4712 15.2559 3.71219
10.5058 40000000101874055 40000000101874054 40000000101874070 40000000101874053 4.99593346816 13.0908 10.6228 24.6266
10.5507 40000000101874054 40000000101874053 40000000101874070 40000000101874052 4.93938066349 12.9118 30.4385 46.9273
10.5796 40000000101874053 40000000101874052 40000000101874070 40000000101874051 4.66451770247 11.3506 45.2088 46.7522
10.5968 40000000101874052 40000000101874051 40000000101874070 40000000101874050 4.42803373661 11.5662 44.6416 31.349
10.6388 40000000101874051 40000000101874050 40000000101874070 40000000101874049 4.17683491473 3.0484 40.4203 36.403
10.6569 40000000101874050 40000000101874048 40000000101874070 40000000101874047 3.93726108473 0.11593 49.5827 33.4643
10.6696 40000000101874048 40000000101874040 40000000101874070 40000000101874039 2.5772902716 41.0463 28.2971 32.6122
11.0014 40000000101874040 40000000101874038 40000000101874070 40000000101874037 2.31611074396 85.8296 -134.486 -442.453
11.228 40000000101874038 40000000101874031 40000000101874070 40000000101874030 1.66666955611 -245.665 -505.288 -89.3266
11.3855 40000000101874031 40000000101874030 40000000101874070 40000000101874029 1.60423452207 -312.527 -630.525 -200.74
10.2014 40000000101874117 40000000101874116 40000000101874119 40000000101874056 5.84661374788 23.0859 -17.6655 -43.6496
9.01928 40000000101874145 40000000101874144 40000000101874149 40000000101874143 9.00233985416 0.630129 3.41592 -5.7722
9.02239 40000000101874144 40000000101874143 40000000101874149 40000000101874142 8.9079991856 0.63713 2.98231 -4.96463
9.08038 40000000101874143 40000000101874142 40000000101874149 40000000101874141 8.44947629437 0.792664 3.57194 -3.68118
9.09898 40000000101874142 40000000101874141 40000000101874149 40000000101874140 8.01217294887 2.46006 3.61752 -1.7399
9.33263 40000000101874141 40000000101874140 40000000101874149 40000000101874139 7.59510714987 -7.61639 1.94102 10.411
9.47066 40000000101874140 40000000101874139 40000000101874149 40000000101874138 7.23627606617 -14.7531 -1.91353 16.4165
9.47286 40000000101874139 40000000101874138 40000000101874149 40000000101874137 7.00541704554 -18.2262 -3.24019 28.6128
9.49744 40000000101874138 40000000101874137 40000000101874149 40000000101874136 6.85511726265 -25.0927 -11.4728 35.9597
9.00012 40000000101874186 40000000101874185 40000000101874196 40000000101874184 7.23627606617 -3.09821 1.89886 -1.82121
9.03463 40000000101874185 40000000101874184 40000000101874196 40000000101874183 7.00541704554 -0.179688 -0.205254 -0.382789
9.02855 40000000101874215 40000000101874214 40000000101874227 40000000101874213 5.22758097313 19.4966 6.71507 2.49311
9.0316 40000000101874258 40000000101874257 40000000101874262 40000000101874256 9.99659046619 -2.2437 3.55617 1.92383
9.10415 40000000101874257 40000000101874255 40000000101874262 40000000101874254 9.38877127194 -0.637083 0.964076 1.0423
9.15042 40000000101874255 40000000101874254 40000000101874262 40000000101874253 9.00233985416 -2.25345 0.243308 4.13856
9.15956 40000000101874254 40000000101874253 40000000101874262 40000000101874252 8.9079991856 -2.18441 0.687919 3.45979
9.20055 40000000101874253 40000000101874252 40000000101874262 40000000101874251 8.44947629437 1.17147 2.32592 1.29621
9.3156 40000000101874252 40000000101874251 40000000101874262 40000000101874250 8.01217294887 1.32994 0.177672 3.79124
9.37181 40000000101874251 40000000101874250 40000000101874262 40000000101874249 7.59510714987 1.03192 1.162 3.14461
9.45376 40000000101874250 40000000101874249 40000000101874262 40000000101874248 7.23627606617 1.51534 4.00032 2.72399
9.50465 40000000101874249 40000000101874248 40000000101874262 40000000101874247 7.00541704554 -0.0424192 2.54967 2.58335
9.53902 40000000101874248 40000000101874247 40000000101874262 40000000101874246 6.85511726265 -1.49751 -0.669411 3.80101
9.61186 40000000101874247 40000000101874246 40000000101874262 40000000101874245 6.49159774567 5.24637 2.49313 1.3285
9.7336 40000000101874246 40000000101874245 40000000101874262 40000000101874244 6.14490120342 -2.53549 -4.82831 2.00308
9.77113 40000000101874245 40000000101874243 40000000101874262 40000000101874242 5.84661374788 -1.68224 -14.18 4.26122
9.01298 40000000101874499 40000000101874498 40000000101874503 40000000101874497 6.49159774567 -0.516549 -2.11052 -6.82595
9.13634 40000000101874498 40000000101874497 40000000101874503 40000000101874496 6.14490120342 -0.45131 -0.209446 -0.655449
9.15502 40000000101874497 40000000101874495 40000000101874503 40000000101874494 5.84661374788 -0.192495 -1.95617 1.19437
9.29787 40000000101874495 40000000101874493 40000000101874503 40000000101874492 5.22758097313 -3.51059 5.41487 3.30427
9.35194 40000000101874493 40000000101874491 40000000101874503 40000000101874490 4.93938066349 -3.31009 12.625 3.00183
9.43856 40000000101874491 40000000101874490 40000000101874503 40000000101874489 4.66451770247 0.0712883 -2.59747 -5.73918
9.55387 40000000101874490 40000000101874489 40000000101874503 40000000101874488 4.42803373661 -1.75077 -6.76854 -8.12435
9.66936 40000000101874489 40000000101874488 40000000101874503 40000000101874487 4.17683491473 0.17146 -5.53039 -6.88078
9.79219 40000000101874488 40000000101874487 40000000101874503 40000000101874486 4.00794511147 -4.02042 -0.126105 -16.7137
9.87972 40000000101874487 40000000101874486 40000000101874503 40000000101874485 3.93726108473 4.04529 -1.49697 -44.3626
9.96334 40000000101874486 40000000101874485 40000000101874503 40000000101874484 3.70877426464 6.52669 0.0455808 -36.122
9.9932 40000000101874485 40000000101874484 40000000101874503 40000000101874483 3.49086136926 4.4067 2.42228 -32.9956
10.0361 40000000101874484 40000000101874483 40000000101874503 40000000101874482 3.28303305796 -3.52289 3.59165 -23.6656
10.0486 40000000101874483 40000000101874482 40000000101874503 40000000101874481 3.08482263583 4.9305 4.25483 -19.3873
10.0621 40000000101874482 40000000101874481 40000000101874503 40000000101874480 3.00813107163 4.86983 6.9922 -14.7926
10.0782 40000000101874481 40000000101874480 40000000101874503 40000000101874479 2.89578500573 22.5669 13.1426 -9.24948
10.1176 40000000101874480 40000000101874479 40000000101874503 40000000101874478 2.73314261732 28.7076 13.4566 -19.0401
10.1842 40000000101874479 40000000101874478 40000000101874503 40000000101874477 2.5772902716 48.0869 0.0886655 -23.4047
10.2959 40000000101874478 40000000101874477 40000000101874503 40000000101874476 2.44422570455 86.6061 -0.206501 -59.8681
10.4323 40000000101874477 40000000101874476 40000000101874503 40000000101874475 2.31611074396 128.628 -21.2622 -130.966
10.4899 40000000101874476 40000000101874475 40000000101874503 40000000101874474 2.20792547238 143.32 -2.56509 -170.485
10.5202 40000000101874475 40000000101874474 40000000101874503 40000000101874473 2.1032696526 128.477 -32.8455 -149.342
10.555 40000000101874474 40000000101874473 40000000101874503 40000000101874472 2.00202813925 157.823 -7.50688 -129.908
10.5837 40000000101874473 40000000101874471 40000000101874503 40000000101874470 1.82268925262 161.633 -14.4139 -120.58
9.05235 40000000101874566 40000000101874565 40000000101874576 40000000101874564 4.66451770247 -1.09445 11.1642 0.164511
9.01298 40000000101874609 40000000101874608 40000000101874619 40000000101874607 4.00794511147 2.30534 1.89672 0.794924
9.06939 40000000101874608 40000000101874604 40000000101874619 40000000101874603 3.28303305796 1.42549 1.09599 -3.65286
9.09375 40000000101874604 40000000101874603 40000000101874619 40000000101874602 3.08482263583 -0.25914 -5.29894 -2.33187
9.14344 40000000101874603 40000000101874601 40000000101874619 40000000101874600 2.89578500573 -8.6053 -5.39008 -3.36695
9.0066 40000000101874637 40000000101874636 40000000101874645 40000000101874635 4.42803373661 -3.01678 -2.57039 -6.43366
9.0066 40000000101874636 40000000101874634 40000000101874645 40000000101874633 4.00794511147 -4.9567 -2.47388 -8.25129
9.04062 40000000101874634 40000000101874633 40000000101874645 40000000101874632 3.93726108473 -5.16984 -0.131525 -10.1053
9.10926 40000000101874633 40000000101874632 40000000101874645 40000000101874631 3.70877426464 -2.45212 -3.06516 -11.3921
9.17073 40000000101874632 40000000101874630 40000000101874645 40000000101874629 3.28303305796 -5.91047 -10.7382 -16.1069
9.17293 40000000101874630 40000000101874629 40000000101874645 40000000101874628 3.08482263583 -1.83585 -4.41346 -12.4368
9.18802 40000000101874629 40000000101874628 40000000101874645 40000000101874627 3.00813107163 -2.57045 -0.0915925 -11.493
9.04062 40000000101874681 40000000101874680 40000000101874693 40000000101874679 6.14490120342 -4.24201 -2.00063 -3.24631
9.04945 40000000101874680 40000000101874679 40000000101874693 40000000101874678 6.01075739884 -5.10771 -1.3769 -3.58134
9.07216 40000000101874679 40000000101874678 40000000101874693 40000000101874677 5.84661374788 -4.22982 -3.3871 -3.01304
9.08038 40000000101874678 40000000101874677 40000000101874693 40000000101874676 5.52976580795 -5.39338 -0.459999 -6.13977
9.15273 40000000101874677 40000000101874676 40000000101874693 40000000101874675 5.22758097313 -3.56713 -4.60323 -8.70947
9.21072 40000000101874676 40000000101874675 40000000101874693 40000000101874674 4.99593346816 -0.909347 -7.30795 -0.900805
9.21671 40000000101874675 40000000101874674 40000000101874693 40000000101874673 4.93938066349 -2.95402 -6.31189 -1.77423
9.25648 40000000101874674 40000000101874673 40000000101874693 40000000101874672 4.66451770247 -0.941523 -4.9797 -3.67346
9.32031 40000000101874673 40000000101874672 40000000101874693 40000000101874671 4.42803373661 0.610879 0.513046 -3.93929
9.32805 40000000101874672 40000000101874671 40000000101874693 40000000101874670 4.17683491473 -2.21726 5.01814 -3.208
9.36199 40000000101874671 40000000101874670 40000000101874693 40000000101874669 4.00794511147 -1.6275 1.70109 -5.84944
9.44211 40000000101874670 40000000101874668 40000000101874693 40000000101874667 3.70877426464 -6.77019 -5.48826 -10.4245
9.49221 40000000101874668 40000000101874667 40000000101874693 40000000101874666 3.49086136926 -9.52434 -8.52077 -9.21555
9.50055 40000000101874667 40000000101874666 40000000101874693 40000000101874665 3.28303305796 -10.0547 -7.48082 -11.3913
9.56201 40000000101874666 40000000101874665 40000000101874693 40000000101874664 3.08482263583 -8.04506 -10.314 -8.3775
9.63061 40000000101874665 40000000101874664 40000000101874693 40000000101874663 3.00813107163 -20.6629 -11.2635 -7.85559
9.65802 40000000101874664 40000000101874661 40000000101874693 40000000101874660 2.5772902716 -15.5056 -17.1118 -12.5341
9.01298 40000000101874722 40000000101874721 40000000101874731 40000000101874720 3.28303305796 1.83216 -6.7415 -0.808938
9.07766 40000000101874780 40000000101874779 40000000101874788 40000000101874778 5.52976580795 3.83926 3.82461 -3.62905
9.15273 40000000101874779 40000000101874778 40000000101874788 40000000101874777 5.22758097313 9.05927 -1.33002 -10.3474
9.19013 40000000101874778 40000000101874777 40000000101874788 40000000101874776 4.99593346816 8.40585 -2.30535 -8.61476
9.24175 40000000101874777 40000000101874776 40000000101874788 40000000101874775 4.93938066349 9.47309 -4.12785 -2.14005
9.53332 40000000101874776 40000000101874775 40000000101874788 40000000101874774 4.66451770247 18.8488 5.0125 15.2349
9.60866 40000000101874775 40000000101874774 40000000101874788 40000000101874773 4.42803373661 27.9371 4.9932 22.3756
9.65442 40000000101874774 40000000101874773 40000000101874788 40000000101874772 4.17683491473 32.2169 1.79973 19.7234
9.72074 40000000101874773 40000000101874772 40000000101874788 40000000101874771 4.00794511147 36.913 3.42069 26.5653
9.72691 40000000101874772 40000000101874771 40000000101874788 40000000101874770 3.93726108473 37.8706 0.944142 27.7325
9.77444 40000000101874771 40000000101874770 40000000101874788 40000000101874769 3.70877426464 37.7657 -0.229553 35.4041
9.81378 40000000101874770 40000000101874769 40000000101874788 40000000101874768 3.49086136926 38.8387 -5.39189 44.1583
9.8237 40000000101874769 40000000101874768 40000000101874788 40000000101874767 3.28303305796 32.9811 -2.20527 46.4341
9.85989 40000000101874768 40000000101874767 40000000101874788 40000000101874766 3.08482263583 23.5156 -3.54424 38.8193
9.88994 40000000101874767 40000000101874766 40000000101874788 40000000101874765 3.00813107163 22.4138 -9.60852 35.1448
9.07492 40000000101874793 40000000101874792 40000000101874799 40000000101874791 5.52976580795 8.41727 18.4869 5.60074
9.07492 40000000101874792 40000000101874790 40000000101874799 40000000101874789 4.99593346816 1.58407 14.2186 7.95607
9.00012 40000000101874892 40000000101874891 40000000101874901 40000000101874890 4.17683491473 -1.52344 -7.45731 0.0473638
9.0316 40000000101874891 40000000101874890 40000000101874901 40000000101874889 4.00794511147 0.343609 -8.47444 -3.38999
9.04358 40000000101874890 40000000101874889 40000000101874901 40000000101874888 3.93726108473 -1.82782 -8.39658 -5.16425
9.07766 40000000101874889 40000000101874888 40000000101874901 40000000101874887 3.70877426464 -6.19342 -4.39159 -5.0319
9.13394 40000000101874888 40000000101874887 40000000101874901 40000000101874886 3.49086136926 -13.1076 -8.47603 -12.2371
9.19641 40000000101874887 40000000101874886 40000000101874901 40000000101874885 3.28303305796 -22.8194 -5.47225 -17.4934
9.29951 40000000101874886 40000000101874885 40000000101874901 40000000101874884 3.08482263583 -18.7559 -0.230512 -11.5609
9.4964 40000000101874885 40000000101874883 40000000101874901 40000000101874882 2.89578500573 2.16009 15.6087 -8.31623
9.53044 40000000101874883 40000000101874882 40000000101874901 40000000101874881 2.73314261732 12.2264 22.0919 3.44201
9.66936 40000000101874882 40000000101874881 40000000101874901 40000000101874880 2.5772902716 -1.35821 4.42849 -10.0756
9.68515 40000000101874881 40000000101874880 40000000101874901 40000000101874879 2.44422570455 12.0243 17.3168 1.65416
9.08578 40000000101874907 40000000101874906 40000000101874929 40000000101874905 3.28303305796 1.69633 -6.23314 -5.87906
9.02855 40000000101875129 40000000101875128 40000000101875144 40000000101875127 4.66451770247 -0.315129 -0.866953 -8.34613
9.07216 40000000101875128 40000000101875127 40000000101875144 40000000101875126 4.42803373661 -0.696447 -3.9396 -3.99457
9.18802 40000000101875127 40000000101875126 40000000101875144 40000000101875125 4.17683491473 -5.30753 -0.720087 -19.8839
9.25101 40000000101875126 40000000101875125 40000000101875144 40000000101875124 4.00794511147 -3.70164 -8.38443 -12.8297
9.36763 40000000101875125 40000000101875123 40000000101875144 40000000101875122 3.70877426464 -3.15192 -3.73092 -8.0429
9.44681 40000000101875123 40000000101875122 40000000101875144 40000000101875121 3.49086136926 -4.43657 4.49081 4.43823
9.46172 40000000101875122 40000000101875115 40000000101875144 40000000101875114 2.44422570455 4.51425 17.4998 10.822
9.48049 40000000101875115 40000000101875085 40000000101875144 40000000101875084 0.732636182022 22.323 40.3838 -2.16227
9.01614 40000000101875241 40000000101875240 40000000101875254 40000000101875239 3.49086136926 -8.50768 -1.44309 -0.354757
9.02239 40000000101875240 40000000101875239 40000000101875254 40000000101875238 3.28303305796 -8.25015 -0.802837 -2.91033
9.06096 40000000101875239 40000000101875238 40000000101875254 40000000101875237 3.08482263583 -7.88508 0.815014 -1.12342
9.07492 40000000101875238 40000000101875237 40000000101875254 40000000101875236 3.00813107163 -7.99097 1.65473 -3.2013
9.09637 40000000101875237 40000000101875234 40000000101875254 40000000101875233 2.5772902716 -8.10626 6.7358 -6.84262
9.15042 40000000101875234 40000000101875233 40000000101875254 40000000101875232 2.44422570455 -8.57076 5.11392 -9.23607
