logMh | fpID | subhaloID | main leaf ID | descID |  z
9.11179 20000000021622446 20000000021622445 20000000021622447 20000000021622444 12.6747021048 4.22655 -8.26079 2.00058
9.15273 20000000021622445 20000000021622444 20000000021622447 20000000021622443 12.0418635439 4.36582 -6.15841 2.2674
9.2342 20000000021622444 20000000021622443 20000000021622447 20000000021622442 11.4973879548 2.18798 -3.6323 1.88337
9.25648 20000000021622443 20000000021622442 20000000021622447 20000000021622441 10.9190331982 3.63428 -5.52926 0.846043
9.49744 20000000021622442 20000000021622441 20000000021622447 20000000021622440 10.3674435724 10.6708 -4.88753 -0.205381
9.55751 20000000021622441 20000000021622440 20000000021622447 20000000021622439 9.99659046619 15.8467 -3.89898 -4.92532
9.62908 20000000021622440 20000000021622439 20000000021622447 20000000021622438 9.84138043947 19.2726 0.449371 -7.20822
9.68784 20000000021622439 20000000021622438 20000000021622447 20000000021622437 9.38877127194 19.1145 8.722 -2.1041
9.73118 20000000021622438 20000000021622437 20000000021622447 20000000021622436 9.00233985416 18.3915 6.4298 -4.8452
9.87321 20000000021622437 20000000021622435 20000000021622447 20000000021622434 8.44947629437 24.0947 12.2037 16.4574
9.98786 20000000021622435 20000000021622434 20000000021622447 20000000021622433 8.01217294887 25.5169 16.1492 12.0317
10.0322 20000000021622434 20000000021622433 20000000021622447 20000000021622432 7.59510714987 21.5299 13.1993 17.934
10.1451 20000000021622433 20000000021622432 20000000021622447 20000000021622431 7.23627606617 20.9303 1.99845 9.90664
10.1908 20000000021622432 20000000021622431 20000000021622447 20000000021622430 7.00541704554 19.7792 -1.45644 5.97897
10.2163 20000000021622431 20000000021622430 20000000021622447 20000000021622429 6.85511726265 20.5938 -10.2195 8.18987
10.3208 20000000021622430 20000000021622429 20000000021622447 20000000021622428 6.49159774567 34.7194 -11.4575 14.9864
10.3881 20000000021622429 20000000021622428 20000000021622447 20000000021622427 6.14490120342 21.8996 -18.0453 15.3681
10.415 20000000021622428 20000000021622427 20000000021622447 20000000021622426 6.01075739884 19.1756 -25.6693 10.8768
10.5229 20000000021622427 20000000021622426 20000000021622447 20000000021622425 5.84661374788 -32.1437 -76.0415 56.422
10.5349 20000000021622426 20000000021622425 20000000021622447 20000000021622424 5.52976580795 -14.698 -58.7309 48.1228
10.5837 20000000021622425 20000000021622424 20000000021622447 20000000021622423 5.22758097313 -20.9405 -69.6931 59.8641
10.6436 20000000021622424 20000000021622423 20000000021622447 20000000021622422 4.99593346816 -40.8627 -82.8011 54.8288
10.6588 20000000021622423 20000000021622422 20000000021622447 20000000021622421 4.93938066349 -33.8338 -77.3957 53.9337
10.7054 20000000021622422 20000000021622421 20000000021622447 20000000021622420 4.66451770247 -29.1932 -75.8617 65.0832
10.7612 20000000021622421 20000000021622420 20000000021622447 20000000021622419 4.42803373661 -24.7054 -82.6998 75.9123
10.7926 20000000021622420 20000000021622419 20000000021622447 20000000021622418 4.17683491473 -8.67342 -86.1941 62.4637
10.8499 20000000021622419 20000000021622418 20000000021622447 20000000021622417 4.00794511147 -32.5539 -120.157 57.0062
10.878 20000000021622418 20000000021622417 20000000021622447 20000000021622416 3.93726108473 -44.1737 -141.263 111.947
10.8869 20000000021622417 20000000021622416 20000000021622447 20000000021622415 3.70877426464 -38.7315 -138.58 149.505
10.9039 20000000021622416 20000000021622415 20000000021622447 20000000021622414 3.49086136926 -42.9038 -134.908 148.275
10.9208 20000000021622415 20000000021622414 20000000021622447 20000000021622413 3.28303305796 -46.6277 -153.522 161.104
10.9513 20000000021622414 20000000021622413 20000000021622447 20000000021622412 3.08482263583 -29.548 -148.374 145.182
10.9771 20000000021622413 20000000021622412 20000000021622447 20000000021622411 3.00813107163 -25.3885 -147.242 141.699
11.0024 20000000021622412 20000000021622411 20000000021622447 20000000021622410 2.89578500573 -31.5674 -147.763 126.202
11.0142 20000000021622411 20000000021622410 20000000021622447 20000000021622409 2.73314261732 -39.7375 -152.914 119.093
11.0176 20000000021622410 20000000021622408 20000000021622447 20000000021622407 2.44422570455 -31.8552 -143.929 102.482
11.0233 20000000021622408 20000000021622405 20000000021622447 20000000021622404 2.1032696526 -24.0061 -150.564 87.1967
11.0263 20000000021622405 20000000021622404 20000000021622447 20000000021622403 2.00202813925 -30.4231 -170.885 91.2674
11.0432 20000000021622404 20000000021622403 20000000021622447 20000000021622402 1.90408954353 -28.5838 -177.714 93.2761
11.0918 20000000021622403 20000000021622402 20000000021622447 20000000021622401 1.82268925262 -41.0515 -138.438 142.217
11.111 20000000021622402 20000000021622401 20000000021622447 20000000021622400 1.74357057433 -23.8239 -126.686 155.786
11.1372 20000000021622401 20000000021622400 20000000021622447 20000000021622399 1.66666955611 8.1737 -99.0377 161.687
11.1513 20000000021622400 20000000021622399 20000000021622447 20000000021622398 1.60423452207 27.1653 -74.5831 182.372
11.1746 20000000021622399 20000000021622398 20000000021622447 20000000021622397 1.53123902916 52.8495 -33.3933 210.537
11.1913 20000000021622398 20000000021622397 20000000021622447 20000000021622396 1.47197484527 44.9278 -32.3349 205.431
11.2022 20000000021622397 20000000021622396 20000000021622447 20000000021622395 1.41409822037 26.2775 -51.339 202.048
11.2149 20000000021622396 20000000021622395 20000000021622447 20000000021622394 1.3575766674 31.7012 -37.2999 199.45
11.2298 20000000021622395 20000000021622394 20000000021622447 20000000021622393 1.30237845991 40.9507 -37.0145 205.408
11.2312 20000000021622394 20000000021622393 20000000021622447 20000000021622392 1.24847261425 36.6856 -47.5739 195.216
11.2399 20000000021622393 20000000021622392 20000000021622447 20000000021622391 1.20625808078 45.4089 -38.0563 199.273
11.2468 20000000021622392 20000000021622384 20000000021622447 20000000021622383 0.923000816178 -4.81383 -83.4441 216.945
11.247 20000000021622384 20000000021622383 20000000021622447 20000000021622382 0.886896937575 0.740319 -104.412 208.967
11.2656 20000000021622383 20000000021622382 20000000021622447 20000000021622381 0.851470900625 2.04122 -85.4035 222.018
11.2681 20000000021622382 20000000021622381 20000000021622447 20000000021622380 0.816709979012 3.67826 -76.0366 232.813
11.2727 20000000021622381 20000000021622379 20000000021622447 20000000021622378 0.757441372616 6.65306 -89.4618 217.187
11.2766 20000000021622379 20000000021622378 20000000021622447 20000000021622377 0.732636182022 -3.47704 -90.1304 222.846
11.2791 20000000021622378 20000000021622377 20000000021622447 20000000021622376 0.700106353719 -0.76433 -92.6413 225.351
11.2847 20000000021622377 20000000021622376 20000000021622447 20000000021622375 0.676110411213 -16.1322 -81.0492 228.862
11.2915 20000000021622376 20000000021622375 20000000021622447 20000000021622374 0.644641840685 3.16476 -67.5684 250.505
11.2934 20000000021622375 20000000021622374 20000000021622447 20000000021622373 0.621428745243 1.51211 -73.0222 247.161
11.2964 20000000021622374 20000000021622372 20000000021622447 20000000021622371 0.575980845108 16.2324 -67.8626 250.931
11.305 20000000021622372 20000000021622371 20000000021622447 20000000021622370 0.546392183141 10.1331 -72.9932 264.929
11.3092 20000000021622371 20000000021622370 20000000021622447 20000000021622369 0.524565820434 7.45061 -55.9309 272.858
11.3151 20000000021622370 20000000021622369 20000000021622447 20000000021622368 0.503047523245 14.5252 -54.1018 287.089
11.3184 20000000021622369 20000000021622368 20000000021622447 20000000021622367 0.481832943421 10.7288 -32.6421 284.125
11.3213 20000000021622368 20000000021622367 20000000021622447 20000000021622366 0.460917794181 16.87 -60.9547 287.378
11.3217 20000000021622367 20000000021622366 20000000021622447 20000000021622365 0.440297849248 15.2179 -60.0911 293.884
11.3228 20000000021622366 20000000021622365 20000000021622447 20000000021622364 0.419968941997 26.2428 -48.6751 298.397
11.3254 20000000021622365 20000000021622364 20000000021622447 20000000021622363 0.399926964614 22.8387 -48.3358 287.761
11.3265 20000000021622364 20000000021622363 20000000021622447 20000000021622362 0.38016786726 18.4522 -51.1082 294.365
11.329 20000000021622363 20000000021622362 20000000021622447 20000000021622361 0.360687657262 11.8192 -52.3388 302.261
11.33 20000000021622362 20000000021622361 20000000021622447 20000000021622360 0.347853841858 9.23917 -48.1619 299.448
11.333 20000000021622361 20000000021622360 20000000021622447 20000000021622359 0.328829724206 6.14525 -38.0363 289.053
11.337 20000000021622360 20000000021622359 20000000021622447 20000000021622358 0.310074120128 5.67898 -28.0069 301.678
11.3428 20000000021622359 20000000021622358 20000000021622447 20000000021622357 0.291583239722 -3.21066 -34.9252 303.71
11.3437 20000000021622358 20000000021622356 20000000021622447 20000000021622355 0.261343256161 9.8161 -28.8666 291.837
11.3458 20000000021622356 20000000021622355 20000000021622447 20000000021622354 0.243540181555 7.23489 -25.9466 294.799
11.3498 20000000021622355 20000000021622354 20000000021622447 20000000021622353 0.22598838626 -7.52709 -44.1928 303.607
11.3517 20000000021622354 20000000021622351 20000000021622447 20000000021622350 0.180385261706 3.26663 -23.55 297.708
11.3524 20000000021622351 20000000021622349 20000000021622447 20000000021622348 0.152748768902 -5.13673 -35.396 292.469
11.3541 20000000021622349 20000000021622348 20000000021622447 20000000021622347 0.14187620397 6.35073 -30.9464 303.564
11.357 20000000021622348 20000000021622347 20000000021622447 20000000021622346 0.125759332411 5.33765 -21.9594 307.679
11.3592 20000000021622347 20000000021622344 20000000021622447 20000000021622343 0.0838844307975 2.56918 -27.1843 312.463
11.3605 20000000021622344 20000000021622342 20000000021622447 20000000021622341 0.0585073227945 -0.91994 -30.1188 319.196
9.00012 20000000021622455 20000000021622454 20000000021622460 20000000021622453 10.9190331982 7.61305 -2.75732 -3.47322
9.09637 20000000021622477 20000000021622476 20000000021622481 20000000021622475 12.0418635439 -10.125 -4.36027 0.805734
9.24362 20000000021622476 20000000021622474 20000000021622481 20000000021622473 10.9190331982 -12.1101 -5.2842 0.0281351
9.26543 20000000021622474 20000000021622473 20000000021622481 20000000021622472 10.3674435724 -8.78376 -6.96777 -1.28752
9.31083 20000000021622473 20000000021622470 20000000021622481 20000000021622469 9.38877127194 -0.595741 -3.26892 -7.36963
9.44681 20000000021622470 20000000021622469 20000000021622481 20000000021622468 9.00233985416 -1.36568 -6.52066 -6.07524
9.0666 20000000021622512 20000000021622511 20000000021622515 20000000021622510 9.99659046619 2.38112 -2.78949 -3.33455
9.07492 20000000021622511 20000000021622510 20000000021622515 20000000021622509 9.84138043947 2.5551 -2.62659 -4.06485
9.17073 20000000021622510 20000000021622509 20000000021622515 20000000021622508 9.38877127194 6.0263 -1.6192 -3.30591
9.2342 20000000021622509 20000000021622508 20000000021622515 20000000021622507 9.00233985416 0.828509 0.126645 1.17766
9.34016 20000000021622508 20000000021622506 20000000021622515 20000000021622505 8.44947629437 -0.554973 1.63317 -3.81663
9.49536 20000000021622506 20000000021622505 20000000021622515 20000000021622504 8.01217294887 -4.5517 13.3224 -6.9648
9.55751 20000000021622505 20000000021622504 20000000021622515 20000000021622503 7.59510714987 -6.42043 16.5501 -6.70302
9.05811 20000000021622550 20000000021622549 20000000021622561 20000000021622548 7.00541704554 4.83122 1.93961 -2.65721
9.06096 20000000021622549 20000000021622544 20000000021622561 20000000021622543 5.52976580795 10.4151 -1.04494 -7.56017
9.03463 20000000021622574 20000000021622573 20000000021622582 20000000021622572 7.23627606617 -2.78132 -6.59958 -0.297869
9.04062 20000000021622573 20000000021622569 20000000021622582 20000000021622568 6.14490120342 -4.81471 0.802408 0.763626
9.08845 20000000021622599 20000000021622598 20000000021622605 20000000021622597 8.44947629437 10.7057 -4.64834 -5.79622
9.14344 20000000021622598 20000000021622597 20000000021622605 20000000021622596 8.01217294887 10.4966 2.26912 0.409284
9.35914 20000000021622597 20000000021622596 20000000021622605 20000000021622595 7.59510714987 0.845269 10.9706 7.90198
9.43377 20000000021622596 20000000021622595 20000000021622605 20000000021622594 7.23627606617 5.71249 8.26792 6.08261
9.46955 20000000021622595 20000000021622594 20000000021622605 20000000021622593 7.00541704554 8.12473 5.67011 4.35448
9.5314 20000000021622594 20000000021622593 20000000021622605 20000000021622592 6.85511726265 4.18904 -4.09578 6.33424
9.64342 20000000021622593 20000000021622592 20000000021622605 20000000021622591 6.49159774567 -10.0666 -4.79251 3.08802
9.75708 20000000021622592 20000000021622590 20000000021622605 20000000021622589 6.01075739884 -8.27471 -13.6729 4.21408
9.01614 20000000021622698 20000000021622697 20000000021622708 20000000021622696 6.49159774567 -2.54375 3.05697 -4.8828
9.05811 20000000021622697 20000000021622695 20000000021622708 20000000021622694 6.01075739884 4.74501 3.21749 -2.46718
9.11681 20000000021622695 20000000021622694 20000000021622708 20000000021622693 5.84661374788 4.07858 0.123474 -0.543636
9.18162 20000000021622694 20000000021622693 20000000021622708 20000000021622692 5.52976580795 5.1093 3.56269 1.28056
9.01928 20000000021622832 20000000021622831 20000000021622834 20000000021622830 9.84138043947 -4.29037 4.35766 -0.709679
9.0316 20000000021622831 20000000021622829 20000000021622834 20000000021622828 9.00233985416 -3.36151 3.94863 -2.22248
9.14578 20000000021622829 20000000021622827 20000000021622834 20000000021622826 8.44947629437 -6.02259 4.52231 -6.90156
9.29124 20000000021622827 20000000021622825 20000000021622834 20000000021622824 7.59510714987 3.28901 7.76618 -12.4477
9.39478 20000000021622825 20000000021622824 20000000021622834 20000000021622823 7.23627606617 -11.8522 8.47053 -13.869
9.48799 20000000021622824 20000000021622822 20000000021622834 20000000021622821 6.85511726265 -5.77111 12.0644 -16.9347
9.54836 20000000021622822 20000000021622821 20000000021622834 20000000021622820 6.49159774567 -2.04669 13.4923 -31.9104
9.55478 20000000021622821 20000000021622817 20000000021622834 20000000021622816 5.52976580795 -3.55673 12.1394 -8.15581
9.70877 20000000021622817 20000000021622816 20000000021622834 20000000021622815 5.22758097313 24.7844 16.8926 -29.5844
9.72322 20000000021622816 20000000021622815 20000000021622834 20000000021622814 4.99593346816 25.4018 17.6736 -28.095
9.78636 20000000021622815 20000000021622812 20000000021622834 20000000021622811 4.42803373661 15.8713 1.65842 -25.0953
9.89036 20000000021622812 20000000021622811 20000000021622834 20000000021622810 4.17683491473 42.8133 13.6382 -1.87546
9.0066 20000000021622840 20000000021622839 20000000021622849 20000000021622838 6.14490120342 -1.16756 3.92235 2.54575
9.06939 20000000021622839 20000000021622837 20000000021622849 20000000021622836 5.84661374788 -2.57663 4.49251 4.52944
9.0098 20000000021622959 20000000021622958 20000000021622966 20000000021622957 4.42803373661 -3.2269 2.95845 -2.14575
9.10415 20000000021622958 20000000021622957 20000000021622966 20000000021622956 4.17683491473 -20.3367 -5.27709 7.25456
9.15956 20000000021622957 20000000021622956 20000000021622966 20000000021622955 4.00794511147 -17.2587 -1.97543 3.70096
9.20668 20000000021622956 20000000021622954 20000000021622966 20000000021622953 3.70877426464 -13.2609 -0.356491 9.84088
9.2862 20000000021622954 20000000021622953 20000000021622966 20000000021622952 3.49086136926 -9.29161 6.89537 5.28386
9.31243 20000000021622953 20000000021622952 20000000021622966 20000000021622951 3.28303305796 -11.279 -0.561876 11.5721
9.33716 20000000021622952 20000000021622950 20000000021622966 20000000021622949 3.00813107163 -10.3646 0.163723 15.0293
9.37457 20000000021622950 20000000021622949 20000000021622966 20000000021622948 2.89578500573 -7.80156 -0.789327 15.4791
9.38277 20000000021622949 20000000021622948 20000000021622966 20000000021622947 2.73314261732 -10.0508 1.99375 14.9673
9.78098 20000000021622948 20000000021622945 20000000021622966 20000000021622944 2.31611074396 29.0459 21.5748 56.0791
9.81076 20000000021622945 20000000021622944 20000000021622966 20000000021622943 2.20792547238 28.4449 34.2134 55.0511
9.05811 20000000021623028 20000000021623027 20000000021623036 20000000021623026 7.59510714987 -6.82872 -3.03912 -2.31168
9.14108 20000000021623027 20000000021623026 20000000021623036 20000000021623025 7.23627606617 -7.09417 -0.206504 -4.27603
9.17512 20000000021623026 20000000021623023 20000000021623036 20000000021623022 6.49159774567 -9.16306 3.46793 -13.5617
9.17729 20000000021623023 20000000021623022 20000000021623036 20000000021623021 6.14490120342 -8.52207 3.67293 -15.295
9.18376 20000000021623022 20000000021623019 20000000021623036 20000000021623018 5.52976580795 -10.3997 1.07146 -4.02595
9.24918 20000000021623019 20000000021623017 20000000021623036 20000000021623016 4.99593346816 -2.87409 2.51476 -4.21954
9.2672 20000000021623017 20000000021623016 20000000021623036 20000000021623015 4.93938066349 -0.00267819 -0.90938 -1.87308
9.27594 20000000021623016 20000000021623015 20000000021623036 20000000021623014 4.66451770247 -16.8274 -1.53611 4.75409
9.00337 20000000021623134 20000000021623133 20000000021623147 20000000021623132 4.42803373661 -5.70271 2.12151 -0.852711
9.06096 20000000021623133 20000000021623132 20000000021623147 20000000021623131 4.17683491473 -6.70941 0.486872 -1.46106
9.08578 20000000021623132 20000000021623131 20000000021623147 20000000021623130 4.00794511147 -5.52587 -3.80926 -0.747615
9.11179 20000000021623131 20000000021623130 20000000021623147 20000000021623129 3.93726108473 -5.50785 -4.75987 -1.05952
9.15042 20000000021623130 20000000021623128 20000000021623147 20000000021623127 3.49086136926 -7.87225 -4.10925 -3.49581
9.18162 20000000021623128 20000000021623126 20000000021623147 20000000021623125 3.08482263583 -6.81708 -4.5077 -1.87716
9.2026 20000000021623126 20000000021623125 20000000021623147 20000000021623124 3.00813107163 -5.49269 -4.56294 -2.21789
9.2361 20000000021623125 20000000021623124 20000000021623147 20000000021623123 2.89578500573 -4.64334 -5.28214 -2.55896
9.23988 20000000021623124 20000000021623123 20000000021623147 20000000021623122 2.73314261732 -3.95218 -1.94277 -3.70122
9.38948 20000000021623123 20000000021623122 20000000021623147 20000000021623121 2.5772902716 10.7551 13.1982 -27.0848
9.55569 20000000021623122 20000000021623121 20000000021623147 20000000021623120 2.44422570455 15.3152 33.1372 1.57847
9.56646 20000000021623121 20000000021623115 20000000021623147 20000000021623114 1.82268925262 12.4081 46.4726 22.6439
9.33263 20000000021623206 20000000021623205 20000000021623215 20000000021623204 4.99593346816 13.7427 -0.462223 13.0678
9.43257 20000000021623205 20000000021623199 20000000021623215 20000000021623198 3.93726108473 20.5233 -17.2652 -8.5214
9.45145 20000000021623199 20000000021623197 20000000021623215 20000000021623196 3.49086136926 13.138 -4.93838 0.040203
9.47724 20000000021623197 20000000021623196 20000000021623215 20000000021623195 3.28303305796 11.7097 -5.56137 -1.68657
9.48586 20000000021623196 20000000021623195 20000000021623215 20000000021623194 3.08482263583 9.54212 -2.73417 -1.0442
9.48586 20000000021623195 20000000021623194 20000000021623215 20000000021623193 3.00813107163 8.12081 -3.84351 1.9883
9.54372 20000000021623194 20000000021623193 20000000021623215 20000000021623192 2.89578500573 11.2667 -5.2702 3.13681
9.54372 20000000021623193 20000000021623192 20000000021623215 20000000021623191 2.73314261732 6.47569 -3.41397 5.12986
9.60543 20000000021623192 20000000021623191 20000000021623215 20000000021623190 2.5772902716 -0.990612 0.69922 -34.6325
9.61899 20000000021623191 20000000021623189 20000000021623215 20000000021623188 2.31611074396 2.61167 -15.01 -55.0247
9.62831 20000000021623189 20000000021623186 20000000021623215 20000000021623185 2.00202813925 -0.401593 -22.4514 -37.6932
9.03763 20000000021623237 20000000021623236 20000000021623239 20000000021623235 4.17683491473 17.1934 -5.24434 6.07401
9.04653 20000000021623290 20000000021623289 20000000021623308 20000000021623288 3.70877426464 7.41938 7.91239 -6.91127
9.04945 20000000021623289 20000000021623288 20000000021623308 20000000021623287 3.49086136926 6.41503 15.1333 1.93587
9.01928 20000000021623505 20000000021623504 20000000021623518 20000000021623503 3.93726108473 0.909678 -13.5068 7.18596
