logMh | fpID | subhaloID | main leaf ID | descID |  z
9.22845 90000228600000093 90000228600000092 90000228600000103 90000228600000091 6.85511726265 -4.02839 1.40142 -11.3637
9.36056 90000228600000092 90000228600000091 90000228600000103 90000228600000090 6.49159774567 -7.0398 -1.65206 -13.3985
9.37181 90000228600000091 90000228600000090 90000228600000103 90000228600000089 6.14490120342 1.8411 6.94076 -6.32251
9.41408 90000228600000090 90000228600000089 90000228600000103 90000228600000088 6.01075739884 1.62865 7.36625 -5.61876
9.46733 90000228600000089 90000228600000088 90000228600000103 90000228600000087 5.84661374788 0.64717 3.07271 -9.97515
9.55931 90000228600000088 90000228600000087 90000228600000103 90000228600000086 5.52976580795 3.04908 3.08864 -16.4828
9.59972 90000228600000087 90000228600000086 90000228600000103 90000228600000085 5.22758097313 4.05818 1.01508 -9.71977
9.63138 90000228600000086 90000228600000085 90000228600000103 90000228600000084 4.99593346816 3.21989 -3.62612 -15.0185
9.65802 90000228600000085 90000228600000084 90000228600000103 90000228600000083 4.93938066349 0.861802 -6.49221 -16.4349
9.78795 90000228600000084 90000228600000083 90000228600000103 90000228600000082 4.66451770247 3.87299 -0.337376 -26.184
9.91726 90000228600000083 90000228600000082 90000228600000103 90000228600000081 4.42803373661 10.4502 -33.3651 -19.9349
9.98483 90000228600000082 90000228600000081 90000228600000103 90000228600000080 4.17683491473 12.6124 -25.6379 -39.0065
9.99979 90000228600000081 90000228600000080 90000228600000103 90000228600000079 4.00794511147 11.4032 -18.3861 -44.0707
10.0807 90000228600000080 90000228600000078 90000228600000103 90000228600000077 3.70877426464 15.6042 -35.1591 -33.0957
10.1143 90000228600000078 90000228600000077 90000228600000103 90000228600000076 3.49086136926 24.6125 -37.3662 -33.7795
10.1252 90000228600000077 90000228600000075 90000228600000103 90000228600000074 3.08482263583 27.3828 -19.5719 -19.3388
10.1311 90000228600000075 90000228600000074 90000228600000103 90000228600000073 3.00813107163 29.6306 -18.7818 -22.1376
10.1525 90000228600000074 90000228600000073 90000228600000103 90000228600000072 2.89578500573 18.5742 -23.8632 -12.3628
10.1605 90000228600000073 90000228600000072 90000228600000103 90000228600000071 2.73314261732 3.86647 -37.7096 -11.827
10.1863 90000228600000072 90000228600000071 90000228600000103 90000228600000070 2.5772902716 8.60458 -37.3197 -4.36641
10.2119 90000228600000071 90000228600000070 90000228600000103 90000228600000069 2.44422570455 3.81455 -37.4573 -10.0051
10.2425 90000228600000070 90000228600000069 90000228600000103 90000228600000068 2.31611074396 6.65676 -38.4448 -32.7611
10.2554 90000228600000069 90000228600000068 90000228600000103 90000228600000067 2.20792547238 1.67918 -40.7009 -48.7244
10.262 90000228600000068 90000228600000066 90000228600000103 90000228600000065 2.00202813925 5.68647 -39.7618 -46.848
10.2624 90000228600000066 90000228600000065 90000228600000103 90000228600000064 1.90408954353 4.13679 -37.1837 -50.0892
10.2667 90000228600000065 90000228600000064 90000228600000103 90000228600000063 1.82268925262 0.516141 -25.2019 -43.6191
10.2864 90000228600000064 90000228600000063 90000228600000103 90000228600000062 1.74357057433 -0.728443 -33.3937 -42.5514
10.2946 90000228600000063 90000228600000062 90000228600000103 90000228600000061 1.66666955611 0.216704 -34.8546 -38.5568
10.2997 90000228600000062 90000228600000061 90000228600000103 90000228600000060 1.60423452207 2.77037 -30.6361 -38.3648
10.3548 90000228600000061 90000228600000060 90000228600000103 90000228600000059 1.53123902916 -34.5031 -22.002 3.27234
10.3917 90000228600000060 90000228600000059 90000228600000103 90000228600000058 1.47197484527 -18.7673 -5.37914 9.32558
10.431 90000228600000059 90000228600000058 90000228600000103 90000228600000057 1.41409822037 1.96741 19.3733 25.2738
10.6658 90000228600000058 90000228600000054 90000228600000103 90000228600000053 1.20625808078 -132.129 -3.53986 52.5054
10.6831 90000228600000054 90000228600000052 90000228600000103 90000228600000051 1.11415056377 -84.0449 58.7345 -25.8751
10.7101 90000228600000052 90000228600000051 90000228600000103 90000228600000050 1.07445789455 -53.1946 7.06291 -46.5412
10.7329 90000228600000051 90000228600000050 90000228600000103 90000228600000049 1.03551044566 -35.4097 66.839 -67.1096
10.7851 90000228600000050 90000228600000049 90000228600000103 90000228600000048 0.997294225782 -5.30263 61.5129 -142.086
10.789 90000228600000049 90000228600000048 90000228600000103 90000228600000047 0.987852810816 -6.39689 56.859 -129.207
10.9369 90000228600000048 90000228600000045 90000228600000103 90000228600000044 0.886896937575 64.6945 46.1383 -187.903
10.9502 90000228600000045 90000228600000044 90000228600000103 90000228600000043 0.851470900625 74.6896 40.6529 -197.981
10.9535 90000228600000044 90000228600000041 90000228600000103 90000228600000040 0.757441372616 65.8698 52.6928 -192.18
10.97 90000228600000041 90000228600000040 90000228600000103 90000228600000039 0.732636182022 77.5018 59.6611 -192.172
10.9916 90000228600000040 90000228600000039 90000228600000103 90000228600000038 0.700106353719 74.5006 55.9195 -182.487
11.0027 90000228600000039 90000228600000037 90000228600000103 90000228600000036 0.621428745243 69.2079 91.9861 -145.566
11.019 90000228600000037 90000228600000035 90000228600000103 90000228600000034 0.575980845108 5.64083 101.879 -139.977
11.0342 90000228600000035 90000228600000034 90000228600000103 90000228600000033 0.546392183141 -31.123 102.618 -121.258
11.0621 90000228600000034 90000228600000033 90000228600000103 90000228600000032 0.524565820434 -115.286 103.431 -84.8113
11.0779 90000228600000033 90000228600000032 90000228600000103 90000228600000031 0.503047523245 -170.801 120.523 -53.3951
11.0834 90000228600000032 90000228600000031 90000228600000103 90000228600000030 0.481832943421 -206.713 112.102 -34.098
11.116 90000228600000031 90000228600000029 90000228600000103 90000228600000028 0.440297849248 -282.186 114.129 -0.700573
11.1545 90000228600000029 90000228600000028 90000228600000103 90000228600000027 0.419968941997 -403.064 119.85 59.1577
11.1727 90000228600000028 90000228600000027 90000228600000103 90000228600000026 0.399926964614 -417.601 130.112 59.7117
11.2044 90000228600000027 90000228600000026 90000228600000103 90000228600000025 0.38016786726 -481.514 126.625 83.2924
11.2188 90000228600000026 90000228600000025 90000228600000103 90000228600000024 0.360687657262 -483.899 125.358 91.1529
11.2335 90000228600000025 90000228600000024 90000228600000103 90000228600000023 0.347853841858 -487.516 143.098 94.9695
11.2379 90000228600000024 90000228600000021 90000228600000103 90000228600000020 0.291583239722 -464.366 178.22 81.1925
11.2467 90000228600000021 90000228600000020 90000228600000103 90000228600000019 0.273353346578 -461.208 184.916 82.1638
11.2544 90000228600000020 90000228600000019 90000228600000103 90000228600000018 0.261343256161 -464.956 196.237 81.0589
11.2648 90000228600000019 90000228600000018 90000228600000103 90000228600000017 0.243540181555 -462.358 219.348 78.5415
11.2688 90000228600000018 90000228600000017 90000228600000103 90000228600000016 0.22598838626 -454.732 218.375 70.4092
11.276 90000228600000017 90000228600000016 90000228600000103 90000228600000015 0.214425035514 -443.635 227.638 67.0693
11.2769 90000228600000016 90000228600000015 90000228600000103 90000228600000014 0.197284182376 -438.467 228.233 74.2525
11.2814 90000228600000015 90000228600000014 90000228600000103 90000228600000013 0.180385261706 -412.517 234.118 61.6765
11.2814 90000228600000014 90000228600000012 90000228600000103 90000228600000011 0.152748768902 -413.353 242.771 75.6051
9.12178 90000228600000139 90000228600000138 90000228600000148 90000228600000137 7.23627606617 5.36731 2.42527 -8.04595
9.14578 90000228600000138 90000228600000137 90000228600000148 90000228600000136 7.00541704554 3.24984 -0.940269 -6.689
9.16182 90000228600000137 90000228600000135 90000228600000148 90000228600000134 6.49159774567 0.484482 8.50542 -0.930179
9.21272 90000228600000135 90000228600000134 90000228600000148 90000228600000133 6.14490120342 -4.38535 10.3732 2.09611
9.24918 90000228600000134 90000228600000130 90000228600000148 90000228600000129 5.22758097313 -10.9668 7.17615 10.6107
9.31243 90000228600000130 90000228600000129 90000228600000148 90000228600000128 4.99593346816 -10.2194 2.42936 8.03349
9.0098 90000228600000272 90000228600000271 90000228600000280 90000228600000270 4.17683491473 -4.67237 0.775058 6.87813
9.01928 90000228600000271 90000228600000270 90000228600000280 90000228600000269 4.00794511147 -3.55103 3.62865 7.82198
9.01928 90000228600000270 90000228600000268 90000228600000280 90000228600000267 3.70877426464 -5.82773 0.826885 4.98011
9.04358 90000228600000268 90000228600000267 90000228600000280 90000228600000266 3.49086136926 -8.46644 3.71418 4.7951
9.05235 90000228600000267 90000228600000266 90000228600000280 90000228600000265 3.28303305796 -8.82828 3.37706 3.46644
9.08845 90000228600000322 90000228600000321 90000228600000330 90000228600000320 6.01075739884 -4.51576 1.80124 -7.84788
9.10157 90000228600000321 90000228600000320 90000228600000330 90000228600000319 5.84661374788 -5.08796 3.07461 -8.57189
9.16407 90000228600000320 90000228600000319 90000228600000330 90000228600000318 5.52976580795 -3.40236 2.84707 -9.14566
9.17293 90000228600000319 90000228600000316 90000228600000330 90000228600000315 4.93938066349 -2.46935 2.08018 -9.40036
9.21869 90000228600000316 90000228600000315 90000228600000330 90000228600000314 4.66451770247 2.21891 -6.34167 5.10986
9.2672 90000228600000315 90000228600000312 90000228600000330 90000228600000311 4.00794511147 1.92598 -6.85908 0.430063
9.27766 90000228600000312 90000228600000310 90000228600000330 90000228600000309 3.70877426464 1.82779 -9.98647 -2.89853
9.49221 90000228600000310 90000228600000309 90000228600000330 90000228600000308 3.49086136926 13.5749 -26.1869 20.1101
9.56201 90000228600000309 90000228600000308 90000228600000330 90000228600000307 3.28303305796 0.0238089 -23.4374 15.2014
9.63366 90000228600000308 90000228600000307 90000228600000330 90000228600000306 3.08482263583 -3.88758 -17.0962 18.1072
9.66936 90000228600000307 90000228600000306 90000228600000330 90000228600000305 3.00813107163 -0.9562 -24.6058 28.2021
9.67972 90000228600000306 90000228600000304 90000228600000330 90000228600000303 2.73314261732 -2.97663 -16.5154 25.9969
9.75248 90000228600000304 90000228600000303 90000228600000330 90000228600000302 2.5772902716 -4.81023 -32.097 25.6248
9.78742 90000228600000303 90000228600000300 90000228600000330 90000228600000299 2.20792547238 -5.2166 -12.3943 19.5887
9.78955 90000228600000300 90000228600000298 90000228600000330 90000228600000297 2.00202813925 -1.84858 12.335 9.85649
9.80415 90000228600000298 90000228600000297 90000228600000330 90000228600000296 1.90408954353 -15.5965 3.95038 10.0867
9.85944 90000228600000297 90000228600000295 90000228600000330 90000228600000294 1.74357057433 -16.6502 38.0752 10.4305
9.86838 90000228600000295 90000228600000294 90000228600000330 90000228600000293 1.66666955611 -7.41117 25.3234 5.58836
9.88741 90000228600000294 90000228600000293 90000228600000330 90000228600000292 1.60423452207 -10.8102 30.8151 -3.33969
9.06096 90000228600000350 90000228600000349 90000228600000361 90000228600000348 4.66451770247 8.01319 3.85463 7.66445
9.06939 90000228600000349 90000228600000348 90000228600000361 90000228600000347 4.42803373661 8.46269 2.86669 5.45875
9.11179 90000228600000348 90000228600000347 90000228600000361 90000228600000346 4.17683491473 8.72044 -1.61214 4.19119
9.14811 90000228600000347 90000228600000346 90000228600000361 90000228600000345 4.00794511147 5.82294 4.32847 6.9861
9.15956 90000228600000346 90000228600000345 90000228600000361 90000228600000344 3.93726108473 7.09945 1.65122 8.8692
9.0066 90000228600000421 90000228600000420 90000228600000425 90000228600000419 7.59510714987 7.21182 7.78429 -1.36271
9.21272 90000228600000420 90000228600000419 90000228600000425 90000228600000418 7.23627606617 8.64992 20.7444 -8.59122
9.21671 90000228600000419 90000228600000418 90000228600000425 90000228600000417 7.00541704554 6.41957 15.0941 -7.90667
9.31083 90000228600000418 90000228600000417 90000228600000425 90000228600000416 6.85511726265 13.389 16.4973 -16.2127
9.44093 90000228600000417 90000228600000416 90000228600000425 90000228600000415 6.14490120342 2.58551 6.58938 -19.5912
9.59143 90000228600000416 90000228600000413 90000228600000425 90000228600000412 5.52976580795 8.52029 10.1378 8.70937
9.74196 90000228600000413 90000228600000412 90000228600000425 90000228600000411 5.22758097313 20.5295 6.03252 32.7017
9.75879 90000228600000412 90000228600000411 90000228600000425 90000228600000410 4.99593346816 13.3491 4.55274 20.2939
9.76219 90000228600000411 90000228600000410 90000228600000425 90000228600000409 4.93938066349 15.3238 7.57821 17.6879
9.81227 90000228600000410 90000228600000409 90000228600000425 90000228600000408 4.66451770247 16.9364 4.95421 16.4724
9.84985 90000228600000409 90000228600000407 90000228600000425 90000228600000406 4.17683491473 16.182 2.89464 24.396
9.86482 90000228600000407 90000228600000404 90000228600000425 90000228600000403 3.70877426464 21.5399 -0.419309 18.7937
9.89952 90000228600000404 90000228600000402 90000228600000425 90000228600000401 3.28303305796 30.0143 -4.95541 30.132
9.92587 90000228600000402 90000228600000401 90000228600000425 90000228600000400 3.08482263583 29.0577 -4.79102 30.8627
9.92934 90000228600000401 90000228600000399 90000228600000425 90000228600000398 2.89578500573 23.7073 -0.148858 23.4465
9.95545 90000228600000399 90000228600000398 90000228600000425 90000228600000397 2.73314261732 21.6391 0.152851 22.7693
9.97663 90000228600000398 90000228600000397 90000228600000425 90000228600000396 2.5772902716 19.2962 -4.05607 23.7371
9.99519 90000228600000397 90000228600000396 90000228600000425 90000228600000395 2.44422570455 20.5256 -6.93345 16.3869
10.005 90000228600000396 90000228600000395 90000228600000425 90000228600000394 2.31611074396 20.7936 -14.2377 16.503
10.0155 90000228600000395 90000228600000394 90000228600000425 90000228600000393 2.20792547238 22.9879 -20.2737 11.454
10.0337 90000228600000394 90000228600000393 90000228600000425 90000228600000392 2.1032696526 18.6585 -19.0365 12.3701
10.0552 90000228600000393 90000228600000392 90000228600000425 90000228600000391 2.00202813925 18.2414 -24.5133 6.84911
10.0558 90000228600000392 90000228600000390 90000228600000425 90000228600000389 1.82268925262 16.5485 -30.7317 9.86486
10.0592 90000228600000390 90000228600000389 90000228600000425 90000228600000388 1.74357057433 12.711 -27.084 16.2135
10.0677 90000228600000389 90000228600000388 90000228600000425 90000228600000387 1.66666955611 8.375 -26.7 11.7922
10.0683 90000228600000388 90000228600000387 90000228600000425 90000228600000386 1.60423452207 5.49307 -24.7983 18.0453
10.3388 90000228600000387 90000228600000382 90000228600000425 90000228600000381 1.30237845991 141.235 -59.4117 -158.682
10.7911 90000228600000382 90000228600000373 90000228600000425 90000228600000372 0.950531351585 95.2358 35.2868 -178.333
10.8638 90000228600000373 90000228600000372 90000228600000425 90000228600000045 0.923000816178 54.8272 50.2657 -183.834
9.65151 90000228600000451 90000228600000450 90000228600000455 90000228600000449 6.49159774567 29.9686 25.4481 35.8658
9.44093 90000228600000516 90000228600000515 90000228600000536 90000228600000514 3.49086136926 -3.61308 -34.9986 -4.67736
9.4606 90000228600000515 90000228600000514 90000228600000536 90000228600000513 3.28303305796 0.867136 -32.3702 1.03769
9.52267 90000228600000514 90000228600000512 90000228600000536 90000228600000511 3.00813107163 0.519955 -43.5079 -6.05315
9.55021 90000228600000512 90000228600000511 90000228600000536 90000228600000510 2.89578500573 6.7909 -38.5159 2.03407
9.56557 90000228600000511 90000228600000510 90000228600000536 90000228600000509 2.73314261732 11.4187 -33.8459 2.15286
9.61977 90000228600000510 90000228600000507 90000228600000536 90000228600000506 2.31611074396 6.39241 -42.7047 -12.3396
9.0066 90000228600000568 90000228600000567 90000228600000582 90000228600000566 4.42803373661 7.49943 -0.501363 4.45387
9.04358 90000228600000567 90000228600000565 90000228600000582 90000228600000564 4.00794511147 15.7652 -3.0573 11.8991
10.9054 90000228600000589 90000228600000588 90000228600000604 90000228600000587 0.816709979012 77.8613 52.7513 -204.294
10.9127 90000228600000588 90000228600000587 90000228600000604 90000228600000586 0.791068248946 69.6334 60.7291 -187.949
10.9986 90000228600000587 90000228600000584 90000228600000604 90000228600000583 0.676110411213 77.6957 66.3166 -172.21
11.0023 90000228600000584 90000228600000583 90000228600000604 90000228600000037 0.644641840685 67.3381 95.2831 -154.872
9.0066 90000228600000666 90000228600000665 90000228600000673 90000228600000664 8.01217294887 4.01738 0.152111 -0.570076
9.03463 90000228600000665 90000228600000664 90000228600000673 90000228600000663 7.59510714987 1.28756 -1.58126 1.52456
9.08038 90000228600000664 90000228600000663 90000228600000673 90000228600000662 7.23627606617 1.98088 -1.52983 0.26657
9.14811 90000228600000663 90000228600000662 90000228600000673 90000228600000661 7.00541704554 3.60438 -0.431831 6.40986
9.25828 90000228600000662 90000228600000661 90000228600000673 90000228600000660 6.85511726265 7.79741 1.56357 5.31897
9.31717 90000228600000661 90000228600000660 90000228600000673 90000228600000659 6.49159774567 5.83401 1.70909 4.84734
9.39871 90000228600000660 90000228600000659 90000228600000673 90000228600000658 6.14490120342 4.90122 -2.15181 2.79605
9.43257 90000228600000659 90000228600000658 90000228600000673 90000228600000657 6.01075739884 4.97587 -4.099 1.80737
9.4606 90000228600000658 90000228600000657 90000228600000673 90000228600000656 5.84661374788 4.46585 -4.60238 2.93568
9.53996 90000228600000657 90000228600000656 90000228600000673 90000228600000655 5.52976580795 7.42448 -0.81837 7.51612
9.59807 90000228600000656 90000228600000655 90000228600000673 90000228600000654 5.22758097313 8.37129 3.32786 4.97393
9.66514 90000228600000655 90000228600000654 90000228600000673 90000228600000653 4.99593346816 6.33753 -3.5001 -0.831247
9.66725 90000228600000654 90000228600000653 90000228600000673 90000228600000652 4.93938066349 6.5765 -2.81237 -0.296112
9.66936 90000228600000653 90000228600000652 90000228600000673 90000228600000651 4.66451770247 8.54019 -3.40638 2.4969
9.71637 90000228600000652 90000228600000651 90000228600000673 90000228600000650 4.42803373661 22.8746 1.58984 1.87028
9.77058 90000228600000651 90000228600000650 90000228600000673 90000228600000649 4.17683491473 23.0521 3.00317 8.64183
9.81478 90000228600000650 90000228600000649 90000228600000673 90000228600000648 4.00794511147 22.5058 -0.525053 6.3842
9.81578 90000228600000649 90000228600000647 90000228600000673 90000228600000646 3.70877426464 19.0077 3.85596 8.92572
9.88059 90000228600000647 90000228600000646 90000228600000673 90000228600000645 3.49086136926 16.2171 -1.52043 10.6537
9.92703 90000228600000646 90000228600000645 90000228600000673 90000228600000644 3.28303305796 14.1407 -3.06737 7.88321
9.97698 90000228600000645 90000228600000644 90000228600000673 90000228600000643 3.08482263583 13.4712 -4.18338 13.2515
9.99881 90000228600000644 90000228600000643 90000228600000673 90000228600000642 3.00813107163 20.2923 1.98664 19.8281
10.018 90000228600000643 90000228600000641 90000228600000673 90000228600000640 2.73314261732 18.1799 2.78869 17.0261
10.0552 90000228600000641 90000228600000640 90000228600000673 90000228600000639 2.5772902716 16.0654 -3.71309 21.4739
10.073 90000228600000640 90000228600000639 90000228600000673 90000228600000638 2.44422570455 24.7107 1.12463 22.9859
10.0974 90000228600000639 90000228600000638 90000228600000673 90000228600000637 2.31611074396 19.7052 3.23749 27.6772
10.1131 90000228600000638 90000228600000637 90000228600000673 90000228600000636 2.20792547238 27.7821 0.251926 27.7927
10.1318 90000228600000637 90000228600000636 90000228600000673 90000228600000635 2.1032696526 19.9366 -3.93155 26.6446
10.1808 90000228600000636 90000228600000635 90000228600000673 90000228600000634 2.00202813925 32.9077 -0.827499 27.0022
10.2163 90000228600000635 90000228600000634 90000228600000673 90000228600000633 1.90408954353 38.6481 -5.91006 19.0407
10.3277 90000228600000634 90000228600000633 90000228600000673 90000228600000632 1.82268925262 97.9572 3.21473 -54.8268
10.3326 90000228600000633 90000228600000629 90000228600000673 90000228600000628 1.53123902916 96.3569 -37.5884 -67.0272
10.3328 90000228600000629 90000228600000628 90000228600000673 90000228600000627 1.47197484527 104.684 -36.7265 -82.7023
10.3593 90000228600000628 90000228600000626 90000228600000673 90000228600000625 1.3575766674 83.9156 -42.4387 -91.3614
10.4146 90000228600000626 90000228600000624 90000228600000673 90000228600000623 1.24847261425 93.3146 -47.0292 -102.272
9.00337 90000228600000718 90000228600000717 90000228600000725 90000228600000716 2.44422570455 -5.35435 1.9705 -5.53963
9.0666 90000228600000913 90000228600000912 90000228600000918 90000228600000911 9.38877127194 -1.89163 -1.66419 -4.1076
9.12912 90000228600000912 90000228600000911 90000228600000918 90000228600000910 9.00233985416 -2.66703 -1.20457 -3.62353
9.13394 90000228600000911 90000228600000910 90000228600000918 90000228600000909 8.9079991856 -1.52045 -1.63178 -4.60227
9.15502 90000228600000910 90000228600000909 90000228600000918 90000228600000908 8.44947629437 1.18446 0.602366 -4.66902
9.24918 90000228600000909 90000228600000908 90000228600000918 90000228600000907 8.01217294887 -0.060026 -3.13269 -5.51967
9.31874 90000228600000908 90000228600000907 90000228600000918 90000228600000906 7.59510714987 1.1202 -3.18411 -4.23893
9.31874 90000228600000907 90000228600000906 90000228600000918 90000228600000905 7.23627606617 1.98114 -1.78964 -3.99438
9.38277 90000228600000906 90000228600000905 90000228600000918 90000228600000904 7.00541704554 -0.169118 -3.03811 -3.86664
9.40001 90000228600000905 90000228600000904 90000228600000918 90000228600000903 6.85511726265 1.35147 -1.87933 -3.28272
9.41909 90000228600000904 90000228600000902 90000228600000918 90000228600000901 6.14490120342 -5.85313 8.71033 0.814181
9.43974 90000228600000902 90000228600000900 90000228600000918 90000228600000899 5.84661374788 -4.75817 5.14956 -1.29223
9.46621 90000228600000900 90000228600000899 90000228600000918 90000228600000898 5.52976580795 -12.3934 9.80539 3.44111
9.4964 90000228600000899 90000228600000898 90000228600000918 90000228600000897 5.22758097313 -9.81807 2.39894 -0.21736
9.52754 90000228600000898 90000228600000897 90000228600000918 90000228600000896 4.99593346816 -8.36789 -0.384638 -0.54412
9.61106 90000228600000897 90000228600000896 90000228600000918 90000228600000895 4.93938066349 -10.0029 2.06057 -0.199178
9.64712 90000228600000896 90000228600000895 90000228600000918 90000228600000894 4.66451770247 -11.2045 -0.296872 0.30141
9.73239 90000228600000895 90000228600000894 90000228600000918 90000228600000893 4.42803373661 -0.650225 -1.2572 12.312
9.74432 90000228600000894 90000228600000893 90000228600000918 90000228600000892 4.17683491473 9.03072 -5.04567 11.2977
9.75017 90000228600000893 90000228600000887 90000228600000918 90000228600000886 3.08482263583 7.98728 2.12433 5.84174
9.75708 90000228600000887 90000228600000885 90000228600000918 90000228600000884 2.89578500573 2.40114 1.4799 2.30601
9.77499 90000228600000885 90000228600000884 90000228600000918 90000228600000883 2.73314261732 6.89763 1.33676 5.07623
9.78636 90000228600000884 90000228600000883 90000228600000918 90000228600000882 2.5772902716 3.28128 -0.0745819 3.65638
9.80517 90000228600000883 90000228600000882 90000228600000918 90000228600000881 2.44422570455 1.66983 -1.30549 2.59589
9.83243 90000228600000882 90000228600000881 90000228600000918 90000228600000880 2.31611074396 6.11618 -4.56765 3.40125
9.13634 90000228600001134 90000228600001133 90000228600001146 90000228600001132 4.66451770247 -1.79207 6.42305 4.81111
9.26008 90000228600001133 90000228600001131 90000228600001146 90000228600001130 4.17683491473 -1.39823 0.289023 5.34975
9.28956 90000228600001131 90000228600001130 90000228600001146 90000228600001129 4.00794511147 -2.87622 2.76404 4.83508
9.4026 90000228600001130 90000228600001128 90000228600001146 90000228600001127 3.70877426464 -2.272 3.26325 4.08991
9.54651 90000228600001128 90000228600001127 90000228600001146 90000228600001126 3.49086136926 -11.4374 -12.0101 -13.4789
9.58638 90000228600001127 90000228600001124 90000228600001146 90000228600001123 3.00813107163 -26.0406 -7.27723 -0.208057
9.69184 90000228600001124 90000228600001122 90000228600001146 90000228600001121 2.73314261732 -25.0433 -5.12027 5.32934
10.0127 90000228600001122 90000228600001120 90000228600001146 90000228600001119 2.44422570455 -29.2138 28.8651 29.293
10.0836 90000228600001120 90000228600001117 90000228600001146 90000228600001116 2.1032696526 -34.7015 -18.4068 -12.6298
10.1133 90000228600001117 90000228600001116 90000228600001146 90000228600001115 2.00202813925 -17.5858 -47.7307 -15.2461
10.1683 90000228600001116 90000228600001115 90000228600001146 90000228600001114 1.90408954353 -25.6831 -25.1565 -26.5834
10.1758 90000228600001115 90000228600001114 90000228600001146 90000228600001113 1.82268925262 -13.6072 -33.9065 -52.4594
10.2352 90000228600001114 90000228600001113 90000228600001146 90000228600001112 1.74357057433 3.55429 -49.9748 -54.7918
10.284 90000228600001113 90000228600001112 90000228600001146 90000228600001111 1.66666955611 0.705949 -65.0296 -41.3613
10.2965 90000228600001112 90000228600001110 90000228600001146 90000228600001109 1.53123902916 -10.1215 -72.8508 -40.0238
10.3367 90000228600001110 90000228600001108 90000228600001146 90000228600001107 1.41409822037 -15.2834 -64.4222 -53.466
10.4135 90000228600001108 90000228600001107 90000228600001146 90000228600001106 1.3575766674 -23.9611 -53.7242 -52.6804
10.4212 90000228600001107 90000228600001106 90000228600001146 90000228600001105 1.30237845991 -61.0717 -71.4798 -0.89864
10.4273 90000228600001106 90000228600001104 90000228600001146 90000228600001103 1.20625808078 -68.5087 -59.1989 -9.78389
10.4546 90000228600001104 90000228600001103 90000228600001146 90000228600001102 1.15460271236 -57.3103 -23.4364 3.84072
10.4731 90000228600001103 90000228600001102 90000228600001146 90000228600001101 1.11415056377 -74.8151 -28.8548 -0.164435
10.4936 90000228600001102 90000228600001100 90000228600001146 90000228600001099 1.03551044566 -70.9076 -35.4076 -2.20263
10.5001 90000228600001100 90000228600001097 90000228600001146 90000228600001096 0.950531351585 -83.5701 -52.7667 3.62802
10.5141 90000228600001097 90000228600001096 90000228600001146 90000228600001095 0.923000816178 -119.441 -36.5712 33.0289
10.5373 90000228600001096 90000228600001095 90000228600001146 90000228600001094 0.886896937575 -151.452 -32.1881 51.4051
10.5542 90000228600001095 90000228600001094 90000228600001146 90000228600001093 0.851470900625 -157.749 -24.2755 74.5007
10.5633 90000228600001094 90000228600001093 90000228600001146 90000228600001092 0.816709979012 -168.17 -22.2516 97.1467
10.5887 90000228600001093 90000228600001092 90000228600001146 90000228600001091 0.791068248946 -174.724 -16.8714 105.485
10.5982 90000228600001092 90000228600001090 90000228600001146 90000228600001089 0.732636182022 -166.253 -14.4038 103.106
10.6044 90000228600001090 90000228600001089 90000228600001146 90000228600001088 0.700106353719 -167.618 -17.6716 110.836
10.6206 90000228600001089 90000228600001087 90000228600001146 90000228600001086 0.644641840685 -159.591 -15.1035 98.755
10.6298 90000228600001087 90000228600001086 90000228600001146 90000228600001085 0.621428745243 -168.552 -13.9484 103.589
10.6331 90000228600001086 90000228600001085 90000228600001146 90000228600001084 0.598543288188 -157.317 -3.41292 109.297
9.06096 90000228600001235 90000228600001234 90000228600001243 90000228600001233 4.42803373661 3.2448 -2.36868 0.146549
9.16852 90000228600001234 90000228600001233 90000228600001243 90000228600001232 4.17683491473 3.7354 3.79661 5.53318
9.2087 90000228600001233 90000228600001232 90000228600001243 90000228600001231 4.00794511147 2.90703 3.0059 6.51104
9.2361 90000228600001232 90000228600001231 90000228600001243 90000228600001230 3.93726108473 3.50095 3.73846 7.61163
9.27766 90000228600001231 90000228600001230 90000228600001243 90000228600001229 3.70877426464 1.89002 2.36151 8.10968
9.3044 90000228600001230 90000228600001228 90000228600001243 90000228600001227 3.28303305796 -2.8817 2.20903 4.97604
9.46733 90000228600001228 90000228600001225 90000228600001243 90000228600001224 2.89578500573 11.8176 2.27278 -5.10074
9.0066 90000228600001250 90000228600001249 90000228600001260 90000228600001248 3.28303305796 6.07527 1.03785 7.72505
9.01614 90000228600001298 90000228600001297 90000228600001308 90000228600001296 6.49159774567 1.77985 -1.2453 4.21943
9.07492 90000228600001297 90000228600001296 90000228600001308 90000228600001295 6.14490120342 3.31532 0.802894 -0.216007
9.12912 90000228600001296 90000228600001295 90000228600001308 90000228600001294 6.01075739884 0.776339 4.06293 1.42167
9.14108 90000228600001295 90000228600001293 90000228600001308 90000228600001292 5.52976580795 -2.12345 3.10853 -0.253434
9.20464 90000228600001293 90000228600001292 90000228600001308 90000228600001291 5.22758097313 -1.33431 2.86714 2.70763
9.26008 90000228600001292 90000228600001291 90000228600001308 90000228600001290 4.99593346816 -4.46395 6.81082 2.69011
9.30278 90000228600001291 90000228600001289 90000228600001308 90000228600001288 4.66451770247 -7.2665 10.9868 6.11734
9.32342 90000228600001289 90000228600001288 90000228600001308 90000228600001287 4.42803373661 -5.01737 8.66961 4.06176
9.37457 90000228600001288 90000228600001287 90000228600001308 90000228600001286 4.17683491473 -8.16462 13.9985 3.66721
9.39346 90000228600001287 90000228600001286 90000228600001308 90000228600001285 4.00794511147 -24.8428 19.6787 -7.21857
9.40646 90000228600001286 90000228600001285 90000228600001308 90000228600001284 3.93726108473 -30.7349 19.3563 -7.07795
9.42771 90000228600001285 90000228600001284 90000228600001308 90000228600001283 3.70877426464 -24.5228 17.223 -14.1304
9.43856 90000228600001284 90000228600001283 90000228600001308 90000228600001282 3.49086136926 -18.7207 13.2826 -6.41911
9.4606 90000228600001283 90000228600001282 90000228600001308 90000228600001281 3.28303305796 -20.8923 10.6347 -0.896132
9.58553 90000228600001282 90000228600001277 90000228600001308 90000228600001276 2.5772902716 -36.4871 5.43709 -24.7579
9.9975 90000228600001277 90000228600001275 90000228600001308 90000228600001274 2.31611074396 -19.9037 47.5389 19.8325
10.2624 90000228600001275 90000228600001268 90000228600001308 90000228600001267 1.60423452207 -11.6993 -58.6558 -30.7067
9.03763 90000228600001576 90000228600001575 90000228600001587 90000228600001574 4.99593346816 -1.12746 -1.97882 -4.10977
9.22066 90000228600001575 90000228600001573 90000228600001587 90000228600001572 4.66451770247 -6.46802 -3.60573 -17.5425
9.35914 90000228600001573 90000228600001572 90000228600001587 90000228600001571 4.42803373661 -23.0399 7.29962 -37.7058
9.40902 90000228600001572 90000228600001571 90000228600001587 90000228600001570 4.17683491473 -15.1183 6.72708 -34.6891
9.41156 90000228600001571 90000228600001570 90000228600001587 90000228600001569 4.00794511147 -3.79032 7.12874 -29.5811
9.45833 90000228600001570 90000228600001569 90000228600001587 90000228600001568 3.93726108473 -9.93002 5.46332 -28.2927
9.48479 90000228600001569 90000228600001568 90000228600001587 90000228600001567 3.70877426464 -3.4582 7.76308 -36.3568
9.51675 90000228600001568 90000228600001567 90000228600001587 90000228600001566 3.49086136926 -11.6699 12.5226 -37.3252
9.63366 90000228600001567 90000228600001566 90000228600001587 90000228600001565 3.28303305796 -26.7009 21.6167 -64.3339
9.84939 90000228600001566 90000228600001560 90000228600001587 90000228600001559 2.31611074396 -38.3394 18.3007 -50.7785
9.85899 90000228600001560 90000228600001555 90000228600001587 90000228600001554 1.82268925262 -22.7089 24.2783 -63.6961
9.9208 90000228600001555 90000228600001554 90000228600001587 90000228600001553 1.74357057433 -35.4646 3.15258 -53.3169
10.4748 90000228600001554 90000228600001523 90000228600001587 90000228600001522 0.524565820434 -122.994 -12.9578 72.8565
9.0666 90000228600001616 90000228600001615 90000228600001626 90000228600001614 4.17683491473 -10.928 10.3749 1.10596
9.19848 90000228600001615 90000228600001614 90000228600001626 90000228600001613 4.00794511147 -29.1147 -4.83977 5.49186
9.58383 90000228600001614 90000228600001609 90000228600001626 90000228600001608 3.08482263583 -48.6622 11.8783 -58.558
9.71385 90000228600001609 90000228600001608 90000228600001626 90000228600001607 3.00813107163 -45.1769 20.9372 -67.9499
9.82025 90000228600001608 90000228600001605 90000228600001626 90000228600001560 2.44422570455 -37.916 23.3926 -63.1186
9.80003 90000228600001638 90000228600001637 90000228600001638 90000228600001605 2.5772902716 -38.9313 21.6358 -67.9679
9.01614 90000228600001880 90000228600001879 90000228600001912 90000228600001878 1.41409822037 0.332251 3.42595 4.20645
9.04653 90000228600001879 90000228600001878 90000228600001912 90000228600001877 1.3575766674 3.15222 6.74844 2.68253
9.09637 90000228600001878 90000228600001876 90000228600001912 90000228600001875 1.24847261425 8.72926 10.6575 5.16522
