logMh | fpID | subhaloID | main leaf ID | descID |  z
9.04653 90000200900000098 90000200900000097 90000200900000102 90000200900000096 8.01217294887 0.063408 -3.10099 -2.36152
9.18162 90000200900000097 90000200900000096 90000200900000102 90000200900000095 7.59510714987 -4.93128 -0.602724 -11.6262
9.25648 90000200900000096 90000200900000095 90000200900000102 90000200900000094 7.23627606617 -6.0428 -0.0875663 -13.4018
9.2845 90000200900000095 90000200900000094 90000200900000102 90000200900000093 7.00541704554 -4.68802 -0.181344 -10.7116
9.30278 90000200900000094 90000200900000093 90000200900000102 90000200900000092 6.85511726265 -7.65969 -0.902883 -11.6046
9.32187 90000200900000093 90000200900000092 90000200900000102 90000200900000091 6.49159774567 -4.65763 0.0568399 -10.2466
9.38815 90000200900000092 90000200900000091 90000200900000102 90000200900000090 6.14490120342 -4.69743 5.31292 1.60525
9.44564 90000200900000091 90000200900000089 90000200900000102 90000200900000088 5.84661374788 -1.95309 5.34854 -1.80985
9.47941 90000200900000089 90000200900000088 90000200900000102 90000200900000087 5.52976580795 -3.81234 2.57467 -2.78014
9.61106 90000200900000088 90000200900000087 90000200900000102 90000200900000086 5.22758097313 -2.76188 -4.32994 -14.6809
9.69647 90000200900000087 90000200900000086 90000200900000102 90000200900000085 4.99593346816 -1.00758 -15.2077 -20.2049
9.69843 90000200900000086 90000200900000085 90000200900000102 90000200900000084 4.93938066349 -2.82362 -24.8521 -19.8469
9.76106 90000200900000085 90000200900000084 90000200900000102 90000200900000083 4.66451770247 2.14608 0.220797 -7.98684
9.80209 90000200900000084 90000200900000083 90000200900000102 90000200900000082 4.42803373661 7.76777 11.6463 13.1929
9.87539 90000200900000083 90000200900000082 90000200900000102 90000200900000081 4.17683491473 13.4432 7.13529 37.8261
9.90034 90000200900000082 90000200900000081 90000200900000102 90000200900000080 4.00794511147 7.80261 -1.34405 25.0128
9.91369 90000200900000081 90000200900000080 90000200900000102 90000200900000079 3.93726108473 7.6144 -3.5678 29.6231
9.95508 90000200900000080 90000200900000079 90000200900000102 90000200900000078 3.70877426464 23.5524 -0.0192125 34.2133
9.98887 90000200900000079 90000200900000078 90000200900000102 90000200900000077 3.49086136926 29.1039 13.221 43.6091
10.0037 90000200900000078 90000200900000077 90000200900000102 90000200900000076 3.28303305796 29.1753 11.3647 39.0513
10.027 90000200900000077 90000200900000076 90000200900000102 90000200900000075 3.08482263583 17.4379 0.963787 38.0252
10.034 90000200900000076 90000200900000074 90000200900000102 90000200900000073 2.89578500573 31.1158 8.13285 43.1632
10.089 90000200900000074 90000200900000073 90000200900000102 90000200900000072 2.73314261732 28.5853 12.9153 70.611
10.1773 90000200900000073 90000200900000072 90000200900000102 90000200900000071 2.5772902716 32.2831 37.6787 94.0428
10.2353 90000200900000072 90000200900000071 90000200900000102 90000200900000070 2.44422570455 38.4382 37.9417 95.7467
10.3089 90000200900000071 90000200900000070 90000200900000102 90000200900000069 2.31611074396 34.6906 35.9912 106.232
10.368 90000200900000070 90000200900000069 90000200900000102 90000200900000068 2.20792547238 24.7646 35.3042 119.312
10.3979 90000200900000069 90000200900000068 90000200900000102 90000200900000067 2.1032696526 38.35 26.4978 116.249
10.4389 90000200900000068 90000200900000067 90000200900000102 90000200900000066 2.00202813925 38.0264 27.5909 120.036
10.4598 90000200900000067 90000200900000066 90000200900000102 90000200900000065 1.90408954353 20.5519 19.5006 109.493
10.4888 90000200900000066 90000200900000064 90000200900000102 90000200900000063 1.74357057433 24.492 77.4419 108.4
10.8301 90000200900000064 90000200900000058 90000200900000102 90000200900000057 1.3575766674 113.768 90.7095 88.1212
10.8738 90000200900000058 90000200900000057 90000200900000102 90000200900000056 1.30237845991 119.569 70.6902 114.698
10.901 90000200900000057 90000200900000056 90000200900000102 90000200900000055 1.24847261425 124.114 64.0278 86.2677
10.9129 90000200900000056 90000200900000055 90000200900000102 90000200900000054 1.20625808078 123.38 76.1647 86.2099
10.9162 90000200900000055 90000200900000054 90000200900000102 90000200900000053 1.15460271236 127.616 67.1941 101.341
10.9451 90000200900000054 90000200900000052 90000200900000102 90000200900000051 1.07445789455 103.088 69.1165 114.856
10.9589 90000200900000052 90000200900000051 90000200900000102 90000200900000050 1.03551044566 104.881 70.203 144.812
10.9776 90000200900000051 90000200900000050 90000200900000102 90000200900000049 0.997294225782 86.6212 77.8205 153.091
10.9815 90000200900000050 90000200900000049 90000200900000102 90000200900000048 0.987852810816 92.1829 73.5427 154.821
10.9821 90000200900000049 90000200900000048 90000200900000102 90000200900000047 0.950531351585 92.8744 63.6048 148.851
10.9984 90000200900000048 90000200900000046 90000200900000102 90000200900000045 0.886896937575 60.1445 65.7502 168.983
11.0049 90000200900000046 90000200900000045 90000200900000102 90000200900000044 0.851470900625 55.2679 68.4384 166.209
11.0145 90000200900000045 90000200900000042 90000200900000102 90000200900000041 0.757441372616 67.4531 76.5096 135.39
11.0249 90000200900000042 90000200900000040 90000200900000102 90000200900000039 0.700106353719 72.6219 74.7389 156.431
11.0478 90000200900000040 90000200900000039 90000200900000102 90000200900000038 0.676110411213 109.342 104.078 198.427
11.0555 90000200900000039 90000200900000038 90000200900000102 90000200900000037 0.644641840685 118.661 106.667 224.779
11.0592 90000200900000038 90000200900000036 90000200900000102 90000200900000035 0.598543288188 115.147 115.104 240.239
11.0713 90000200900000036 90000200900000035 90000200900000102 90000200900000034 0.575980845108 168.694 124.047 304.144
11.0856 90000200900000035 90000200900000034 90000200900000102 90000200900000033 0.546392183141 190.835 120.556 320.914
11.0863 90000200900000034 90000200900000033 90000200900000102 90000200900000032 0.524565820434 185.369 122.791 277.536
11.093 90000200900000033 90000200900000032 90000200900000102 90000200900000031 0.503047523245 198.757 102.027 268.873
11.1099 90000200900000032 90000200900000031 90000200900000102 90000200900000030 0.481832943421 249.877 116.265 346.782
11.1212 90000200900000031 90000200900000030 90000200900000102 90000200900000029 0.460917794181 292.392 105.346 395.975
11.1253 90000200900000030 90000200900000029 90000200900000102 90000200900000028 0.440297849248 295.629 90.1217 380.541
11.1328 90000200900000029 90000200900000028 90000200900000102 90000200900000027 0.419968941997 291.988 84.0595 365.025
11.1455 90000200900000028 90000200900000027 90000200900000102 90000200900000026 0.399926964614 329.201 76.6657 381.646
11.1515 90000200900000027 90000200900000026 90000200900000102 90000200900000025 0.38016786726 313.551 68.4611 380.268
11.1568 90000200900000026 90000200900000025 90000200900000102 90000200900000024 0.360687657262 345.886 63.0629 419.355
11.163 90000200900000025 90000200900000022 90000200900000102 90000200900000021 0.310074120128 331.488 59.4722 372.222
11.1716 90000200900000022 90000200900000021 90000200900000102 90000200900000020 0.291583239722 363.491 56.6363 364.989
11.1802 90000200900000021 90000200900000020 90000200900000102 90000200900000019 0.273353346578 367.808 76.7115 381.878
11.1886 90000200900000020 90000200900000019 90000200900000102 90000200900000018 0.261343256161 377.912 75.5556 401.924
11.1999 90000200900000019 90000200900000018 90000200900000102 90000200900000017 0.243540181555 402.036 86.2074 381.479
11.202 90000200900000018 90000200900000017 90000200900000102 90000200900000016 0.22598838626 379.381 93.4763 412.596
11.2119 90000200900000017 90000200900000016 90000200900000102 90000200900000015 0.214425035514 384.803 104.31 416.148
11.2137 90000200900000016 90000200900000005 90000200900000102 90000200900000004 0.0585073227945 304.999 113.135 383.55
11.2168 90000200900000005 90000200900000003 90000200900000102 90000200900000002 0.0337243718735 323.631 88.2689 357.63
11.2216 90000200900000003 90000200900000001 90000200900000102 90000200900000000 0.00952166696794 316.763 85.6051 356.315
11.2221 90000200900000001 90000200900000000 90000200900000102 -1 2.22044604925e-16 322.202 89.5556 351.63
9.12912 90000200900000212 90000200900000211 90000200900000216 90000200900000210 5.22758097313 5.21944 -5.25382 7.15909
9.54278 90000200900000211 90000200900000210 90000200900000216 90000200900000209 4.99593346816 30.3926 -4.2736 10.2946
9.66936 90000200900000210 90000200900000208 90000200900000216 90000200900000207 4.66451770247 30.6903 -5.56861 11.1224
9.67629 90000200900000208 90000200900000200 90000200900000216 90000200900000199 3.00813107163 12.9298 -3.86494 10.6721
9.67767 90000200900000200 90000200900000199 90000200900000216 90000200900000198 2.89578500573 19.3037 -2.8508 10.6504
9.02239 90000200900000229 90000200900000228 90000200900000236 90000200900000227 6.49159774567 -5.58051 -2.30865 2.09382
9.11431 90000200900000228 90000200900000227 90000200900000236 90000200900000226 6.14490120342 -6.03313 -1.17163 5.88555
9.14811 90000200900000227 90000200900000226 90000200900000236 90000200900000225 6.01075739884 -5.97313 -0.708784 5.85598
9.15273 90000200900000226 90000200900000225 90000200900000236 90000200900000224 5.84661374788 -6.50534 0.293821 5.49939
9.23037 90000200900000225 90000200900000224 90000200900000236 90000200900000223 5.52976580795 -3.8877 1.34255 3.50232
9.24548 90000200900000224 90000200900000223 90000200900000236 90000200900000222 5.22758097313 -5.32707 0.520404 4.17777
9.02855 90000200900000275 90000200900000274 90000200900000284 90000200900000273 3.08482263583 -4.22099 12.9215 -8.58677
9.04358 90000200900000274 90000200900000273 90000200900000284 90000200900000272 3.00813107163 -3.36812 11.2434 -5.1134
9.04653 90000200900000273 90000200900000272 90000200900000284 90000200900000271 2.89578500573 -1.57109 8.29589 -3.71356
9.0066 90000200900000305 90000200900000304 90000200900000312 90000200900000303 3.70877426464 -7.61833 -1.37362 -3.20231
9.09898 90000200900000304 90000200900000302 90000200900000312 90000200900000301 3.28303305796 -0.309493 -6.81741 -4.88351
9.23229 90000200900000302 90000200900000298 90000200900000312 90000200900000297 2.73314261732 7.06273 -3.66378 3.14735
9.38005 90000200900000298 90000200900000296 90000200900000312 90000200900000295 2.44422570455 27.556 -10.6973 3.48153
9.42527 90000200900000296 90000200900000295 90000200900000312 90000200900000294 2.31611074396 28.7158 -15.0881 0.116446
9.55296 90000200900000295 90000200900000294 90000200900000312 90000200900000293 2.20792547238 17.9759 -24.9194 -6.46064
9.61106 90000200900000294 90000200900000293 90000200900000312 90000200900000292 2.1032696526 5.56501 -48.0695 -6.16136
9.72935 90000200900000293 90000200900000292 90000200900000312 90000200900000291 2.00202813925 1.78776 -46.5045 -1.7212
9.7354 90000200900000292 90000200900000289 90000200900000312 90000200900000288 1.74357057433 10.9918 -41.2914 -6.998
9.04945 90000200900000365 90000200900000364 90000200900000379 90000200900000363 3.08482263583 -7.85409 -5.3505 -4.35429
9.10671 90000200900000364 90000200900000363 90000200900000379 90000200900000362 3.00813107163 -5.81626 -4.60321 -4.46826
9.12178 90000200900000363 90000200900000361 90000200900000379 90000200900000360 2.73314261732 -8.41581 -1.99034 -6.13231
9.12912 90000200900000361 90000200900000360 90000200900000379 90000200900000359 2.5772902716 -13.2106 -5.18984 -4.35529
9.05524 90000200900000434 90000200900000433 90000200900000445 90000200900000432 4.66451770247 -1.58811 -5.04541 -5.6976
9.07216 90000200900000433 90000200900000432 90000200900000445 90000200900000431 4.42803373661 -1.16136 -5.73657 -4.37431
9.12912 90000200900000432 90000200900000431 90000200900000445 90000200900000430 4.17683491473 -0.856636 -8.75301 -2.44856
9.16407 90000200900000431 90000200900000429 90000200900000445 90000200900000428 3.93726108473 -2.22212 -6.05628 -2.75614
9.17729 90000200900000429 90000200900000428 90000200900000445 90000200900000427 3.70877426464 3.61381 -7.89329 -3.85583
9.21272 90000200900000428 90000200900000427 90000200900000445 90000200900000426 3.49086136926 3.69208 -9.37874 -2.97092
9.21869 90000200900000427 90000200900000426 90000200900000445 90000200900000425 3.28303305796 7.42335 -10.5278 -5.3386
9.25648 90000200900000426 90000200900000424 90000200900000445 90000200900000423 3.00813107163 5.02053 -11.5905 -3.10842
9.32805 90000200900000424 90000200900000422 90000200900000445 90000200900000421 2.73314261732 -12.5153 -6.37064 -7.99336
9.37595 90000200900000422 90000200900000419 90000200900000445 90000200900000418 2.31611074396 -5.95879 2.16815 -1.21066
9.01614 90000200900000448 90000200900000447 90000200900000461 90000200900000446 2.5772902716 1.77787 4.53388 -2.27024
9.01928 90000200900000542 90000200900000541 90000200900000553 90000200900000540 4.66451770247 -12.3901 -6.37777 9.92461
9.06378 90000200900000541 90000200900000540 90000200900000553 90000200900000539 4.42803373661 -8.74485 -3.79139 7.82142
9.06939 90000200900000540 90000200900000538 90000200900000553 90000200900000537 4.00794511147 -7.0838 -5.60717 8.68298
9.09898 90000200900000538 90000200900000537 90000200900000553 90000200900000536 3.93726108473 -8.74493 -3.26215 8.98979
9.24918 90000200900000537 90000200900000535 90000200900000553 90000200900000534 3.49086136926 3.51667 -24.8779 -15.2933
9.29457 90000200900000535 90000200900000533 90000200900000553 90000200900000532 3.08482263583 4.59722 -11.6152 -9.71319
9.35338 90000200900000533 90000200900000532 90000200900000553 90000200900000531 3.00813107163 4.46466 -14.2403 -12.0961
9.43015 90000200900000532 90000200900000531 90000200900000553 90000200900000530 2.89578500573 5.44896 -12.9247 -20.8124
9.53044 90000200900000531 90000200900000530 90000200900000553 90000200900000529 2.73314261732 20.3201 -5.97899 -33.3942
9.60136 90000200900000530 90000200900000529 90000200900000553 90000200900000528 2.5772902716 20.6552 -2.72035 -30.2516
9.78314 90000200900000529 90000200900000528 90000200900000553 90000200900000527 2.44422570455 35.7737 33.2965 8.36636
9.96262 90000200900000528 90000200900000526 90000200900000553 90000200900000525 2.20792547238 47.6555 28.4311 28.6138
10.0483 90000200900000526 90000200900000525 90000200900000553 90000200900000524 2.1032696526 49.3116 39.4782 -9.26199
10.0836 90000200900000525 90000200900000524 90000200900000553 90000200900000523 2.00202813925 32.4199 61.0068 -8.26331
10.1281 90000200900000524 90000200900000523 90000200900000553 90000200900000522 1.90408954353 57.138 86.0372 -27.6678
10.2003 90000200900000523 90000200900000522 90000200900000553 90000200900000521 1.82268925262 48.8581 101.447 -57.3426
10.3593 90000200900000522 90000200900000520 90000200900000553 90000200900000519 1.66666955611 86.9626 97.1564 -28.8122
10.3863 90000200900000520 90000200900000519 90000200900000553 90000200900000518 1.60423452207 115.089 82.0204 -73.7181
10.7356 90000200900000519 90000200900000516 90000200900000553 90000200900000515 1.41409822037 148.233 86.2955 21.0631
10.8931 90000200900000516 90000200900000510 90000200900000553 90000200900000509 1.11415056377 121.137 74.6065 118.974
9.0066 90000200900000578 90000200900000577 90000200900000595 90000200900000576 2.89578500573 10.533 -7.24348 -3.25797
9.06378 90000200900000747 90000200900000746 90000200900000750 90000200900000745 7.00541704554 -5.58021 -0.401725 -1.76492
9.18802 90000200900000746 90000200900000744 90000200900000750 90000200900000743 6.49159774567 -2.61657 -1.30619 0.534147
9.25828 90000200900000744 90000200900000743 90000200900000750 90000200900000742 6.14490120342 -3.02025 -0.45101 0.272999
9.2811 90000200900000743 90000200900000742 90000200900000750 90000200900000741 6.01075739884 -4.68568 -2.56565 -0.410595
9.3156 90000200900000742 90000200900000741 90000200900000750 90000200900000740 5.84661374788 -5.66591 -3.79891 -1.43376
9.38277 90000200900000741 90000200900000740 90000200900000750 90000200900000739 5.52976580795 -8.25552 -5.27475 -0.214264
9.40001 90000200900000740 90000200900000739 90000200900000750 90000200900000738 5.22758097313 -8.03092 -7.74771 0.607768
9.4549 90000200900000739 90000200900000738 90000200900000750 90000200900000737 4.99593346816 -7.56172 -8.41428 4.30699
9.4549 90000200900000738 90000200900000737 90000200900000750 90000200900000736 4.93938066349 -6.4193 -7.54658 4.08468
9.54928 90000200900000737 90000200900000736 90000200900000750 90000200900000735 4.66451770247 -6.43546 -12.1286 4.93755
9.57349 90000200900000736 90000200900000735 90000200900000750 90000200900000734 4.42803373661 1.56509 -11.7375 6.36609
9.63969 90000200900000735 90000200900000734 90000200900000750 90000200900000733 4.17683491473 2.7295 -9.37795 5.5074
9.67698 90000200900000734 90000200900000733 90000200900000750 90000200900000732 4.00794511147 5.29 -6.87412 8.4023
9.70169 90000200900000733 90000200900000732 90000200900000750 90000200900000731 3.93726108473 3.13189 -12.6745 7.7472
9.7226 90000200900000732 90000200900000731 90000200900000750 90000200900000730 3.70877426464 1.36625 -11.6662 2.66319
9.75017 90000200900000731 90000200900000730 90000200900000750 90000200900000729 3.49086136926 -1.47494 -15.9934 11.101
9.76049 90000200900000730 90000200900000729 90000200900000750 90000200900000728 3.28303305796 -7.7405 -20.3809 12.087
9.77935 90000200900000729 90000200900000728 90000200900000750 90000200900000727 3.08482263583 -7.43959 -19.9565 7.43957
9.79534 90000200900000728 90000200900000727 90000200900000750 90000200900000726 3.00813107163 -13.3085 -3.96128 11.1773
9.85124 90000200900000727 90000200900000726 90000200900000750 90000200900000725 2.89578500573 -14.0063 -36.3492 24.9074
9.86793 90000200900000726 90000200900000725 90000200900000750 90000200900000724 2.73314261732 -8.74732 -26.0353 24.4655
9.86838 90000200900000725 90000200900000724 90000200900000750 90000200900000723 2.5772902716 -16.2184 -8.0504 26.113
9.91845 90000200900000724 90000200900000723 90000200900000750 90000200900000722 2.44422570455 -6.0363 -14.1614 28.8723
9.94888 90000200900000723 90000200900000722 90000200900000750 90000200900000721 2.31611074396 -2.04018 -22.0338 19.5396
10.4721 90000200900000722 90000200900000713 90000200900000750 90000200900000712 1.53123902916 145.759 117.05 -108.466
10.5397 90000200900000713 90000200900000712 90000200900000750 90000200900000711 1.47197484527 149.293 120.521 -109.69
9.0066 90000200900000936 90000200900000935 90000200900000949 90000200900000934 2.00202813925 3.97332 -10.4307 2.69052
9.0316 90000200900000935 90000200900000934 90000200900000949 90000200900000933 1.90408954353 8.16735 -10.7398 1.32279
9.03763 90000200900000934 90000200900000933 90000200900000949 90000200900000932 1.82268925262 8.54822 -8.14883 -1.05679
9.01928 90000200900001090 90000200900001089 90000200900001099 90000200900001088 7.23627606617 -0.281049 2.82859 1.80019
9.02548 90000200900001089 90000200900001088 90000200900001099 90000200900001087 7.00541704554 0.189616 3.53581 1.24101
9.02548 90000200900001088 90000200900001087 90000200900001099 90000200900001086 6.85511726265 0.151785 3.59598 2.47016
9.04358 90000200900001087 90000200900001086 90000200900001099 90000200900001085 6.49159774567 1.63542 1.74978 1.12931
9.07216 90000200900001086 90000200900001085 90000200900001099 90000200900001084 6.14490120342 -0.458512 3.01009 -0.067308
9.10926 90000200900001085 90000200900001082 90000200900001099 90000200900001081 5.52976580795 -0.0892296 1.0322 -2.85496
9.16407 90000200900001082 90000200900001081 90000200900001099 90000200900001080 5.22758097313 1.61768 3.44617 -11.7289
9.18589 90000200900001081 90000200900001080 90000200900001099 90000200900001079 4.99593346816 3.99506 3.30199 -10.1309
9.19433 90000200900001080 90000200900001079 90000200900001099 90000200900001078 4.93938066349 4.22084 4.24908 -10.5387
9.26008 90000200900001079 90000200900001078 90000200900001099 90000200900001077 4.66451770247 4.35838 0.283835 -11.8163
9.32497 90000200900001078 90000200900001077 90000200900001099 90000200900001076 4.42803373661 3.20165 -2.57778 -8.96571
9.34609 90000200900001077 90000200900001076 90000200900001099 90000200900001075 4.17683491473 -0.0201592 1.75768 -8.44117
9.37181 90000200900001076 90000200900001075 90000200900001099 90000200900001074 4.00794511147 0.39201 2.6094 -6.36816
9.4026 90000200900001075 90000200900001074 90000200900001099 90000200900001073 3.93726108473 -0.969755 1.59622 -5.92704
9.49116 90000200900001074 90000200900001073 90000200900001099 90000200900001072 3.70877426464 1.65427 -13.8242 2.1118
9.50771 90000200900001073 90000200900001072 90000200900001099 90000200900001071 3.49086136926 0.964848 -10.8714 0.213521
9.57523 90000200900001072 90000200900001071 90000200900001099 90000200900001070 3.28303305796 4.69663 1.29438 2.98566
9.68985 90000200900001071 90000200900001070 90000200900001099 90000200900001069 3.08482263583 6.08533 6.35661 2.04973
9.7348 90000200900001070 90000200900001068 90000200900001099 90000200900001067 2.89578500573 10.3877 41.079 2.84698
9.76332 90000200900001068 90000200900001066 90000200900001099 90000200900001065 2.5772902716 10.2192 48.4591 5.44459
9.78902 90000200900001066 90000200900001065 90000200900001099 90000200900001064 2.44422570455 15.5267 54.2285 -6.78162
9.80415 90000200900001065 90000200900001064 90000200900001099 90000200900001063 2.31611074396 10.8765 51.6073 -14.9586
9.81827 90000200900001064 90000200900001055 90000200900001099 90000200900001054 1.53123902916 7.24625 22.3179 19.0945
9.81877 90000200900001055 90000200900001053 90000200900001099 90000200900001052 1.41409822037 -0.350663 21.6081 5.29533
9.82321 90000200900001053 90000200900001052 90000200900001099 90000200900001051 1.3575766674 -2.85066 23.292 3.79231
9.83673 90000200900001052 90000200900001051 90000200900001099 90000200900001050 1.30237845991 -14.5592 21.8408 1.14321
9.01614 90000200900001128 90000200900001127 90000200900001137 90000200900001126 4.17683491473 0.273314 -0.283793 1.59992
9.10157 90000200900001127 90000200900001126 90000200900001137 90000200900001125 4.00794511147 -1.55134 -0.401262 4.18029
9.15273 90000200900001126 90000200900001124 90000200900001137 90000200900001123 3.70877426464 4.66746 -3.68903 -2.89774
9.10926 90000200900001224 90000200900001223 90000200900001232 90000200900001222 4.66451770247 1.07477 17.5249 -1.14689
9.12668 90000200900001223 90000200900001220 90000200900001232 90000200900001219 4.00794511147 7.45217 13.0725 -3.95733
9.1573 90000200900001220 90000200900001219 90000200900001232 90000200900001218 3.93726108473 6.74826 11.4948 -10.3977
9.17729 90000200900001219 90000200900001218 90000200900001232 90000200900001217 3.70877426464 9.32894 13.0323 -12.0972
9.21272 90000200900001218 90000200900001217 90000200900001232 90000200900001216 3.49086136926 9.83992 14.447 -14.2249
9.22457 90000200900001217 90000200900001216 90000200900001232 90000200900001215 3.28303305796 7.20982 14.2519 -12.8299
9.23988 90000200900001216 90000200900001215 90000200900001232 90000200900001214 3.08482263583 7.21207 12.5337 -14.2576
9.26008 90000200900001215 90000200900001214 90000200900001232 90000200900001213 3.00813107163 7.77714 12.7025 -15.4462
9.27938 90000200900001214 90000200900001213 90000200900001232 90000200900001212 2.89578500573 9.43912 13.6303 -14.9358
9.35627 90000200900001213 90000200900001209 90000200900001232 90000200900001208 2.31611074396 12.0176 13.8452 -10.5318
9.36763 90000200900001209 90000200900001208 90000200900001232 90000200900001207 2.20792547238 15.6908 11.9037 -7.15741
9.37457 90000200900001208 90000200900001207 90000200900001232 90000200900001206 2.1032696526 15.5973 13.4035 -15.8849
9.38547 90000200900001207 90000200900001206 90000200900001232 90000200900001205 2.00202813925 19.1106 8.35585 -5.26726
9.3974 90000200900001206 90000200900001196 90000200900001232 90000200900001195 1.30237845991 16.7074 10.5573 3.9495
9.42771 90000200900001196 90000200900001195 90000200900001232 90000200900001194 1.24847261425 16.0681 11.6279 5.55339
