logMh | fpID | subhaloID | main leaf ID | descID |  z
9.0098 40000000004188123 40000000004188122 40000000004188126 40000000004188121 10.9190331982 9.46116 -3.78261 2.05498
9.04062 40000000004188122 40000000004188121 40000000004188126 40000000004188120 10.3674435724 8.43562 -2.46347 2.99185
9.10671 40000000004188121 40000000004188120 40000000004188126 40000000004188119 9.99659046619 7.29138 -2.94655 2.49177
9.12424 40000000004188120 40000000004188119 40000000004188126 40000000004188118 9.84138043947 8.83361 -3.17864 1.76127
9.19223 40000000004188119 40000000004188118 40000000004188126 40000000004188117 9.38877127194 9.09521 -4.3636 1.5578
9.35771 40000000004188118 40000000004188117 40000000004188126 40000000004188116 9.00233985416 7.03703 -0.0914059 0.746255
9.44447 40000000004188117 40000000004188116 40000000004188126 40000000004188115 8.9079991856 10.5601 -5.5683 -3.73293
9.50465 40000000004188116 40000000004188115 40000000004188126 40000000004188114 8.44947629437 11.8036 -0.0987794 -4.38549
9.60054 40000000004188115 40000000004188114 40000000004188126 40000000004188113 8.01217294887 14.3533 -8.92355 -1.34071
9.70492 40000000004188114 40000000004188113 40000000004188126 40000000004188112 7.59510714987 9.67791 -8.85629 3.98909
9.74491 40000000004188113 40000000004188112 40000000004188126 40000000004188111 7.23627606617 10.6324 -8.0914 -0.0541956
9.82075 40000000004188112 40000000004188111 40000000004188126 40000000004188110 7.00541704554 13.3315 -10.2344 -1.57226
9.86571 40000000004188111 40000000004188110 40000000004188126 40000000004188109 6.85511726265 11.3898 -10.317 -1.50299
10.0034 40000000004188110 40000000004188109 40000000004188126 40000000004188108 6.49159774567 5.14632 -9.98692 2.77713
10.1208 40000000004188109 40000000004188108 40000000004188126 40000000004188107 6.14490120342 -0.390349 -17.2378 13.9582
10.1385 40000000004188108 40000000004188107 40000000004188126 40000000004188106 6.01075739884 -3.53855 -22.6918 9.20352
10.2275 40000000004188107 40000000004188106 40000000004188126 40000000004188105 5.84661374788 7.77645 -20.1572 5.64752
10.3041 40000000004188106 40000000004188105 40000000004188126 40000000004188104 5.52976580795 24.2339 -18.2311 18.6567
10.3776 40000000004188105 40000000004188104 40000000004188126 40000000004188103 5.22758097313 41.1321 -18.8545 37.9064
10.428 40000000004188104 40000000004188103 40000000004188126 40000000004188102 4.99593346816 47.5834 -24.5036 48.858
10.4454 40000000004188103 40000000004188102 40000000004188126 40000000004188101 4.93938066349 54.7564 -25.0439 52.8445
10.4914 40000000004188102 40000000004188101 40000000004188126 40000000004188100 4.66451770247 54.4596 -29.5431 53.3959
10.5219 40000000004188101 40000000004188100 40000000004188126 40000000004188099 4.42803373661 49.486 -32.415 55.9005
10.5338 40000000004188100 40000000004188099 40000000004188126 40000000004188098 4.17683491473 48.4184 -26.0769 59.1418
10.5481 40000000004188099 40000000004188098 40000000004188126 40000000004188097 4.00794511147 51.4551 -29.8243 52.383
10.5683 40000000004188098 40000000004188097 40000000004188126 40000000004188096 3.93726108473 62.4073 -30.3444 52.8107
10.6383 40000000004188097 40000000004188096 40000000004188126 40000000004188095 3.70877426464 52.0518 -57.7441 61.5851
10.6922 40000000004188096 40000000004188095 40000000004188126 40000000004188094 3.49086136926 29.8529 -88.2789 38.9041
10.7379 40000000004188095 40000000004188094 40000000004188126 40000000004188093 3.28303305796 21.2996 -86.8153 41.6294
10.8036 40000000004188094 40000000004188093 40000000004188126 40000000004188092 3.08482263583 -6.20031 -139.809 -1.43422
10.8145 40000000004188093 40000000004188092 40000000004188126 40000000004188091 3.00813107163 -6.24593 -132.894 -16.4562
10.8419 40000000004188092 40000000004188091 40000000004188126 40000000004188090 2.89578500573 -3.57583 -122.578 -15.6454
10.889 40000000004188091 40000000004188090 40000000004188126 40000000004188089 2.73314261732 6.49154 -122.665 -35.6006
10.9731 40000000004188090 40000000004188089 40000000004188126 40000000004188088 2.5772902716 105.227 -36.1735 -70.8389
11.0413 40000000004188089 40000000004188088 40000000004188126 40000000004188087 2.44422570455 177.241 21.8426 -126.656
11.1064 40000000004188088 40000000004188087 40000000004188126 40000000004188086 2.31611074396 148.652 23.6014 -140.352
11.1818 40000000004188087 40000000004188086 40000000004188126 40000000004188085 2.20792547238 287.274 99.4333 -143.809
11.2539 40000000004188086 40000000004188085 40000000004188126 40000000004188084 2.1032696526 343.528 409.197 -293.841
11.4376 40000000004188085 40000000004188084 40000000004188126 40000000004188083 2.00202813925 665.471 407.519 -1.9079
11.5387 40000000004188084 40000000004188083 40000000004188126 40000000004188082 1.90408954353 715.485 379.808 153.108
11.5812 40000000004188083 40000000004188082 40000000004188126 40000000004188081 1.82268925262 647.006 266.928 233.886
11.8486 40000000004188082 40000000004188077 40000000004188126 40000000004188076 1.47197484527 708.853 -917.465 836.335
11.8568 40000000004188077 40000000004188076 40000000004188126 40000000004188075 1.41409822037 908.754 -798.8 739.257
11.8842 40000000004188076 40000000004188075 40000000004188126 40000000004188074 1.3575766674 1000.13 -888.926 686.934
11.9883 40000000004188075 40000000004188073 40000000004188126 40000000004188072 1.24847261425 744.458 -1230.02 752.322
12.0258 40000000004188073 40000000004188068 40000000004188126 40000000004188067 1.03551044566 840.812 -1008.28 736.151
12.0261 40000000004188068 40000000004188067 40000000004188126 40000000004188066 0.997294225782 881.094 -987.907 728.538
12.0268 40000000004188067 40000000004188066 40000000004188126 40000000004188065 0.987852810816 916.91 -1024.89 741.488
12.0301 40000000004188066 40000000004188065 40000000004188126 40000000004188064 0.950531351585 845.963 -910.305 661.222
12.047 40000000004188065 40000000004188063 40000000004188126 40000000004188062 0.886896937575 760.956 -873.716 548.248
12.0675 40000000004188063 40000000004188062 40000000004188126 40000000004188061 0.851470900625 785.652 -881.176 560.411
12.0747 40000000004188062 40000000004188057 40000000004188126 40000000004188056 0.644641840685 843.397 -928.591 254.246
12.0795 40000000004188057 40000000004188056 40000000004188126 40000000004188055 0.621428745243 884.324 -964.656 292.275
12.0839 40000000004188056 40000000004188055 40000000004188126 40000000004188054 0.598543288188 896.633 -974.548 297.462
9.01928 40000000004188168 40000000004188167 40000000004188172 40000000004188166 9.00233985416 -5.50302 1.33391 6.89224
9.05524 40000000004188167 40000000004188165 40000000004188172 40000000004188164 8.44947629437 -4.51271 3.03749 6.06741
9.29124 40000000004188165 40000000004188164 40000000004188172 40000000004188163 8.01217294887 4.82838 1.03295 7.91518
9.37042 40000000004188164 40000000004188163 40000000004188172 40000000004188162 7.59510714987 -4.80494 7.53728 8.92581
9.00337 40000000004188225 40000000004188224 40000000004188234 40000000004188223 8.44947629437 0.640536 -0.825557 1.83172
9.01298 40000000004188224 40000000004188223 40000000004188234 40000000004188222 8.01217294887 1.06214 -1.61562 1.78166
9.11179 40000000004188223 40000000004188222 40000000004188234 40000000004188221 7.59510714987 0.810319 5.76171 -3.27254
9.19223 40000000004188222 40000000004188221 40000000004188234 40000000004188220 7.23627606617 -2.073 1.32626 1.32761
9.21671 40000000004188221 40000000004188220 40000000004188234 40000000004188219 7.00541704554 -0.109135 1.25975 2.00485
9.25828 40000000004188220 40000000004188219 40000000004188234 40000000004188218 6.85511726265 -1.10949 3.73469 -0.719657
9.32497 40000000004188219 40000000004188218 40000000004188234 40000000004188217 6.49159774567 -3.54903 1.75051 1.62142
9.41029 40000000004188218 40000000004188217 40000000004188234 40000000004188216 6.14490120342 -1.65651 -6.8494 7.35092
9.46955 40000000004188217 40000000004188216 40000000004188234 40000000004188215 6.01075739884 -8.95039 -3.61929 3.73239
9.03763 40000000004188243 40000000004188242 40000000004188255 40000000004188241 6.49159774567 -0.551809 6.04254 1.16186
9.13634 40000000004188297 40000000004188296 40000000004188304 40000000004188295 6.49159774567 -18.0218 4.62646 -5.06153
9.24918 40000000004188296 40000000004188295 40000000004188304 40000000004188294 6.14490120342 -12.2921 2.47108 -19.4121
9.24918 40000000004188295 40000000004188292 40000000004188304 40000000004188291 5.52976580795 14.9581 -5.72025 5.93052
9.44093 40000000004188292 40000000004188291 40000000004188304 40000000004188290 5.22758097313 9.99055 -10.605 13.3874
9.48372 40000000004188291 40000000004188290 40000000004188304 40000000004188289 4.99593346816 7.62348 -9.66415 11.4532
9.48372 40000000004188290 40000000004188286 40000000004188304 40000000004188285 4.17683491473 2.42829 0.69329 -3.47743
9.01614 40000000004188405 40000000004188404 40000000004188417 40000000004188403 5.22758097313 1.41626 7.84462 -4.27066
9.17073 40000000004188404 40000000004188403 40000000004188417 40000000004188402 4.99593346816 13.8478 6.95843 -12.8992
9.18802 40000000004188403 40000000004188402 40000000004188417 40000000004188401 4.93938066349 13.8617 8.34124 -15.4386
9.39214 40000000004188402 40000000004188401 40000000004188417 40000000004188400 4.66451770247 25.1221 17.9234 -19.174
9.40646 40000000004188401 40000000004188400 40000000004188417 40000000004188399 4.42803373661 23.5132 13.5414 -24.1317
9.43497 40000000004188400 40000000004188399 40000000004188417 40000000004188398 4.17683491473 22.2424 13.0999 -20.5937
9.47176 40000000004188399 40000000004188398 40000000004188417 40000000004188397 4.00794511147 21.0871 14.4003 -19.1985
9.48265 40000000004188398 40000000004188397 40000000004188417 40000000004188396 3.93726108473 21.2367 14.595 -19.3275
9.0098 40000000004188504 40000000004188503 40000000004188507 40000000004188502 7.59510714987 3.38948 -2.58997 7.58502
9.17512 40000000004188503 40000000004188502 40000000004188507 40000000004188501 7.23627606617 -1.33368 3.43924 -3.13521
9.24175 40000000004188502 40000000004188501 40000000004188507 40000000004188500 7.00541704554 -3.3809 0.906514 -1.7773
9.27246 40000000004188501 40000000004188500 40000000004188507 40000000004188499 6.85511726265 -3.41363 -0.0491652 -1.27807
9.29124 40000000004188500 40000000004188499 40000000004188507 40000000004188498 6.49159774567 -2.80739 -2.29068 -0.639693
9.33566 40000000004188499 40000000004188498 40000000004188507 40000000004188497 6.14490120342 -2.91018 -0.783978 2.48598
9.36199 40000000004188498 40000000004188497 40000000004188507 40000000004188496 6.01075739884 -3.34405 -0.411464 1.92242
9.40001 40000000004188497 40000000004188496 40000000004188507 40000000004188495 5.84661374788 -4.62981 -2.49469 3.33655
9.4026 40000000004188496 40000000004188495 40000000004188507 40000000004188494 5.52976580795 -4.17067 -2.88686 3.84313
9.43617 40000000004188495 40000000004188494 40000000004188507 40000000004188493 5.22758097313 -3.45602 -0.991347 6.02022
9.45719 40000000004188494 40000000004188493 40000000004188507 40000000004188492 4.99593346816 -3.37016 -2.66121 7.797
9.4606 40000000004188493 40000000004188492 40000000004188507 40000000004188491 4.93938066349 -5.10206 0.220814 5.92895
9.53044 40000000004188492 40000000004188491 40000000004188507 40000000004188490 4.66451770247 -5.05893 -2.20544 5.15993
9.56646 40000000004188491 40000000004188490 40000000004188507 40000000004188489 4.42803373661 -2.50589 -3.29745 -11.0565
9.61977 40000000004188490 40000000004188489 40000000004188507 40000000004188488 4.17683491473 -0.197952 -5.02655 -9.20189
9.62134 40000000004188489 40000000004188488 40000000004188507 40000000004188487 4.00794511147 1.4382 0.835518 -2.86764
9.65078 40000000004188488 40000000004188487 40000000004188507 40000000004188486 3.93726108473 -3.71658 2.92789 -9.81756
9.03763 40000000004188534 40000000004188533 40000000004188547 40000000004188532 4.00794511147 -1.08338 1.23432 5.34818
9.08578 40000000004188533 40000000004188532 40000000004188547 40000000004188531 3.93726108473 0.944355 3.44116 4.03005
9.0066 40000000004188702 40000000004188701 40000000004188709 40000000004188700 6.01075739884 1.93409 7.9685 3.11901
9.13394 40000000004188701 40000000004188700 40000000004188709 40000000004188699 5.84661374788 7.58017 13.4588 -2.19446
9.18376 40000000004188700 40000000004188699 40000000004188709 40000000004188698 5.52976580795 9.44676 15.0618 -1.98663
9.2087 40000000004188699 40000000004188697 40000000004188709 40000000004188696 4.99593346816 11.8443 15.3055 -1.96516
9.22457 40000000004188697 40000000004188696 40000000004188709 40000000004188695 4.93938066349 9.42592 15.0853 -3.61553
9.24362 40000000004188696 40000000004188694 40000000004188709 40000000004188693 4.42803373661 7.54194 11.0241 -2.95612
9.25466 40000000004188694 40000000004188692 40000000004188709 40000000004188691 4.00794511147 6.99044 12.8835 -2.56766
9.32805 40000000004188692 40000000004188689 40000000004188709 40000000004188688 3.49086136926 3.6295 6.97322 -1.49658
9.33111 40000000004188689 40000000004188687 40000000004188709 40000000004188686 3.08482263583 3.71878 2.75265 2.85924
9.34016 40000000004188687 40000000004188686 40000000004188709 40000000004188685 3.00813107163 0.551305 -0.42117 4.39385
9.07492 40000000004188732 40000000004188731 40000000004188741 40000000004188730 3.08482263583 3.16381 2.83474 2.65498
9.26365 40000000004188731 40000000004188730 40000000004188741 40000000004188729 3.00813107163 -0.40801 45.0118 -6.9377
9.14108 40000000004188961 40000000004188960 40000000004188974 40000000004188959 4.66451770247 23.8588 -1.44446 12.4983
9.17512 40000000004188960 40000000004188959 40000000004188974 40000000004188958 4.42803373661 19.5988 5.21499 -1.42781
9.38547 40000000004188959 40000000004188958 40000000004188974 40000000004188957 4.17683491473 18.3373 -15.1852 -2.56511
9.66584 40000000004188958 40000000004188955 40000000004188974 40000000004188954 3.70877426464 48.698 -33.9031 -8.41566
9.72691 40000000004188955 40000000004188952 40000000004188974 40000000004188951 3.08482263583 -14.7298 9.26486 -12.311
9.78582 40000000004188952 40000000004188951 40000000004188974 40000000004188950 3.00813107163 -10.0093 -9.64835 -21.625
9.79219 40000000004188951 40000000004188949 40000000004188974 40000000004188948 2.73314261732 1.43384 -2.45475 -4.52651
9.80975 40000000004188949 40000000004188948 40000000004188974 40000000004188947 2.5772902716 -9.35457 8.52109 -7.93338
9.85763 40000000004188948 40000000004188947 40000000004188974 40000000004188946 2.44422570455 -20.5797 -33.6965 -7.77745
9.89246 40000000004188947 40000000004188946 40000000004188974 40000000004188945 2.31611074396 -23.6366 -33.1988 -2.86321
9.97904 40000000004188946 40000000004188945 40000000004188974 40000000004188944 2.20792547238 -10.2843 3.0628 -1.67952
9.04358 40000000004189040 40000000004189039 40000000004189053 40000000004189038 4.00794511147 -4.92416 -1.23846 -0.514184
9.15502 40000000004189039 40000000004189038 40000000004189053 40000000004189037 3.93726108473 -2.16085 5.06512 5.13775
9.15273 40000000004189072 40000000004189071 40000000004189089 40000000004189070 3.70877426464 12.0441 24.6042 24.1791
11.9674 40000000004189138 40000000004189137 40000000004189168 40000000004188073 1.30237845991 1169.41 -1112.91 606.948
9.06939 40000000004189288 40000000004189287 40000000004189291 40000000004189286 6.14490120342 0.0103024 -7.00138 -5.16081
9.11431 40000000004189287 40000000004189283 40000000004189291 40000000004189282 5.22758097313 -0.692369 -4.4519 -5.40635
9.18162 40000000004189283 40000000004189282 40000000004189291 40000000004189281 4.99593346816 -4.05499 -4.57712 -4.54812
9.20055 40000000004189282 40000000004189281 40000000004189291 40000000004189280 4.93938066349 -5.11514 -7.4463 -6.33313
9.27072 40000000004189281 40000000004189280 40000000004189291 40000000004189279 4.66451770247 -8.12356 -4.24528 -3.38955
9.33566 40000000004189280 40000000004189279 40000000004189291 40000000004189278 4.42803373661 -11.7703 -3.9091 -4.09456
9.36481 40000000004189279 40000000004189278 40000000004189291 40000000004189277 4.17683491473 -15.6555 -2.60127 -3.71322
9.39214 40000000004189278 40000000004189277 40000000004189291 40000000004189276 4.00794511147 -17.5486 3.78805 0.240756
9.55113 40000000004189277 40000000004189275 40000000004189291 40000000004189274 3.70877426464 -15.1638 -2.25592 3.70756
9.69909 40000000004189275 40000000004189274 40000000004189291 40000000004189273 3.49086136926 -7.33133 4.84011 -2.37343
9.05235 40000000004189301 40000000004189300 40000000004189306 40000000004189299 4.66451770247 10.2229 -5.57574 -8.09057
9.07216 40000000004189300 40000000004189299 40000000004189306 40000000004189298 4.42803373661 8.16861 -5.32947 -7.15513
9.16407 40000000004189299 40000000004189298 40000000004189306 40000000004189297 4.17683491473 15.9424 -3.48489 -4.8198
9.18802 40000000004189298 40000000004189297 40000000004189306 40000000004189296 4.00794511147 13.6786 -2.26774 -6.63019
9.02548 40000000004189342 40000000004189341 40000000004189355 40000000004189340 4.99593346816 2.76366 4.29217 0.155378
9.02855 40000000004189341 40000000004189340 40000000004189355 40000000004189339 4.93938066349 3.15282 5.08377 0.991106
9.05235 40000000004189340 40000000004189339 40000000004189355 40000000004189338 4.66451770247 2.58983 5.05824 1.73771
9.06939 40000000004189339 40000000004189336 40000000004189355 40000000004189335 4.00794511147 0.649094 4.43824 -3.29051
9.08309 40000000004189336 40000000004189334 40000000004189355 40000000004189333 3.70877426464 4.3203 4.16867 -2.33069
9.10926 40000000004189424 40000000004189423 40000000004189431 40000000004189422 8.44947629437 -1.82542 4.55014 -0.586081
9.1573 40000000004189423 40000000004189422 40000000004189431 40000000004189421 8.01217294887 -2.12399 3.84183 -0.745883
9.21671 40000000004189422 40000000004189421 40000000004189431 40000000004189420 7.59510714987 -1.50734 2.89834 -0.178904
9.2862 40000000004189421 40000000004189420 40000000004189431 40000000004189419 7.23627606617 2.1952 2.06037 -4.90913
9.35627 40000000004189420 40000000004189419 40000000004189431 40000000004189418 7.00541704554 5.34664 -1.88919 -10.2708
9.35627 40000000004189419 40000000004189418 40000000004189431 40000000004189417 6.85511726265 6.23307 -2.25989 -9.34745
9.42157 40000000004189418 40000000004189417 40000000004189431 40000000004189416 6.49159774567 2.09313 -4.68224 -8.20253
9.45261 40000000004189417 40000000004189416 40000000004189431 40000000004189415 6.14490120342 5.07905 -2.80667 -1.74708
9.4549 40000000004189416 40000000004189415 40000000004189431 40000000004189414 6.01075739884 5.4868 -3.2564 -1.43735
9.47505 40000000004189415 40000000004189414 40000000004189431 40000000004189413 5.84661374788 3.87273 -2.10945 -1.13288
9.52657 40000000004189414 40000000004189413 40000000004189431 40000000004189412 5.52976580795 4.18249 0.204239 0.0883254
9.64564 40000000004189413 40000000004189411 40000000004189431 40000000004189410 4.99593346816 11.3683 10.2621 9.56061
9.65514 40000000004189411 40000000004189410 40000000004189431 40000000004189409 4.93938066349 11.1266 11.133 10.0716
9.69515 40000000004189410 40000000004189409 40000000004189431 40000000004189408 4.66451770247 3.79342 2.1848 3.40952
9.70169 40000000004189409 40000000004189408 40000000004189431 40000000004189407 4.42803373661 -4.94659 -0.248881 -0.380544
9.75133 40000000004189408 40000000004189407 40000000004189431 40000000004189406 4.17683491473 -3.77948 -0.343319 -1.00695
9.76219 40000000004189407 40000000004189406 40000000004189431 40000000004189405 4.00794511147 -6.66753 0.848127 1.64306
9.78636 40000000004189406 40000000004189405 40000000004189431 40000000004189404 3.93726108473 -6.8905 4.99479 2.92833
9.82857 40000000004189405 40000000004189404 40000000004189431 40000000004189403 3.70877426464 -2.01251 5.27507 4.83585
9.90808 40000000004189404 40000000004189403 40000000004189431 40000000004189402 3.49086136926 -0.38904 5.44461 3.35094
9.95689 40000000004189403 40000000004189402 40000000004189431 40000000004189401 3.28303305796 4.75245 14.0137 25.9164
9.97456 40000000004189402 40000000004189401 40000000004189431 40000000004189400 3.08482263583 8.21306 5.10354 24.2474
9.99815 40000000004189401 40000000004189400 40000000004189431 40000000004189399 3.00813107163 12.7501 8.12616 33.3023
10.0014 40000000004189400 40000000004189399 40000000004189431 40000000004189398 2.89578500573 10.5012 8.60554 37.2783
10.0168 40000000004189399 40000000004189398 40000000004189431 40000000004189397 2.73314261732 13.3307 1.73894 30.9685
9.06939 40000000004189493 40000000004189492 40000000004189501 40000000004189491 8.01217294887 0.626298 -1.26757 1.75834
9.09375 40000000004189492 40000000004189491 40000000004189501 40000000004189490 7.59510714987 0.0321172 -0.593415 0.594393
9.18589 40000000004189491 40000000004189490 40000000004189501 40000000004189489 7.23627606617 2.50783 -4.38244 0.0278617
9.22262 40000000004189490 40000000004189489 40000000004189501 40000000004189488 7.00541704554 0.173463 -4.7914 1.04499
9.23799 40000000004189489 40000000004189488 40000000004189501 40000000004189487 6.85511726265 -0.495845 -4.03311 -0.232527
9.27938 40000000004189488 40000000004189487 40000000004189501 40000000004189486 6.49159774567 -2.49341 -5.28363 2.03319
9.30602 40000000004189487 40000000004189486 40000000004189501 40000000004189485 6.14490120342 -1.5416 -2.56349 -0.00586603
9.31083 40000000004189486 40000000004189485 40000000004189501 40000000004189484 6.01075739884 -1.35098 -2.152 -0.0431804
9.36199 40000000004189485 40000000004189484 40000000004189501 40000000004189483 5.84661374788 -4.25393 2.43967 -0.0621582
9.39478 40000000004189484 40000000004189482 40000000004189501 40000000004189481 5.22758097313 -3.83625 0.574547 7.7083
9.43136 40000000004189482 40000000004189481 40000000004189501 40000000004189480 4.99593346816 2.63524 -7.40832 5.69284
9.44564 40000000004189481 40000000004189480 40000000004189501 40000000004189479 4.93938066349 0.546226 -10.3681 4.06326
9.47505 40000000004189480 40000000004189479 40000000004189501 40000000004189478 4.66451770247 4.22295 -19.9631 7.32661
9.48799 40000000004189479 40000000004189478 40000000004189501 40000000004189477 4.42803373661 -1.50096 -10.565 3.69793
9.55751 40000000004189478 40000000004189477 40000000004189501 40000000004189476 4.17683491473 5.42366 -18.181 5.26883
9.57697 40000000004189477 40000000004189476 40000000004189501 40000000004189475 4.00794511147 5.27253 -16.2705 3.17018
9.60462 40000000004189476 40000000004189475 40000000004189501 40000000004189474 3.93726108473 6.30767 -12.5815 -0.541294
9.75651 40000000004189475 40000000004189474 40000000004189501 40000000004189473 3.70877426464 1.70157 25.3775 -30.8108
9.00337 40000000004189659 40000000004189658 40000000004189665 40000000004189657 9.00233985416 -0.880418 -0.310869 0.0976881
9.06096 40000000004189658 40000000004189657 40000000004189665 40000000004189656 8.9079991856 0.150438 2.21375 0.918963
9.08578 40000000004189657 40000000004189656 40000000004189665 40000000004189655 8.44947629437 -0.760329 3.24543 1.07081
9.11681 40000000004189656 40000000004189655 40000000004189665 40000000004189654 8.01217294887 -0.421597 1.53179 -1.4955
9.16182 40000000004189655 40000000004189654 40000000004189665 40000000004189653 7.59510714987 -1.8106 1.51389 0.230993
9.25828 40000000004189654 40000000004189653 40000000004189665 40000000004189652 7.23627606617 -1.21598 -0.149347 -0.487123
9.26543 40000000004189653 40000000004189652 40000000004189665 40000000004189651 7.00541704554 -1.17161 -0.670464 0.61059
9.3044 40000000004189652 40000000004189651 40000000004189665 40000000004189650 6.85511726265 -1.09756 -0.553315 0.501774
9.33866 40000000004189651 40000000004189650 40000000004189665 40000000004189649 6.49159774567 -0.384428 -4.53251 3.4011
9.60136 40000000004189650 40000000004189649 40000000004189665 40000000004189648 6.14490120342 -4.10608 -3.94255 -4.83103
9.69843 40000000004189649 40000000004189648 40000000004189665 40000000004189647 6.01075739884 -10.7723 -0.854377 -7.57548
9.84475 40000000004189648 40000000004189646 40000000004189665 40000000004189645 5.52976580795 -17.6098 -1.02144 -3.89144
9.9411 40000000004189646 40000000004189645 40000000004189665 40000000004189644 5.22758097313 -17.3128 -2.22266 -8.4383
10.1792 40000000004189645 40000000004189644 40000000004189665 40000000004189643 4.99593346816 -15.3185 -33.7176 18.5794
10.1935 40000000004189644 40000000004189643 40000000004189665 40000000004189642 4.93938066349 -8.34221 -31.4925 20.2162
10.2495 40000000004189643 40000000004189642 40000000004189665 40000000004189641 4.66451770247 -3.35882 -30.335 21.3904
10.3057 40000000004189642 40000000004189641 40000000004189665 40000000004189640 4.42803373661 2.48662 -30.7227 31.9687
10.3512 40000000004189641 40000000004189640 40000000004189665 40000000004189639 4.17683491473 2.5266 -39.3948 41.6366
10.3772 40000000004189640 40000000004189639 40000000004189665 40000000004189638 4.00794511147 0.00437445 -47.6656 39.8692
10.4021 40000000004189639 40000000004189638 40000000004189665 40000000004189637 3.93726108473 8.38513 -45.3179 45.7289
10.4555 40000000004189638 40000000004189637 40000000004189665 40000000004189636 3.70877426464 18.1346 -41.4306 66.5909
10.5065 40000000004189637 40000000004189636 40000000004189665 40000000004189635 3.49086136926 28.8686 -9.05202 64.1811
10.5349 40000000004189636 40000000004189635 40000000004189665 40000000004189634 3.28303305796 20.0726 -11.5907 46.2604
10.5508 40000000004189635 40000000004189634 40000000004189665 40000000004189633 3.08482263583 14.2818 -20.7305 45.4016
10.5798 40000000004189634 40000000004189633 40000000004189665 40000000004189632 3.00813107163 15.5189 -25.9681 41.8998
10.607 40000000004189633 40000000004189632 40000000004189665 40000000004189631 2.89578500573 16.6708 -21.327 41.0733
10.6139 40000000004189632 40000000004189631 40000000004189665 40000000004189630 2.73314261732 17.9386 -36.5549 43.4941
10.6646 40000000004189631 40000000004189630 40000000004189665 40000000004189629 2.5772902716 17.8026 32.9701 -2.47012
10.7121 40000000004189630 40000000004189629 40000000004189665 40000000004189628 2.44422570455 -4.71793 57.0287 -48.8559
10.7281 40000000004189629 40000000004189628 40000000004189665 40000000004189627 2.31611074396 -15.5592 104.84 -96.565
10.748 40000000004189628 40000000004189627 40000000004189665 40000000004189626 2.20792547238 -77.8418 142.883 -178.639
11.661 40000000004189627 40000000004189622 40000000004189665 40000000004189621 1.74357057433 722.043 378.35 328.207
11.6948 40000000004189622 40000000004189621 40000000004189665 40000000004189620 1.66666955611 730.867 217.586 263.927
11.7587 40000000004189621 40000000004189620 40000000004189665 40000000004189619 1.60423452207 966.291 -39.8996 399.33
11.8086 40000000004189620 40000000004189619 40000000004189665 40000000004189618 1.53123902916 878.924 -501.432 702.365
11.9743 40000000004189619 40000000004189611 40000000004189665 40000000004189610 1.11415056377 997.38 -911.351 670.396
12.002 40000000004189611 40000000004189610 40000000004189665 40000000004188068 1.07445789455 915.6 -991.479 711.845
9.27594 40000000004189680 40000000004189679 40000000004189685 40000000004189678 7.00541704554 0.614159 -9.01815 -1.37502
9.76836 40000000004189679 40000000004189674 40000000004189685 40000000004189646 5.84661374788 -23.549 -0.937544 -7.33575
9.10926 40000000004189705 40000000004189704 40000000004189712 40000000004189703 7.59510714987 -0.505745 -4.41189 6.48744
9.15956 40000000004189704 40000000004189703 40000000004189712 40000000004189702 7.23627606617 -2.59706 -6.96805 8.39376
9.16407 40000000004189703 40000000004189702 40000000004189712 40000000004189701 7.00541704554 -0.0304028 -5.37002 7.5621
9.24548 40000000004189702 40000000004189700 40000000004189712 40000000004189699 6.49159774567 -4.68415 -12.0292 12.8468
9.43136 40000000004189700 40000000004189699 40000000004189712 40000000004189698 6.14490120342 -6.94985 -16.5333 11.3932
9.48479 40000000004189699 40000000004189697 40000000004189712 40000000004189696 5.84661374788 -8.42971 -18.3416 15.3264
9.63819 40000000004189697 40000000004189696 40000000004189712 40000000004189695 5.52976580795 -15.9438 5.44094 13.395
9.05524 40000000004189721 40000000004189720 40000000004189731 40000000004189719 6.85511726265 0.0213945 7.27564 4.35481
9.09375 40000000004189824 40000000004189823 40000000004189832 40000000004189822 4.42803373661 -16.283 12.6868 -2.94486
9.16852 40000000004189823 40000000004189822 40000000004189832 40000000004189821 4.17683491473 -11.804 14.7824 -4.53295
9.06096 40000000004189949 40000000004189948 40000000004189956 40000000004189947 3.08482263583 0.303014 -7.1515 -7.79464
9.02855 40000000004190110 40000000004190109 40000000004190122 40000000004190108 2.89578500573 -4.24955 0.535473 -8.80337
9.01298 40000000004190213 40000000004190212 40000000004190217 40000000004190211 10.9190331982 2.38793 -3.75786 -2.03319
9.16182 40000000004190212 40000000004190211 40000000004190217 40000000004190210 10.3674435724 3.51993 -2.89521 3.11142
9.18802 40000000004190211 40000000004190210 40000000004190217 40000000004190209 9.99659046619 4.46093 -1.0082 2.88199
9.23799 40000000004190210 40000000004190209 40000000004190217 40000000004190208 9.84138043947 2.15705 -1.52113 4.27316
9.25828 40000000004190209 40000000004190208 40000000004190217 40000000004190207 9.38877127194 1.32931 -2.18602 4.90509
9.38277 40000000004190208 40000000004190207 40000000004190217 40000000004190206 9.00233985416 4.34851 -2.4249 7.0884
9.38948 40000000004190207 40000000004190206 40000000004190217 40000000004190205 8.9079991856 3.4894 -2.57552 7.98335
9.49221 40000000004190206 40000000004190205 40000000004190217 40000000004190204 8.44947629437 2.26272 -5.04981 6.30538
9.55021 40000000004190205 40000000004190204 40000000004190217 40000000004190203 8.01217294887 1.13264 -4.49778 8.62121
9.60381 40000000004190204 40000000004190203 40000000004190217 40000000004190202 7.59510714987 -2.29731 -2.22911 7.95952
9.68717 40000000004190203 40000000004190202 40000000004190217 40000000004190201 7.23627606617 -4.17634 -1.27061 7.90922
9.71511 40000000004190202 40000000004190201 40000000004190217 40000000004190200 7.00541704554 2.94317 0.417011 3.43397
9.81578 40000000004190201 40000000004190199 40000000004190217 40000000004190198 6.49159774567 1.12024 0.145116 9.8633
9.87452 40000000004190199 40000000004190198 40000000004190217 40000000004190197 6.14490120342 4.24054 4.35821 9.35288
9.89371 40000000004190198 40000000004190197 40000000004190217 40000000004190196 6.01075739884 4.2172 8.47161 15.367
9.91249 40000000004190197 40000000004190196 40000000004190217 40000000004190195 5.84661374788 4.93872 9.96337 13.119
9.97074 40000000004190196 40000000004190195 40000000004190217 40000000004190194 5.52976580795 5.65162 6.715 6.07267
10.0227 40000000004190195 40000000004190194 40000000004190217 40000000004190193 5.22758097313 9.71999 9.82643 10.0616
10.0409 40000000004190194 40000000004190193 40000000004190217 40000000004190192 4.99593346816 7.6736 5.65184 23.1846
10.0462 40000000004190193 40000000004190192 40000000004190217 40000000004190191 4.93938066349 6.98028 8.80564 23.4164
10.1115 40000000004190192 40000000004190191 40000000004190217 40000000004190190 4.66451770247 4.49119 0.231356 20.7008
10.125 40000000004190191 40000000004190190 40000000004190217 40000000004190189 4.42803373661 -9.37693 0.612569 27.7574
10.1972 40000000004190190 40000000004190189 40000000004190217 40000000004190188 4.17683491473 -12.2807 21.295 55.0339
10.2095 40000000004190189 40000000004190188 40000000004190217 40000000004190187 4.00794511147 -13.5229 30.254 55.1944
10.2626 40000000004190188 40000000004190187 40000000004190217 40000000004190186 3.93726108473 -57.6987 30.7689 57.9788
10.6048 40000000004190187 40000000004190185 40000000004190217 40000000004190184 3.49086136926 -124.936 86.47 113.022
10.7149 40000000004190185 40000000004190184 40000000004190217 40000000004190183 3.28303305796 -225.128 76.1351 148.163
10.8288 40000000004190184 40000000004190183 40000000004190217 40000000004190182 3.08482263583 -248.982 -2.14464 230.507
10.8315 40000000004190183 40000000004190182 40000000004190217 40000000004190181 3.00813107163 -245.71 5.33724 197.349
10.8752 40000000004190182 40000000004190181 40000000004190217 40000000004190180 2.89578500573 -227.304 -19.0642 192.055
9.01614 40000000004190259 40000000004190258 40000000004190264 40000000004190257 7.00541704554 -2.54501 -5.11288 -10.7427
9.04358 40000000004190258 40000000004190256 40000000004190264 40000000004190255 6.49159774567 -5.00638 -6.65012 -12.7962
9.17073 40000000004190256 40000000004190255 40000000004190264 40000000004190254 6.14490120342 0.906632 -7.94674 -5.88202
9.22066 40000000004190255 40000000004190254 40000000004190264 40000000004190253 6.01075739884 1.0724 -5.40609 -8.72227
9.23037 40000000004190254 40000000004190252 40000000004190264 40000000004190251 5.52976580795 2.38299 -6.62409 -5.66633
9.23988 40000000004190252 40000000004190251 40000000004190264 40000000004190250 5.22758097313 5.41105 -5.64613 -2.64931
9.34902 40000000004190251 40000000004190250 40000000004190264 40000000004190249 4.99593346816 9.6499 3.71152 1.41651
9.30763 40000000004190279 40000000004190278 40000000004190295 40000000004190277 6.14490120342 -2.01285 -0.602188 -0.522426
9.37869 40000000004190278 40000000004190270 40000000004190295 40000000004190269 4.42803373661 7.05982 -12.2693 -3.58284
9.38815 40000000004190270 40000000004190269 40000000004190295 40000000004190268 4.17683491473 12.0979 -14.3048 0.67782
9.53618 40000000004190269 40000000004190268 40000000004190295 40000000004190267 4.00794511147 3.72438 -11.2361 -1.72508
10.1777 40000000004190268 40000000004190266 40000000004190295 40000000004190184 3.70877426464 -22.0737 -42.5095 136.229
9.0316 40000000004190314 40000000004190313 40000000004190320 40000000004190312 7.00541704554 -1.76905 2.45727 5.4267
9.06939 40000000004190313 40000000004190312 40000000004190320 40000000004190311 6.85511726265 -2.95125 4.48058 4.50457
9.24362 40000000004190312 40000000004190311 40000000004190320 40000000004190310 6.49159774567 -15.9971 4.71615 -7.0322
9.32031 40000000004190311 40000000004190303 40000000004190320 40000000004190302 4.66451770247 10.3301 -4.88985 2.10443
9.35914 40000000004190303 40000000004190299 40000000004190320 40000000004190266 3.93726108473 7.74551 -11.0198 -1.66832
9.02855 40000000004190378 40000000004190377 40000000004190387 40000000004190376 7.59510714987 -0.731788 2.22227 2.39769
9.0666 40000000004190377 40000000004190375 40000000004190387 40000000004190374 7.00541704554 -0.997554 -2.05677 6.77971
9.06939 40000000004190375 40000000004190374 40000000004190387 40000000004190373 6.85511726265 -0.350137 -2.14815 6.4565
9.16407 40000000004190374 40000000004190373 40000000004190387 40000000004190372 6.49159774567 -1.95497 -2.97583 1.30669
9.20055 40000000004190373 40000000004190372 40000000004190387 40000000004190371 6.14490120342 -1.54155 -2.72581 3.26551
9.21272 40000000004190372 40000000004190371 40000000004190387 40000000004190370 6.01075739884 -4.11483 -1.67169 1.27079
9.26008 40000000004190371 40000000004190370 40000000004190387 40000000004190369 5.84661374788 -12.9476 -1.39088 2.31869
9.36622 40000000004190370 40000000004190369 40000000004190387 40000000004190368 5.52976580795 -2.03018 -8.01663 1.40032
9.59227 40000000004190369 40000000004190368 40000000004190387 40000000004190367 5.22758097313 21.9299 5.79723 -30.6852
9.62754 40000000004190368 40000000004190367 40000000004190387 40000000004190366 4.99593346816 19.5622 4.71866 -28.8573
9.64416 40000000004190367 40000000004190366 40000000004190387 40000000004190365 4.93938066349 15.7349 12.4843 -19.8155
9.67422 40000000004190366 40000000004190365 40000000004190387 40000000004190364 4.66451770247 15.3065 3.43281 -21.1276
9.71887 40000000004190365 40000000004190364 40000000004190387 40000000004190363 4.42803373661 15.8489 9.74987 -26.9112
9.04358 40000000004190391 40000000004190390 40000000004190393 40000000004190389 6.01075739884 -15.1516 -3.10738 5.65711
9.06939 40000000004190390 40000000004190389 40000000004190393 40000000004190388 5.84661374788 -11.6479 -5.27442 5.45574
9.05235 40000000004190419 40000000004190418 40000000004190425 40000000004190417 7.23627606617 -4.53897 8.47974 3.44993
9.08038 40000000004190418 40000000004190417 40000000004190425 40000000004190416 7.00541704554 -3.22173 4.46284 2.93163
9.09898 40000000004190417 40000000004190416 40000000004190425 40000000004190415 6.85511726265 -4.42297 0.931068 2.14645
9.2026 40000000004190416 40000000004190415 40000000004190425 40000000004190414 6.49159774567 -0.82171 2.84928 -3.65378
9.27938 40000000004190415 40000000004190414 40000000004190425 40000000004190413 6.14490120342 -2.69018 6.2253 -0.246681
9.36622 40000000004190414 40000000004190413 40000000004190425 40000000004190412 6.01075739884 -7.92882 11.5407 1.57976
9.49951 40000000004190413 40000000004190412 40000000004190425 40000000004190411 5.84661374788 -15.7651 0.615525 14.2992
9.68176 40000000004190412 40000000004190411 40000000004190425 40000000004190410 5.52976580795 -9.16278 9.71093 9.60447
9.77113 40000000004190411 40000000004190410 40000000004190425 40000000004190409 5.22758097313 -15.9985 8.60519 0.694144
9.84428 40000000004190410 40000000004190409 40000000004190425 40000000004190408 4.99593346816 -19.2938 8.87595 -11.0103
9.8517 40000000004190409 40000000004190408 40000000004190425 40000000004190407 4.93938066349 -18.6762 8.10169 -9.87372
9.90075 40000000004190408 40000000004190407 40000000004190425 40000000004190406 4.66451770247 -15.6973 1.33614 -3.79254
9.90565 40000000004190407 40000000004190406 40000000004190425 40000000004190405 4.42803373661 -10.6636 0.445088 -4.40829
9.07492 40000000004190500 40000000004190499 40000000004190501 40000000004190498 3.08482263583 0.143953 -4.97248 2.74792
9.17512 40000000004190499 40000000004190498 40000000004190501 40000000004190497 3.00813107163 -2.7417 -6.9889 -0.195454
9.10415 40000000004190554 40000000004190553 40000000004190559 40000000004190552 8.01217294887 5.45861 0.110603 -9.62931
9.11179 40000000004190553 40000000004190552 40000000004190559 40000000004190551 7.59510714987 7.18078 4.86715 -10.5546
9.15502 40000000004190552 40000000004190551 40000000004190559 40000000004190550 7.23627606617 2.3928 4.35887 -7.93008
9.19641 40000000004190551 40000000004190550 40000000004190559 40000000004190549 7.00541704554 3.12944 2.73035 -7.04248
9.26008 40000000004190550 40000000004190549 40000000004190559 40000000004190548 6.85511726265 6.66091 8.4579 -5.52817
9.2862 40000000004190549 40000000004190548 40000000004190559 40000000004190547 6.49159774567 4.53386 9.38355 -6.99246
9.38547 40000000004190548 40000000004190547 40000000004190559 40000000004190546 6.14490120342 0.37087 7.13866 -6.79606
9.39214 40000000004190547 40000000004190546 40000000004190559 40000000004190545 6.01075739884 0.139009 7.11019 -6.70863
9.41029 40000000004190546 40000000004190545 40000000004190559 40000000004190544 5.84661374788 -0.360061 9.56884 -6.97591
9.42893 40000000004190545 40000000004190544 40000000004190559 40000000004190543 5.52976580795 -8.38259 11.6209 -8.55031
9.50872 40000000004190544 40000000004190543 40000000004190559 40000000004190542 5.22758097313 -16.8448 0.781563 -8.06641
9.56999 40000000004190543 40000000004190541 40000000004190559 40000000004190540 4.93938066349 -17.3387 4.3659 -4.07758
9.62212 40000000004190541 40000000004190540 40000000004190559 40000000004190539 4.66451770247 -18.4722 7.16576 -4.56163
9.69515 40000000004190540 40000000004190539 40000000004190559 40000000004190538 4.42803373661 9.90799 12.4061 0.163673
9.74432 40000000004190539 40000000004190538 40000000004190559 40000000004190537 4.17683491473 7.24114 -1.38591 14.9773
9.01298 40000000004190588 40000000004190587 40000000004190597 40000000004190586 7.00541704554 6.33878 3.46751 3.31418
9.01928 40000000004190587 40000000004190586 40000000004190597 40000000004190585 6.85511726265 6.11541 4.85478 1.3473
9.04358 40000000004190586 40000000004190584 40000000004190597 40000000004190583 6.14490120342 2.42761 4.07945 -0.369831
9.07216 40000000004190584 40000000004190583 40000000004190597 40000000004190582 6.01075739884 4.82877 3.70102 -1.84435
9.09375 40000000004190583 40000000004190580 40000000004190597 40000000004190579 5.22758097313 8.41142 2.6791 -0.419127
9.12178 40000000004190580 40000000004190575 40000000004190597 40000000004190574 4.17683491473 2.27986 2.93055 -2.63808
9.12424 40000000004190575 40000000004190574 40000000004190597 40000000004190573 4.00794511147 -0.626117 1.21319 -1.21703
9.12424 40000000004190574 40000000004190573 40000000004190597 40000000004190572 3.93726108473 0.420475 3.20673 -4.77996
9.01928 40000000004190732 40000000004190731 40000000004190750 40000000004190730 2.89578500573 -4.15502 2.22902 5.16179
9.06939 40000000004190904 40000000004190903 40000000004190912 40000000004190902 4.42803373661 9.60969 14.0981 -3.67658
9.10157 40000000004190903 40000000004190902 40000000004190912 40000000004190901 4.17683491473 4.38582 16.0031 -3.88947
9.17293 40000000004190902 40000000004190901 40000000004190912 40000000004190900 4.00794511147 4.1941 18.8557 -3.01048
9.34609 40000000004190901 40000000004190898 40000000004190912 40000000004190897 3.49086136926 10.9722 20.8466 -12.6085
9.45833 40000000004190898 40000000004190897 40000000004190912 40000000004190896 3.28303305796 5.77298 30.1604 -10.6475
9.25648 40000000004190935 40000000004190934 40000000004190935 40000000004190892 2.73314261732 16.4799 6.50188 -12.627
9.10671 40000000004190957 40000000004190956 40000000004190966 40000000004190955 2.89578500573 37.6704 3.51555 6.17493
9.04945 40000000004191066 40000000004191065 40000000004191074 40000000004191064 5.52976580795 -6.87391 6.40532 -10.992
9.27072 40000000004191065 40000000004191064 40000000004191074 40000000004191063 5.22758097313 -1.50336 14.2837 -4.0344
9.42771 40000000004191064 40000000004191063 40000000004191074 40000000004191062 4.99593346816 1.40596 13.2364 5.6072
9.4503 40000000004191063 40000000004191062 40000000004191074 40000000004191061 4.93938066349 1.02855 11.4573 5.70213
9.48799 40000000004191062 40000000004191061 40000000004191074 40000000004191060 4.66451770247 -1.27499 8.91341 7.10339
9.53523 40000000004191061 40000000004191060 40000000004191074 40000000004191059 4.42803373661 2.597 7.10406 7.03445
9.64564 40000000004191060 40000000004191059 40000000004191074 40000000004191058 4.17683491473 -7.46393 -0.00689485 2.10465
9.64712 40000000004191059 40000000004191058 40000000004191074 40000000004191057 4.00794511147 -5.32981 -2.53144 3.40014
9.68176 40000000004191058 40000000004191057 40000000004191074 40000000004191056 3.93726108473 -3.14612 -1.98145 -1.471
9.70299 40000000004191057 40000000004191056 40000000004191074 40000000004191055 3.70877426464 0.145207 5.03179 1.84901
9.71511 40000000004191056 40000000004191055 40000000004191074 40000000004191054 3.49086136926 1.13097 0.0518358 3.81688
9.75593 40000000004191055 40000000004191054 40000000004191074 40000000004191053 3.28303305796 3.78601 -9.73748 -4.065
9.76332 40000000004191054 40000000004191053 40000000004191074 40000000004191052 3.08482263583 -5.71703 -3.00465 3.11356
9.08038 40000000004191218 40000000004191217 40000000004191227 40000000004191216 5.22758097313 6.55531 4.59506 -2.60298
9.21472 40000000004191217 40000000004191216 40000000004191227 40000000004191215 4.99593346816 20.569 13.0453 -6.16279
9.22845 40000000004191216 40000000004191215 40000000004191227 40000000004191214 4.93938066349 19.575 15.8503 -7.3977
9.00337 40000000004191402 40000000004191401 40000000004191407 40000000004191400 10.9190331982 3.73332 2.39522 0.56231
9.05524 40000000004191401 40000000004191400 40000000004191407 40000000004191399 10.3674435724 2.95685 2.83053 -0.394939
9.10926 40000000004191400 40000000004191399 40000000004191407 40000000004191398 9.99659046619 2.45326 2.71202 0.980135
9.11681 40000000004191399 40000000004191398 40000000004191407 40000000004191397 9.84138043947 1.60707 2.588 2.13472
9.2026 40000000004191398 40000000004191397 40000000004191407 40000000004191396 9.38877127194 3.61611 3.84291 0.395354
9.2026 40000000004191397 40000000004191396 40000000004191407 40000000004191395 9.00233985416 3.41936 4.5789 -0.632015
9.2361 40000000004191396 40000000004191395 40000000004191407 40000000004191394 8.9079991856 4.13834 3.74684 -0.903889
9.34756 40000000004191395 40000000004191394 40000000004191407 40000000004191393 8.44947629437 9.65931 5.15057 14.6259
9.42527 40000000004191394 40000000004191392 40000000004191407 40000000004191391 7.59510714987 7.09133 2.62074 16.3029
9.46844 40000000004191392 40000000004191390 40000000004191407 40000000004191389 7.00541704554 4.5055 8.17677 12.3768
9.47724 40000000004191390 40000000004191389 40000000004191407 40000000004191388 6.85511726265 1.90271 7.81403 9.35677
9.55204 40000000004191389 40000000004191388 40000000004191407 40000000004191387 6.49159774567 2.36719 4.65459 7.4292
9.59227 40000000004191388 40000000004191387 40000000004191407 40000000004191386 6.14490120342 3.27031 4.85383 5.13137
9.59477 40000000004191387 40000000004191386 40000000004191407 40000000004191385 6.01075739884 3.43952 3.83977 4.25096
9.62445 40000000004191386 40000000004191385 40000000004191407 40000000004191384 5.84661374788 1.15321 -3.39568 5.05224
9.65297 40000000004191385 40000000004191384 40000000004191407 40000000004191383 5.52976580795 1.06235 0.734175 5.19781
9.7348 40000000004191384 40000000004191383 40000000004191407 40000000004191382 5.22758097313 3.14296 -1.80849 9.22396
9.749 40000000004191383 40000000004191382 40000000004191407 40000000004191381 4.99593346816 2.43404 2.21256 2.15807
9.8067 40000000004191382 40000000004191380 40000000004191407 40000000004191379 4.66451770247 3.84063 4.10296 6.0871
9.81827 40000000004191380 40000000004191379 40000000004191407 40000000004191378 4.42803373661 2.91241 6.9038 4.83476
9.84334 40000000004191379 40000000004191378 40000000004191407 40000000004191377 4.17683491473 5.59195 9.63987 3.07903
9.85353 40000000004191378 40000000004191377 40000000004191407 40000000004191376 4.00794511147 6.76257 9.64389 -0.62242
9.87365 40000000004191377 40000000004191375 40000000004191407 40000000004191374 3.70877426464 6.89188 17.6071 0.412256
9.89828 40000000004191375 40000000004191374 40000000004191407 40000000004191373 3.49086136926 5.71283 10.5594 4.58567
9.9208 40000000004191374 40000000004191373 40000000004191407 40000000004191372 3.28303305796 8.81871 14.9154 -0.610379
9.95108 40000000004191373 40000000004191372 40000000004191407 40000000004191371 3.08482263583 10.8328 31.52 -13.8405
9.97317 40000000004191372 40000000004191371 40000000004191407 40000000004191370 3.00813107163 24.2121 34.344 -16.7929
9.98887 40000000004191371 40000000004191370 40000000004191407 40000000004191369 2.89578500573 16.9727 28.0398 -17.7862
10.0193 40000000004191469 40000000004191468 40000000004191469 40000000004191467 1.53123902916 -5.45766 -2.74389 3.84836
10.0261 40000000004191468 40000000004191467 40000000004191469 40000000004191466 1.47197484527 -4.97725 -1.79467 6.47861
10.0471 40000000004191467 40000000004191466 40000000004191469 40000000004191465 1.41409822037 -5.81112 -0.989002 11.7079
10.0535 40000000004191466 40000000004191465 40000000004191469 40000000004191464 1.3575766674 -6.92296 -3.75757 14.1846
9.04062 40000000004191504 40000000004191503 40000000004191523 40000000004191502 4.00794511147 -3.1334 3.06233 -0.43301
9.04062 40000000004191503 40000000004191502 40000000004191523 40000000004191501 3.93726108473 -3.29209 4.01446 -1.18855
9.08309 40000000004191502 40000000004191501 40000000004191523 40000000004191500 3.70877426464 -8.18339 8.34694 -0.267795
9.11431 40000000004191501 40000000004191498 40000000004191523 40000000004191497 3.08482263583 -1.42443 0.901149 -4.0266
9.13394 40000000004191498 40000000004191496 40000000004191523 40000000004191495 2.89578500573 0.567512 6.0709 -6.94734
9.04358 40000000004191541 40000000004191540 40000000004191554 40000000004191539 1.90408954353 41.5782 -23.3909 -4.02257
9.19013 40000000004191666 40000000004191665 40000000004191672 40000000004191664 8.01217294887 3.87867 -9.06072 3.15328
9.31243 40000000004191665 40000000004191664 40000000004191672 40000000004191663 7.59510714987 8.50318 -9.99611 -6.96823
9.36763 40000000004191664 40000000004191663 40000000004191672 40000000004191662 7.23627606617 11.041 -11.6522 -9.70179
9.48265 40000000004191663 40000000004191660 40000000004191672 40000000004191659 6.49159774567 10.8217 -8.83875 -1.81053
9.61425 40000000004191660 40000000004191659 40000000004191672 40000000004191658 6.14490120342 8.66449 -5.73702 -0.734407
9.68312 40000000004191659 40000000004191658 40000000004191672 40000000004191657 6.01075739884 7.12324 -3.7097 -1.23331
9.68582 40000000004191658 40000000004191657 40000000004191672 40000000004191656 5.84661374788 6.74329 -1.97658 -0.313622
9.76444 40000000004191657 40000000004191656 40000000004191672 40000000004191655 5.52976580795 -0.137042 -0.768418 -1.003
9.80619 40000000004191656 40000000004191655 40000000004191672 40000000004191654 5.22758097313 2.01615 1.34994 -1.68272
9.85399 40000000004191655 40000000004191654 40000000004191672 40000000004191653 4.99593346816 -1.06682 0.972556 -0.579732
9.85718 40000000004191654 40000000004191652 40000000004191672 40000000004191651 4.66451770247 -2.07673 -4.48761 0.429533
9.87972 40000000004191652 40000000004191651 40000000004191672 40000000004191650 4.42803373661 -7.51489 -0.921303 -0.885682
9.88656 40000000004191651 40000000004191650 40000000004191672 40000000004191649 4.17683491473 -2.7528 -6.85862 2.36959
9.90157 40000000004191650 40000000004191648 40000000004191672 40000000004191647 3.93726108473 1.76951 -2.78169 4.2069
10.0515 40000000004191648 40000000004191647 40000000004191672 40000000004191646 3.70877426464 3.74995 23.3231 22.6567
10.1638 40000000004191647 40000000004191646 40000000004191672 40000000004191645 3.49086136926 8.66548 15.1839 31.1319
10.3348 40000000004191646 40000000004191644 40000000004191672 40000000004191643 3.08482263583 0.450611 -25.2637 14.4753
10.3458 40000000004191644 40000000004191643 40000000004191672 40000000004191642 3.00813107163 18.564 -8.06985 39.1601
10.3676 40000000004191643 40000000004191642 40000000004191672 40000000004191641 2.89578500573 -15.2054 -23.5521 33.1616
10.438 40000000004191642 40000000004191641 40000000004191672 40000000004191640 2.73314261732 6.20372 -51.4417 29.1218
9.04358 40000000004191696 40000000004191695 40000000004191704 40000000004191694 8.44947629437 3.92827 1.85878 4.71248
9.07216 40000000004191695 40000000004191694 40000000004191704 40000000004191693 8.01217294887 3.11789 3.38098 -1.96862
9.13394 40000000004191694 40000000004191693 40000000004191704 40000000004191692 7.59510714987 0.305465 4.45896 -5.37518
9.15042 40000000004191693 40000000004191692 40000000004191704 40000000004191691 7.23627606617 1.26388 3.39898 1.19813
10.1397 40000000004191706 40000000004191705 40000000004191724 40000000004191644 3.28303305796 6.15661 -19.5074 32.0871
9.0066 40000000004191742 40000000004191741 40000000004191747 40000000004191740 6.14490120342 8.27694 -9.2063 8.81465
9.0098 40000000004191741 40000000004191740 40000000004191747 40000000004191739 6.01075739884 7.71275 -9.12237 6.41731
9.03463 40000000004191740 40000000004191739 40000000004191747 40000000004191738 5.84661374788 5.07976 -2.3444 9.50014
9.19848 40000000004191739 40000000004191738 40000000004191747 40000000004191737 5.52976580795 -4.33326 -7.02627 6.7962
9.32958 40000000004191738 40000000004191737 40000000004191747 40000000004191736 5.22758097313 -9.69774 -3.32396 8.96752
9.34313 40000000004191737 40000000004191736 40000000004191747 40000000004191735 4.99593346816 -16.1908 -3.93832 2.31161
9.34902 40000000004191736 40000000004191735 40000000004191747 40000000004191734 4.93938066349 -12.6309 -4.80055 7.41091
9.38141 40000000004191735 40000000004191734 40000000004191747 40000000004191733 4.66451770247 -18.1142 -5.15916 6.3872
9.39346 40000000004191734 40000000004191733 40000000004191747 40000000004191732 4.42803373661 -19.1865 -2.95342 9.77309
9.40902 40000000004191733 40000000004191732 40000000004191747 40000000004191731 4.17683491473 -17.5516 -1.13117 16.8122
9.05524 40000000004191772 40000000004191771 40000000004191777 40000000004191770 7.00541704554 -6.04897 -5.73116 3.04195
9.07492 40000000004191771 40000000004191767 40000000004191777 40000000004191766 6.01075739884 -7.62263 -3.80567 -0.836281
9.12668 40000000004191767 40000000004191765 40000000004191777 40000000004191764 5.52976580795 -5.97357 -2.84369 0.894471
9.18802 40000000004191765 40000000004191764 40000000004191777 40000000004191763 5.22758097313 -7.91334 -6.62963 1.08676
9.32805 40000000004191764 40000000004191761 40000000004191777 40000000004191760 4.66451770247 2.80991 -7.67385 4.24727
9.49221 40000000004191761 40000000004191760 40000000004191777 40000000004191759 4.42803373661 -1.99357 -17.0342 4.16287
9.55841 40000000004191760 40000000004191759 40000000004191777 40000000004191758 4.17683491473 3.15909 -19.8206 6.11255
9.0098 40000000004191845 40000000004191844 40000000004191850 40000000004191843 6.49159774567 0.460005 0.533089 0.232628
9.06939 40000000004191844 40000000004191841 40000000004191850 40000000004191840 5.84661374788 2.95294 2.21194 3.47645
9.1573 40000000004191841 40000000004191840 40000000004191850 40000000004191839 5.52976580795 0.293519 4.05291 11.7752
9.24918 40000000004191840 40000000004191839 40000000004191850 40000000004191838 5.22758097313 3.31846 7.57299 13.2706
9.24918 40000000004191839 40000000004191838 40000000004191850 40000000004191837 4.99593346816 0.275981 3.99056 13.6087
9.29622 40000000004191838 40000000004191837 40000000004191850 40000000004191836 4.93938066349 -5.84955 3.89719 20.4792
9.56111 40000000004191837 40000000004191836 40000000004191850 40000000004191835 4.66451770247 -4.2204 -9.97397 20.2943
9.57869 40000000004191836 40000000004191835 40000000004191850 40000000004191834 4.42803373661 -1.84952 -10.0065 18.3912
9.63669 40000000004191835 40000000004191834 40000000004191850 40000000004191833 4.17683491473 -7.33764 -12.4691 24.059
9.64193 40000000004191834 40000000004191833 40000000004191850 40000000004191832 4.00794511147 5.29513 1.35837 7.01401
9.77279 40000000004191833 40000000004191831 40000000004191850 40000000004191830 3.70877426464 17.335 8.65861 -12.0208
9.82663 40000000004191831 40000000004191830 40000000004191850 40000000004191829 3.49086136926 16.9906 16.3974 -10.5184
9.86214 40000000004191830 40000000004191829 40000000004191850 40000000004191828 3.28303305796 14.8792 24.1421 -7.99608
9.92237 40000000004191829 40000000004191828 40000000004191850 40000000004191827 3.08482263583 1.90277 3.80916 -1.63929
9.94667 40000000004191828 40000000004191827 40000000004191850 40000000004191826 3.00813107163 4.88971 20.3485 6.33829
9.98853 40000000004191827 40000000004191826 40000000004191850 40000000004191825 2.89578500573 -0.126728 23.9611 -5.36298
10.0202 40000000004191826 40000000004191825 40000000004191850 40000000004191824 2.73314261732 5.93345 22.28 -7.5576
9.05811 40000000004191974 40000000004191973 40000000004191984 40000000004191972 6.49159774567 7.8649 -3.16337 -5.9518
9.13634 40000000004191973 40000000004191972 40000000004191984 40000000004191971 6.14490120342 7.31258 -2.54555 -5.80166
9.20668 40000000004191972 40000000004191971 40000000004191984 40000000004191970 6.01075739884 6.87461 3.56697 -2.40293
9.25284 40000000004191971 40000000004191970 40000000004191984 40000000004191969 5.84661374788 6.65952 7.14129 -6.53725
9.26543 40000000004191970 40000000004191969 40000000004191984 40000000004191968 5.52976580795 6.64837 2.18905 -4.7087
9.38815 40000000004191969 40000000004191968 40000000004191984 40000000004191967 5.22758097313 10.1261 18.0709 -6.9128
9.38948 40000000004191968 40000000004191966 40000000004191984 40000000004191965 4.93938066349 4.4423 9.16502 -3.16816
9.47832 40000000004191966 40000000004191965 40000000004191984 40000000004191964 4.66451770247 -8.4995 -2.11197 15.2541
9.55387 40000000004191965 40000000004191963 40000000004191984 40000000004191962 4.17683491473 3.98818 16.4385 -2.99455
9.55841 40000000004191963 40000000004191962 40000000004191984 40000000004191961 4.00794511147 -8.83739 11.9004 11.6759
9.59477 40000000004191962 40000000004191961 40000000004191984 40000000004191960 3.93726108473 -11.4235 8.14637 19.2882
9.62908 40000000004191961 40000000004191960 40000000004191984 40000000004191959 3.70877426464 -10.5737 18.542 17.6534
9.64564 40000000004191960 40000000004191959 40000000004191984 40000000004191958 3.49086136926 -9.92385 15.1192 15.7733
9.67491 40000000004191959 40000000004191958 40000000004191984 40000000004191957 3.28303305796 -6.35069 14.0826 13.5247
9.70685 40000000004191958 40000000004191957 40000000004191984 40000000004191956 3.08482263583 -2.70424 -2.79763 14.5741
9.76049 40000000004191957 40000000004191953 40000000004191984 40000000004191952 2.5772902716 -7.23943 11.668 -2.89798
9.85627 40000000004191953 40000000004191952 40000000004191984 40000000004191951 2.44422570455 -19.4428 6.71836 -20.0854
9.03463 40000000004192041 40000000004192040 40000000004192052 40000000004192039 6.49159774567 -2.33551 -2.54071 -0.721379
9.1193 40000000004192040 40000000004192039 40000000004192052 40000000004192038 6.14490120342 -1.07076 -2.05571 5.30701
9.15042 40000000004192039 40000000004192038 40000000004192052 40000000004192037 6.01075739884 0.517517 -2.58889 3.48482
9.17512 40000000004192038 40000000004192036 40000000004192052 40000000004192035 5.52976580795 0.788105 -5.02096 4.09996
9.17729 40000000004192036 40000000004192032 40000000004192052 40000000004192031 4.66451770247 -12.2509 -11.6902 -1.4611
9.2026 40000000004192032 40000000004192030 40000000004192052 40000000004192029 4.17683491473 -7.33087 -9.25008 -2.18402
9.22457 40000000004192030 40000000004192029 40000000004192052 40000000004192028 4.00794511147 -8.45371 -5.63058 3.10302
9.25648 40000000004192029 40000000004192026 40000000004192052 40000000004192025 3.49086136926 -5.17995 -3.17058 0.291371
9.2929 40000000004192026 40000000004192025 40000000004192052 40000000004192024 3.28303305796 -2.56714 -4.81592 -0.630058
9.29951 40000000004192025 40000000004192024 40000000004192052 40000000004192023 3.08482263583 -2.83439 -1.16485 -1.1525
9.25101 40000000004192168 40000000004192167 40000000004192179 40000000004192166 4.99593346816 -36.1027 9.57984 -1.46486
9.25101 40000000004192167 40000000004192166 40000000004192179 40000000004192165 4.93938066349 -34.0189 7.79586 1.48602
9.29951 40000000004192166 40000000004192165 40000000004192179 40000000004192164 4.66451770247 -31.721 10.6678 3.42093
9.30278 40000000004192165 40000000004192164 40000000004192179 40000000004192163 4.42803373661 -25.4691 7.89409 0.358844
9.32031 40000000004192164 40000000004192163 40000000004192179 40000000004192162 4.17683491473 -13.9771 11.3934 3.70301
9.34902 40000000004192163 40000000004192162 40000000004192179 40000000004192161 4.00794511147 -14.9477 15.0935 1.73487
9.38948 40000000004192162 40000000004192160 40000000004192179 40000000004192159 3.70877426464 -17.7824 16.499 -2.12647
9.39081 40000000004192160 40000000004192154 40000000004192179 40000000004192153 2.73314261732 -15.4193 14.189 -3.84778
9.10157 40000000004192223 40000000004192222 40000000004192236 40000000004192221 4.42803373661 11.6597 3.81096 5.28981
9.14578 40000000004192222 40000000004192221 40000000004192236 40000000004192220 4.17683491473 11.2627 4.56568 6.48296
9.24548 40000000004192221 40000000004192220 40000000004192236 40000000004192219 4.00794511147 14.1398 5.90384 8.75371
9.24918 40000000004192220 40000000004192219 40000000004192236 40000000004192218 3.93726108473 11.6604 6.02796 7.47935
9.25466 40000000004192219 40000000004192218 40000000004192236 40000000004192217 3.70877426464 9.46208 5.44941 7.61647
9.2862 40000000004192218 40000000004192217 40000000004192236 40000000004192216 3.49086136926 8.06513 3.50356 8.20827
9.30763 40000000004192217 40000000004192216 40000000004192236 40000000004192215 3.28303305796 10.8864 -0.101233 7.64673
9.11179 40000000004192341 40000000004192340 40000000004192346 40000000004192339 10.3674435724 5.72621 -2.52113 1.66457
9.13394 40000000004192340 40000000004192339 40000000004192346 40000000004192338 9.99659046619 5.79364 -2.68186 1.81044
9.18802 40000000004192339 40000000004192338 40000000004192346 40000000004192337 9.84138043947 6.60189 -6.39889 2.00507
9.32651 40000000004192338 40000000004192337 40000000004192346 40000000004192336 9.38877127194 11.2673 -9.29424 4.8321
9.37732 40000000004192337 40000000004192336 40000000004192346 40000000004192335 9.00233985416 9.08013 -14.2403 3.894
9.43377 40000000004192336 40000000004192335 40000000004192346 40000000004192334 8.9079991856 11.0658 -14.7356 6.64873
9.57087 40000000004192335 40000000004192334 40000000004192346 40000000004192333 8.44947629437 27.822 -19.9216 7.91076
9.75536 40000000004192334 40000000004192333 40000000004192346 40000000004192332 8.01217294887 34.3089 -24.7558 4.9095
9.86034 40000000004192333 40000000004192332 40000000004192346 40000000004192331 7.59510714987 52.7487 -21.7329 10.7991
10.0379 40000000004192332 40000000004192331 40000000004192346 40000000004192330 7.23627606617 36.6499 -3.97786 3.07305
10.1108 40000000004192331 40000000004192330 40000000004192346 40000000004192329 7.00541704554 33.1715 -2.98789 -1.43227
10.1418 40000000004192330 40000000004192329 40000000004192346 40000000004192328 6.85511726265 29.8949 4.50533 -4.38359
10.2077 40000000004192329 40000000004192328 40000000004192346 40000000004192327 6.49159774567 23.2337 6.72389 -4.45745
10.3029 40000000004192328 40000000004192327 40000000004192346 40000000004192326 6.14490120342 -3.31226 -0.557194 -4.73641
10.3589 40000000004192327 40000000004192326 40000000004192346 40000000004192325 6.01075739884 12.7254 -9.84608 1.6623
10.3792 40000000004192326 40000000004192325 40000000004192346 40000000004192324 5.84661374788 -2.11773 -2.07391 -5.14258
10.437 40000000004192325 40000000004192324 40000000004192346 40000000004192323 5.52976580795 9.53984 -17.0458 -6.6993
10.4864 40000000004192324 40000000004192323 40000000004192346 40000000004192322 5.22758097313 13.237 -11.9485 -21.8346
10.5727 40000000004192323 40000000004192322 40000000004192346 40000000004192321 4.99593346816 18.1662 2.31078 -34.2481
10.5894 40000000004192322 40000000004192321 40000000004192346 40000000004192320 4.93938066349 18.0366 13.2187 -33.2064
10.6916 40000000004192321 40000000004192320 40000000004192346 40000000004192319 4.66451770247 21.0843 30.4989 -40.5887
10.8062 40000000004192320 40000000004192319 40000000004192346 40000000004192318 4.42803373661 23.1992 48.7149 -58.1193
10.8618 40000000004192319 40000000004192318 40000000004192346 40000000004192317 4.17683491473 -3.4726 23.167 -88.6323
10.8998 40000000004192318 40000000004192317 40000000004192346 40000000004192316 4.00794511147 2.06786 26.386 -89.5167
10.9171 40000000004192317 40000000004192316 40000000004192346 40000000004192315 3.93726108473 3.71117 23.6054 -92.1998
10.9674 40000000004192316 40000000004192315 40000000004192346 40000000004192314 3.70877426464 -0.193413 33.9037 -105.961
10.9828 40000000004192315 40000000004192314 40000000004192346 40000000004192313 3.49086136926 -2.09969 22.4162 -104.056
10.9894 40000000004192314 40000000004192312 40000000004192346 40000000004192311 3.08482263583 -24.7053 6.96066 -96.3196
11.0155 40000000004192312 40000000004192311 40000000004192346 40000000004192310 3.00813107163 -22.8337 8.82365 -112.236
11.0221 40000000004192311 40000000004192310 40000000004192346 40000000004192309 2.89578500573 -31.4632 -4.80506 -119.917
11.027 40000000004192310 40000000004192309 40000000004192346 40000000004192308 2.73314261732 -46.9973 3.11674 -93.4345
11.0631 40000000004192309 40000000004192308 40000000004192346 40000000004192307 2.5772902716 -50.0263 -5.64186 -105.341
11.0872 40000000004192308 40000000004192306 40000000004192346 40000000004192305 2.31611074396 -88.0054 -41.362 -105.58
11.1121 40000000004192306 40000000004192305 40000000004192346 40000000004192304 2.20792547238 -107.915 -25.0989 -83.5403
11.1318 40000000004192305 40000000004192304 40000000004192346 40000000004192303 2.1032696526 -110.341 -41.3752 -82.1795
11.1547 40000000004192304 40000000004192303 40000000004192346 40000000004192302 2.00202813925 -139.15 -44.2936 -67.792
11.1685 40000000004192303 40000000004192302 40000000004192346 40000000004192301 1.90408954353 -123.346 -58.5513 -56.1286
11.1692 40000000004192302 40000000004192301 40000000004192346 40000000004192300 1.82268925262 -106.031 -41.035 -54.7123
11.1953 40000000004192301 40000000004192300 40000000004192346 40000000004192299 1.74357057433 -93.4396 -22.0384 -67.5571
12.0704 40000000004192300 40000000004192277 40000000004192346 40000000004188057 0.676110411213 832.812 -942.005 315.639
9.03763 40000000004192386 40000000004192385 40000000004192392 40000000004192384 10.3674435724 1.52215 -0.467445 0.696491
9.04358 40000000004192385 40000000004192384 40000000004192392 40000000004192383 9.99659046619 1.1791 1.0957 2.06178
9.04945 40000000004192384 40000000004192383 40000000004192392 40000000004192382 9.84138043947 2.65914 0.411514 4.15427
9.11179 40000000004192383 40000000004192382 40000000004192392 40000000004192381 9.38877127194 2.11375 1.92338 1.78425
9.02548 40000000004192419 40000000004192418 40000000004192425 40000000004192417 9.38877127194 -2.51548 3.6181 -3.07832
9.22845 40000000004192418 40000000004192417 40000000004192425 40000000004192416 9.00233985416 -0.526588 3.92198 -2.52031
9.30278 40000000004192417 40000000004192415 40000000004192425 40000000004192414 8.44947629437 0.756722 2.08785 -2.18618
9.30602 40000000004192415 40000000004192414 40000000004192425 40000000004192413 8.01217294887 1.92346 -0.882933 -2.08834
9.35914 40000000004192414 40000000004192413 40000000004192425 40000000004192412 7.59510714987 0.299054 1.77972 -0.479088
9.00337 40000000004192436 40000000004192435 40000000004192443 40000000004192434 7.59510714987 -1.47981 -9.87754 7.90444
9.05524 40000000004192435 40000000004192434 40000000004192443 40000000004192433 7.23627606617 -1.86027 -11.5668 7.69686
9.09375 40000000004192434 40000000004192433 40000000004192443 40000000004192432 7.00541704554 -3.04115 -10.5985 8.58992
9.13154 40000000004192433 40000000004192432 40000000004192443 40000000004192431 6.85511726265 3.37182 -5.82667 11.6073
9.14344 40000000004192432 40000000004192431 40000000004192443 40000000004192430 6.49159774567 -4.65856 -11.0851 8.09756
9.17073 40000000004192431 40000000004192430 40000000004192443 40000000004192429 6.14490120342 -3.38908 -4.58148 13.9404
9.17512 40000000004192430 40000000004192428 40000000004192443 40000000004192323 5.84661374788 -3.78375 -3.87587 15.886
9.15502 40000000004192589 40000000004192588 40000000004192591 40000000004192587 11.4973879548 -3.22248 -3.04371 -0.172056
9.38547 40000000004192588 40000000004192587 40000000004192591 40000000004192586 10.9190331982 17.5791 2.00051 -1.21627
9.40774 40000000004192587 40000000004192586 40000000004192591 40000000004192585 10.3674435724 5.04213 5.00409 -2.00152
9.47066 40000000004192586 40000000004192585 40000000004192591 40000000004192584 9.99659046619 15.3338 4.22529 -1.641
9.59972 40000000004192585 40000000004192583 40000000004192591 40000000004192582 9.38877127194 12.0703 1.56081 -5.98715
9.72384 40000000004192583 40000000004192582 40000000004192591 40000000004192581 9.00233985416 10.3307 1.73616 4.87716
9.79482 40000000004192582 40000000004192580 40000000004192591 40000000004192579 8.44947629437 7.09205 6.16308 5.07344
9.83099 40000000004192580 40000000004192579 40000000004192591 40000000004192578 8.01217294887 1.54245 2.6432 10.8119
9.90402 40000000004192579 40000000004192578 40000000004192591 40000000004192577 7.59510714987 -0.955223 -2.73635 13.0805
9.96934 40000000004192578 40000000004192577 40000000004192591 40000000004192576 7.23627606617 -5.75471 -7.63705 11.8238
9.99354 40000000004192577 40000000004192576 40000000004192591 40000000004192575 7.00541704554 -0.288441 1.19567 19.5693
10.0004 40000000004192576 40000000004192575 40000000004192591 40000000004192574 6.85511726265 8.58426 6.41896 17.9891
10.0573 40000000004192575 40000000004192574 40000000004192591 40000000004192573 6.49159774567 7.7645 1.63307 5.70665
10.1108 40000000004192574 40000000004192571 40000000004192591 40000000004192570 5.84661374788 9.76026 7.0842 9.92094
10.1318 40000000004192571 40000000004192570 40000000004192591 40000000004192569 5.52976580795 13.0678 1.80962 5.4803
9.02548 40000000004192674 40000000004192673 40000000004192679 40000000004192672 9.84138043947 5.53539 1.53584 1.92623
9.02548 40000000004192673 40000000004192672 40000000004192679 40000000004192671 9.38877127194 3.07463 3.38372 3.03931
9.32497 40000000004192672 40000000004192671 40000000004192679 40000000004192670 9.00233985416 1.98287 -4.97845 -0.0743729
9.34756 40000000004192671 40000000004192670 40000000004192679 40000000004192669 8.9079991856 3.43736 -6.49626 -0.617534
9.45145 40000000004192670 40000000004192669 40000000004192679 40000000004192668 8.44947629437 5.70664 -9.96599 -0.53825
9.49431 40000000004192669 40000000004192668 40000000004192679 40000000004192667 8.01217294887 5.5355 -7.6391 1.62003
9.4964 40000000004192668 40000000004192667 40000000004192679 40000000004192666 7.59510714987 3.726 -4.15795 -0.0223405
9.53523 40000000004192667 40000000004192666 40000000004192679 40000000004192665 7.23627606617 -0.603859 -4.96102 1.86201
9.58975 40000000004192666 40000000004192665 40000000004192679 40000000004192664 7.00541704554 4.6787 -4.63825 4.75541
9.59477 40000000004192665 40000000004192664 40000000004192679 40000000004192663 6.85511726265 2.95598 -0.34635 3.90128
9.63442 40000000004192664 40000000004192663 40000000004192679 40000000004192662 6.49159774567 5.19717 2.96055 3.66832
9.67767 40000000004192663 40000000004192662 40000000004192679 40000000004192661 6.14490120342 5.01821 -0.677163 6.31835
9.73899 40000000004192662 40000000004192660 40000000004192679 40000000004192659 5.84661374788 1.34912 16.304 12.9866
9.75993 40000000004192660 40000000004192658 40000000004192679 40000000004192657 5.22758097313 1.4198 9.88623 11.1811
9.03763 40000000004192683 40000000004192682 40000000004192689 40000000004192681 9.38877127194 1.88853 -5.95542 5.14567
9.05524 40000000004192772 40000000004192771 40000000004192781 40000000004192770 6.85511726265 -0.34516 -1.33597 -0.925322
9.15042 40000000004192771 40000000004192770 40000000004192781 40000000004192769 6.49159774567 0.715768 -1.28503 -2.37945
9.15502 40000000004192770 40000000004192769 40000000004192781 40000000004192768 6.14490120342 2.57834 0.344345 -1.75376
9.17073 40000000004192769 40000000004192768 40000000004192781 40000000004192767 6.01075739884 0.432069 -0.281264 -0.989001
9.21272 40000000004192768 40000000004192767 40000000004192781 40000000004192766 5.84661374788 1.60721 0.746381 2.63343
9.29457 40000000004192767 40000000004192766 40000000004192781 40000000004192765 5.52976580795 -1.28845 -1.5494 -4.27265
9.36763 40000000004192766 40000000004192765 40000000004192781 40000000004192764 5.22758097313 -0.0736052 1.78439 -1.11634
9.41784 40000000004192765 40000000004192764 40000000004192781 40000000004192763 4.99593346816 -6.28172 6.64921 2.0727
9.42893 40000000004192764 40000000004192763 40000000004192781 40000000004192762 4.93938066349 -4.2476 7.46031 3.63412
9.56111 40000000004192763 40000000004192762 40000000004192781 40000000004192761 4.66451770247 8.56397 5.76297 9.14361
9.68176 40000000004192762 40000000004192761 40000000004192781 40000000004192760 4.42803373661 9.32143 -19.3346 26.3772
9.72198 40000000004192761 40000000004192760 40000000004192781 40000000004192759 4.17683491473 10.3482 -20.7487 16.2865
9.74078 40000000004192760 40000000004192759 40000000004192781 40000000004192758 4.00794511147 5.04191 -13.215 8.27762
9.0316 40000000004192815 40000000004192814 40000000004192825 40000000004192813 5.22758097313 -2.71735 -1.4807 -0.846982
9.70685 40000000004192814 40000000004192807 40000000004192825 40000000004192806 3.93726108473 -1.44032 -33.8687 17.5351
9.24733 40000000004192842 40000000004192841 40000000004192863 40000000004192840 2.73314261732 17.6246 -9.52067 -15.8149
9.41029 40000000004192841 40000000004192840 40000000004192863 40000000004192305 2.44422570455 26.2937 17.8895 11.1916
9.12178 40000000004192881 40000000004192880 40000000004192894 40000000004192840 2.5772902716 29.3844 16.5296 -2.8083
9.00337 40000000004193016 40000000004193015 40000000004193028 40000000004193014 3.70877426464 2.25862 6.98567 4.44506
9.03463 40000000004193015 40000000004193014 40000000004193028 40000000004193013 3.49086136926 1.65646 8.13157 9.03711
9.17729 40000000004193014 40000000004193013 40000000004193028 40000000004193012 3.28303305796 0.0704914 -3.91523 3.20023
9.19641 40000000004193013 40000000004193011 40000000004193028 40000000004193010 3.00813107163 4.45282 -6.46063 -1.49081
9.22066 40000000004193011 40000000004193007 40000000004193028 40000000004193006 2.44422570455 -6.00387 0.0581507 9.20477
12.0535 40000000004193007 40000000004192981 40000000004193028 40000000004192980 0.757441372616 776.762 -901.728 313.022
12.0576 40000000004192981 40000000004192980 40000000004193028 40000000004192979 0.732636182022 817.601 -891.962 292.705
12.0646 40000000004192980 40000000004192979 40000000004193028 40000000004192277 0.700106353719 814.784 -924.992 280.403
9.0098 40000000004193127 40000000004193126 40000000004193132 40000000004193125 7.23627606617 -3.33457 1.21754 -4.95202
9.04358 40000000004193126 40000000004193125 40000000004193132 40000000004193124 7.00541704554 -5.04756 1.62894 -6.08672
9.1193 40000000004193125 40000000004193124 40000000004193132 40000000004193123 6.85511726265 -5.03327 -1.74341 -1.65365
9.22262 40000000004193124 40000000004193123 40000000004193132 40000000004193122 6.49159774567 -8.67806 -2.70233 -3.71555
9.26543 40000000004193123 40000000004193122 40000000004193132 40000000004193121 6.14490120342 -5.80719 -3.32242 -0.430542
9.29622 40000000004193122 40000000004193121 40000000004193132 40000000004193120 6.01075739884 -4.75684 -4.87582 -2.99143
9.43136 40000000004193121 40000000004193120 40000000004193132 40000000004193119 5.84661374788 0.0852267 -13.9184 1.69062
9.57697 40000000004193120 40000000004193119 40000000004193132 40000000004193118 5.52976580795 16.4 -17.1394 2.24835
9.70428 40000000004193119 40000000004193118 40000000004193132 40000000004193117 5.22758097313 14.3307 6.4708 -0.754325
9.75993 40000000004193118 40000000004193117 40000000004193132 40000000004193116 4.99593346816 25.5694 -13.1495 4.23773
9.76836 40000000004193117 40000000004193116 40000000004193132 40000000004193115 4.93938066349 24.6361 -7.98159 5.38644
9.79743 40000000004193116 40000000004193115 40000000004193132 40000000004193114 4.66451770247 34.4921 -31.993 -16.76
9.81728 40000000004193115 40000000004193108 40000000004193132 40000000004193107 3.28303305796 23.1011 0.720951 0.319781
9.88144 40000000004193108 40000000004193107 40000000004193132 40000000004193106 3.08482263583 36.0453 7.6202 0.106522
9.95545 40000000004193107 40000000004193106 40000000004193132 40000000004193105 3.00813107163 56.7539 24.331 -5.54216
9.96191 40000000004193106 40000000004193105 40000000004193132 40000000004193104 2.89578500573 54.2586 23.8045 10.1034
10.0004 40000000004193105 40000000004193104 40000000004193132 40000000004193103 2.73314261732 61.2762 50.4491 15.3571
9.13634 40000000004193189 40000000004193188 40000000004193193 40000000004193187 6.85511726265 -8.66425 9.90658 1.19752
9.17946 40000000004193188 40000000004193187 40000000004193193 40000000004193186 6.49159774567 2.08701 12.1173 3.47075
9.27766 40000000004193187 40000000004193185 40000000004193193 40000000004193184 6.01075739884 3.03431 19.5671 11.5163
9.27938 40000000004193185 40000000004193184 40000000004193193 40000000004193183 5.84661374788 1.05461 7.9002 -3.87014
9.41659 40000000004193184 40000000004193182 40000000004193193 40000000004193181 5.22758097313 3.66445 9.1078 12.2974
9.43136 40000000004193182 40000000004193180 40000000004193193 40000000004193179 4.93938066349 1.51387 12.5351 9.16014
9.43497 40000000004193180 40000000004193179 40000000004193193 40000000004193178 4.66451770247 3.1383 12.3238 5.49809
9.46172 40000000004193179 40000000004193177 40000000004193193 40000000004193176 4.17683491473 -4.24703 4.88406 6.14564
9.49744 40000000004193177 40000000004193174 40000000004193193 40000000004193173 3.70877426464 3.50988 4.81296 13.9109
9.02855 40000000004193233 40000000004193232 40000000004193246 40000000004193231 2.89578500573 5.63555 3.66196 -8.678
9.05235 40000000004193232 40000000004193230 40000000004193246 40000000004193229 2.5772902716 4.82827 2.36916 -11.9083
9.04358 40000000004193329 40000000004193328 40000000004193341 40000000004193327 5.22758097313 -1.01705 -4.12426 -0.55081
9.05235 40000000004193328 40000000004193327 40000000004193341 40000000004193326 4.99593346816 -2.29915 -3.99719 -1.28279
9.07766 40000000004193327 40000000004193326 40000000004193341 40000000004193325 4.93938066349 -4.77034 -1.74083 -3.82417
9.12912 40000000004193326 40000000004193325 40000000004193341 40000000004193324 4.66451770247 -2.37142 -0.414621 -2.51608
9.12912 40000000004193325 40000000004193324 40000000004193341 40000000004193323 4.42803373661 -2.99824 3.69805 -2.16534
9.17293 40000000004193324 40000000004193323 40000000004193341 40000000004193322 4.17683491473 0.330711 3.21806 1.3273
9.22066 40000000004193323 40000000004193322 40000000004193341 40000000004193321 4.00794511147 -3.48334 9.81023 0.180878
9.23988 40000000004193322 40000000004193321 40000000004193341 40000000004193320 3.93726108473 -4.22398 7.57679 1.09375
9.24362 40000000004193321 40000000004193320 40000000004193341 40000000004193319 3.70877426464 -2.38551 7.16393 1.43919
9.27938 40000000004193320 40000000004193319 40000000004193341 40000000004193318 3.49086136926 -2.481 13.2782 -5.66147
9.31243 40000000004193319 40000000004193314 40000000004193341 40000000004193313 2.73314261732 0.555043 6.95289 -0.640296
9.32342 40000000004193314 40000000004193312 40000000004193341 40000000004193311 2.44422570455 -7.3978 11.6682 7.04635
9.0066 40000000004193371 40000000004193370 40000000004193385 40000000004193369 2.20792547238 -10.1844 5.81783 5.04877
9.04945 40000000004193370 40000000004193369 40000000004193385 40000000004193368 2.1032696526 -8.01462 5.85596 4.11609
9.04945 40000000004193369 40000000004193368 40000000004193385 40000000004193367 2.00202813925 -8.76946 6.29114 5.15024
9.00337 40000000004193480 40000000004193479 40000000004193488 40000000004193478 6.14490120342 -4.14408 -4.63599 -3.34688
9.0066 40000000004193479 40000000004193478 40000000004193488 40000000004193477 6.01075739884 -3.04664 -5.87032 -3.00364
9.06378 40000000004193478 40000000004193476 40000000004193488 40000000004193475 5.52976580795 1.30653 -12.9395 0.501364
9.16407 40000000004193476 40000000004193474 40000000004193488 40000000004193473 4.99593346816 0.472245 -12.0535 6.22107
9.22066 40000000004193474 40000000004193472 40000000004193488 40000000004193471 4.66451770247 4.44079 -8.38568 10.2554
9.23229 40000000004193472 40000000004193471 40000000004193488 40000000004193470 4.42803373661 0.127026 -8.22921 11.1942
9.30115 40000000004193471 40000000004193469 40000000004193488 40000000004193468 4.00794511147 -5.59867 -4.85493 18.2642
9.31874 40000000004193469 40000000004193467 40000000004193488 40000000004193466 3.70877426464 4.83454 -1.19135 2.85507
9.4026 40000000004193467 40000000004193466 40000000004193488 40000000004193465 3.49086136926 5.45828 3.48486 12.136
9.44329 40000000004193466 40000000004193461 40000000004193488 40000000004193460 2.73314261732 -14.9415 17.0216 26.061
9.5207 40000000004193461 40000000004193460 40000000004193488 40000000004193459 2.5772902716 -12.5272 24.131 29.9121
9.58638 40000000004193460 40000000004193457 40000000004193488 40000000004193456 2.20792547238 -10.4411 17.2952 26.5496
9.04945 40000000004193539 40000000004193538 40000000004193552 40000000004193537 4.00794511147 -0.20449 11.6759 -0.590148
9.10157 40000000004193616 40000000004193615 40000000004193621 40000000004193614 8.9079991856 0.652871 4.85915 -0.100741
9.17073 40000000004193615 40000000004193614 40000000004193621 40000000004193613 8.44947629437 3.93049 3.93519 -1.12941
9.29124 40000000004193614 40000000004193613 40000000004193621 40000000004193612 8.01217294887 0.140478 4.36677 -1.4323
9.5314 40000000004193613 40000000004193612 40000000004193621 40000000004193611 7.59510714987 -8.09524 -0.023967 -0.526732
9.58975 40000000004193612 40000000004193611 40000000004193621 40000000004193610 7.23627606617 -8.74439 0.274579 -4.45792
9.72198 40000000004193611 40000000004193610 40000000004193621 40000000004193609 7.00541704554 -8.44987 0.484474 2.00075
9.81877 40000000004193610 40000000004193609 40000000004193621 40000000004193608 6.85511726265 -3.50651 -1.82077 7.67881
9.93545 40000000004193609 40000000004193608 40000000004193621 40000000004193607 6.49159774567 -7.44575 12.1101 10.7176
10.0358 40000000004193608 40000000004193607 40000000004193621 40000000004193606 6.14490120342 1.54072 14.0609 17.7367
10.0415 40000000004193607 40000000004193606 40000000004193621 40000000004193605 6.01075739884 4.59132 12.8951 19.3087
10.0649 40000000004193606 40000000004193605 40000000004193621 40000000004193604 5.84661374788 4.37784 14.7741 16.6741
10.1272 40000000004193605 40000000004193604 40000000004193621 40000000004193603 5.52976580795 9.46274 2.52082 26.0858
10.2091 40000000004193604 40000000004193603 40000000004193621 40000000004193602 5.22758097313 6.57661 3.85792 28.8605
10.2603 40000000004193603 40000000004193602 40000000004193621 40000000004193601 4.99593346816 6.13832 6.41629 30.5309
10.2711 40000000004193602 40000000004193601 40000000004193621 40000000004193600 4.93938066349 8.91633 5.90058 31.3573
10.3379 40000000004193601 40000000004193600 40000000004193621 40000000004193599 4.66451770247 14.6126 -3.05933 34.3767
10.4311 40000000004193600 40000000004193599 40000000004193621 40000000004193598 4.42803373661 23.9945 -15.5599 51.4015
10.5886 40000000004193599 40000000004193598 40000000004193621 40000000004193597 4.17683491473 24.0293 -29.7317 55.657
10.6337 40000000004193598 40000000004193597 40000000004193621 40000000004193596 4.00794511147 18.598 -34.149 49.5613
10.6503 40000000004193597 40000000004193596 40000000004193621 40000000004193595 3.93726108473 20.9602 -36.117 48.6985
10.711 40000000004193596 40000000004193595 40000000004193621 40000000004193594 3.70877426464 16.8079 -47.057 44.3752
10.7923 40000000004193595 40000000004193594 40000000004193621 40000000004193593 3.49086136926 -15.3333 -53.2921 49.9445
10.8605 40000000004193594 40000000004193593 40000000004193621 40000000004193592 3.28303305796 -32.1524 -38.6468 54.8512
10.9736 40000000004193593 40000000004193592 40000000004193621 40000000004193591 3.08482263583 -70.6961 67.1541 13.5995
11.005 40000000004193592 40000000004193591 40000000004193621 40000000004193590 3.00813107163 -93.82 83.2337 21.2883
11.0183 40000000004193591 40000000004193590 40000000004193621 40000000004193589 2.89578500573 -88.1107 90.974 10.6699
11.0568 40000000004193590 40000000004193589 40000000004193621 40000000004193588 2.73314261732 -116.532 28.3771 10.4769
11.1135 40000000004193589 40000000004193588 40000000004193621 40000000004193587 2.5772902716 -101.379 43.588 -14.388
11.1322 40000000004193588 40000000004193587 40000000004193621 40000000004193586 2.44422570455 -126.896 12.104 -36.8763
11.1694 40000000004193587 40000000004193586 40000000004193621 40000000004193585 2.31611074396 -109.144 16.2541 -41.8515
11.1991 40000000004193586 40000000004193585 40000000004193621 40000000004193584 2.20792547238 -77.6017 96.9007 -32.6521
11.2375 40000000004193585 40000000004193584 40000000004193621 40000000004193583 2.1032696526 -52.9475 137.865 -32.5816
9.08038 40000000004193629 40000000004193628 40000000004193637 40000000004193627 8.44947629437 0.994773 1.63955 -6.21548
9.0666 40000000004193646 40000000004193645 40000000004193652 40000000004193644 8.01217294887 4.78176 1.90289 0.0232021
9.12424 40000000004193645 40000000004193644 40000000004193652 40000000004193643 7.59510714987 4.09513 3.03574 1.75309
9.0098 40000000004193744 40000000004193743 40000000004193751 40000000004193742 8.01217294887 -3.0063 -0.361291 1.09923
9.06378 40000000004193743 40000000004193742 40000000004193751 40000000004193741 7.59510714987 -3.32477 -0.957337 0.0485186
9.12668 40000000004193742 40000000004193741 40000000004193751 40000000004193740 7.23627606617 -0.981436 -0.519047 -1.81298
9.24362 40000000004193741 40000000004193740 40000000004193751 40000000004193739 7.00541704554 1.29648 -7.23897 6.9875
9.26896 40000000004193740 40000000004193739 40000000004193751 40000000004193738 6.85511726265 3.82754 -9.49647 11.2357
9.3634 40000000004193739 40000000004193738 40000000004193751 40000000004193737 6.49159774567 2.8199 -9.46597 8.10033
9.54278 40000000004193738 40000000004193737 40000000004193751 40000000004193736 6.14490120342 14.4033 2.2878 -0.245481
9.79534 40000000004193737 40000000004193734 40000000004193751 40000000004193733 5.52976580795 15.0593 18.6795 -8.41583
9.88316 40000000004193734 40000000004193733 40000000004193751 40000000004193732 5.22758097313 40.0787 20.0575 10.5414
9.92315 40000000004193733 40000000004193732 40000000004193751 40000000004193731 4.99593346816 34.8106 15.4187 10.6439
9.53902 40000000004193755 40000000004193754 40000000004193761 40000000004193753 6.01075739884 14.5967 2.96741 -0.109216
9.67835 40000000004193754 40000000004193753 40000000004193761 40000000004193734 5.84661374788 17.0653 17.4461 -0.928567
9.0666 40000000004193795 40000000004193794 40000000004193806 40000000004193793 4.99593346816 -3.43719 4.1915 -2.96388
9.0666 40000000004193794 40000000004193793 40000000004193806 40000000004193792 4.93938066349 -3.93279 3.26301 -3.16082
9.09111 40000000004193853 40000000004193852 40000000004193859 40000000004193851 6.01075739884 5.17185 -3.42439 -8.76692
9.19223 40000000004193852 40000000004193850 40000000004193859 40000000004193849 5.52976580795 2.44125 -1.93592 -7.3199
9.31243 40000000004193850 40000000004193849 40000000004193859 40000000004193848 5.22758097313 1.05963 2.46603 -5.0215
9.43497 40000000004193849 40000000004193848 40000000004193859 40000000004193847 4.99593346816 7.87825 10.6371 9.86594
9.43856 40000000004193848 40000000004193847 40000000004193859 40000000004193846 4.93938066349 9.04529 9.93371 8.35376
9.51475 40000000004193847 40000000004193846 40000000004193859 40000000004193845 4.66451770247 1.40286 8.80287 6.4709
9.57087 40000000004193846 40000000004193845 40000000004193859 40000000004193844 4.42803373661 -4.76613 7.47969 7.4559
9.59477 40000000004193845 40000000004193844 40000000004193859 40000000004193843 4.17683491473 -7.5063 6.82542 6.54746
9.61742 40000000004193844 40000000004193843 40000000004193859 40000000004193842 4.00794511147 -5.8205 15.338 16.5326
9.10926 40000000004193956 40000000004193955 40000000004193968 40000000004193954 5.22758097313 -12.7253 -1.0845 -2.31386
9.17729 40000000004193955 40000000004193952 40000000004193968 40000000004193951 4.66451770247 -3.17395 9.76819 -6.163
9.04062 40000000004194000 40000000004193999 40000000004194006 40000000004193998 6.01075739884 4.07968 3.92911 5.72833
9.04945 40000000004193999 40000000004193997 40000000004194006 40000000004193996 5.52976580795 3.30447 -6.68475 4.04858
9.13394 40000000004193997 40000000004193995 40000000004194006 40000000004193994 4.99593346816 6.06302 -8.16963 3.60913
9.09111 40000000004194069 40000000004194068 40000000004194077 40000000004194067 6.49159774567 -2.85775 1.6319 -5.19416
9.12178 40000000004194068 40000000004194067 40000000004194077 40000000004194066 6.14490120342 -0.947124 0.124381 -1.89438
9.25828 40000000004194067 40000000004194066 40000000004194077 40000000004194065 6.01075739884 -1.21915 3.82252 -10.0077
9.27072 40000000004194066 40000000004194065 40000000004194077 40000000004194064 5.84661374788 -1.19677 2.89048 -4.92323
9.41282 40000000004194065 40000000004194064 40000000004194077 40000000004194063 5.52976580795 -14.3839 -7.69705 3.0104
9.4651 40000000004194064 40000000004194063 40000000004194077 40000000004194062 5.22758097313 -15.284 -7.78283 -1.4396
9.58553 40000000004194063 40000000004194062 40000000004194077 40000000004194061 4.99593346816 -20.2859 -13.9976 2.07091
9.5931 40000000004194062 40000000004194061 40000000004194077 40000000004194060 4.93938066349 -18.9692 -12.1418 1.92463
9.64193 40000000004194061 40000000004194060 40000000004194077 40000000004194059 4.66451770247 -16.6469 -13.3824 0.910376
9.65874 40000000004194060 40000000004194059 40000000004194077 40000000004194058 4.42803373661 -4.68058 -13.918 -4.24713
9.68244 40000000004194059 40000000004194058 40000000004194077 40000000004194057 4.17683491473 -1.19667 -17.561 -2.28657
9.68244 40000000004194058 40000000004194057 40000000004194077 40000000004194056 4.00794511147 -3.05161 -15.3973 -5.06872
9.74196 40000000004194057 40000000004194055 40000000004194077 40000000004194054 3.70877426464 -22.1994 -14.025 -10.3207
9.10926 40000000004194129 40000000004194128 40000000004194130 40000000004194127 2.89578500573 13.0416 -1.36479 -1.80685
9.13394 40000000004194305 40000000004194304 40000000004194316 40000000004194303 4.42803373661 16.8042 2.99191 11.2092
9.16852 40000000004194304 40000000004194303 40000000004194316 40000000004194302 4.17683491473 11.8723 -0.56482 9.51896
9.19013 40000000004194303 40000000004194302 40000000004194316 40000000004194301 4.00794511147 12.9203 -1.39811 12.3872
9.22262 40000000004194302 40000000004194301 40000000004194316 40000000004194300 3.93726108473 14.7595 -2.23517 14.0838
9.29622 40000000004194301 40000000004194300 40000000004194316 40000000004194299 3.70877426464 24.4599 -4.84773 19.8372
9.31083 40000000004194300 40000000004194299 40000000004194316 40000000004194298 3.49086136926 22.6833 -3.17855 21.7068
9.14344 40000000004194379 40000000004194378 40000000004194390 40000000004194377 4.99593346816 6.17821 3.66895 3.47594
9.15042 40000000004194378 40000000004194377 40000000004194390 40000000004194376 4.93938066349 8.8831 3.36945 5.04921
9.2087 40000000004194377 40000000004194376 40000000004194390 40000000004194375 4.66451770247 6.07177 0.855695 3.72416
9.22651 40000000004194376 40000000004194375 40000000004194390 40000000004194374 4.42803373661 5.85887 1.21204 3.23397
9.32342 40000000004194375 40000000004194374 40000000004194390 40000000004194373 4.17683491473 4.64313 -3.09672 5.06197
9.34461 40000000004194374 40000000004194373 40000000004194390 40000000004194372 4.00794511147 8.91983 -2.08415 5.70618
9.35914 40000000004194373 40000000004194372 40000000004194390 40000000004194371 3.93726108473 7.48489 -3.33023 4.37074
9.35914 40000000004194372 40000000004194371 40000000004194390 40000000004194370 3.70877426464 8.78951 -2.04705 2.28994
9.37319 40000000004194371 40000000004194370 40000000004194390 40000000004194369 3.49086136926 7.11159 -4.30588 -1.82935
9.44329 40000000004194370 40000000004194369 40000000004194390 40000000004194368 3.28303305796 -14.1913 -21.9606 -10.4296
9.44914 40000000004194369 40000000004194367 40000000004194390 40000000004194366 3.00813107163 -5.79897 -29.1295 -9.38864
9.4606 40000000004194367 40000000004194365 40000000004194390 40000000004194364 2.73314261732 -12.2425 -32.7771 -15.1843
9.00337 40000000004194412 40000000004194411 40000000004194429 40000000004194410 4.42803373661 -1.97664 6.96234 -1.96205
9.04062 40000000004194411 40000000004194407 40000000004194429 40000000004194406 3.70877426464 -2.03615 -1.65368 -1.61502
9.00337 40000000004194449 40000000004194448 40000000004194463 40000000004194447 3.49086136926 -1.01404 2.17675 -0.761873
9.13154 40000000004194448 40000000004194447 40000000004194463 40000000004194446 3.28303305796 -7.91227 8.01024 -0.314348
9.2845 40000000004194447 40000000004194446 40000000004194463 40000000004194445 3.08482263583 -9.34754 12.0695 -1.30728
9.29622 40000000004194446 40000000004194445 40000000004194463 40000000004194444 3.00813107163 -7.76522 10.0313 -1.04388
9.32958 40000000004194445 40000000004194444 40000000004194463 40000000004194443 2.89578500573 -6.79687 6.92856 0.560348
9.38948 40000000004194444 40000000004194441 40000000004194463 40000000004194440 2.44422570455 -2.96225 -10.0034 1.40216
9.10157 40000000004194517 40000000004194516 40000000004194526 40000000004194515 7.00541704554 1.45122 2.17144 -0.655151
9.15042 40000000004194516 40000000004194515 40000000004194526 40000000004194514 6.85511726265 2.49631 1.21106 -2.37508
9.2026 40000000004194515 40000000004194514 40000000004194526 40000000004194513 6.49159774567 3.41294 0.168468 -7.77981
9.35627 40000000004194514 40000000004194513 40000000004194526 40000000004194512 6.14490120342 -1.30823 -2.19987 -7.81043
9.41784 40000000004194513 40000000004194512 40000000004194526 40000000004194511 6.01075739884 4.30453 -2.75722 -2.6572
9.48479 40000000004194512 40000000004194511 40000000004194526 40000000004194510 5.84661374788 7.12045 -5.52699 1.01834
9.65151 40000000004194511 40000000004194510 40000000004194526 40000000004194509 5.52976580795 1.83467 -11.4156 3.20725
9.68717 40000000004194510 40000000004194509 40000000004194526 40000000004194508 5.22758097313 14.8149 -9.2896 12.387
9.74137 40000000004194509 40000000004194508 40000000004194526 40000000004194507 4.99593346816 13.3057 -1.19906 22.2603
9.74373 40000000004194508 40000000004194507 40000000004194526 40000000004194506 4.93938066349 13.3494 -1.87597 21.9537
9.79114 40000000004194507 40000000004194506 40000000004194526 40000000004194505 4.66451770247 9.13853 -1.51402 17.857
9.80466 40000000004194506 40000000004194505 40000000004194526 40000000004194504 4.42803373661 6.84178 -5.03081 17.0415
9.82419 40000000004194505 40000000004194504 40000000004194526 40000000004194503 4.17683491473 5.96603 -11.5858 28.8733
9.88741 40000000004194504 40000000004194501 40000000004194526 40000000004194500 3.70877426464 -1.88393 -15.9536 29.9136
9.8891 40000000004194501 40000000004194500 40000000004194526 40000000004194499 3.49086136926 -9.1765 -14.2537 22.7486
9.97835 40000000004194500 40000000004194499 40000000004194526 40000000004194498 3.28303305796 -1.47274 -16.6398 19.8322
10.0564 40000000004194499 40000000004194498 40000000004194526 40000000004194497 3.08482263583 2.7705 -4.77411 11.0753
10.089 40000000004194498 40000000004194497 40000000004194526 40000000004194496 3.00813107163 0.855322 1.31307 3.09517
10.1148 40000000004194497 40000000004194496 40000000004194526 40000000004194495 2.89578500573 1.77269 -1.47399 3.43422
10.1643 40000000004194496 40000000004194495 40000000004194526 40000000004194494 2.73314261732 8.13951 11.4866 12.8061
10.2151 40000000004194495 40000000004194493 40000000004194526 40000000004194492 2.44422570455 16.2391 20.5223 3.65239
10.2171 40000000004194493 40000000004194492 40000000004194526 40000000004194491 2.31611074396 19.3387 35.4392 9.96354
9.05811 40000000004194586 40000000004194585 40000000004194592 40000000004194584 7.23627606617 3.40066 6.12515 -0.230482
9.1193 40000000004194585 40000000004194581 40000000004194592 40000000004194580 6.14490120342 3.03255 4.5875 5.32992
9.17512 40000000004194581 40000000004194578 40000000004194592 40000000004194577 5.52976580795 -3.97354 1.89249 -0.808831
9.18802 40000000004194578 40000000004194577 40000000004194592 40000000004194576 5.22758097313 -0.0251815 7.17643 0.296494
9.29622 40000000004194577 40000000004194576 40000000004194592 40000000004194575 4.99593346816 8.47458 6.34936 11.297
9.44093 40000000004194576 40000000004194575 40000000004194592 40000000004194574 4.93938066349 -13.3681 -17.1007 -30.708
9.4549 40000000004194575 40000000004194572 40000000004194592 40000000004194571 4.17683491473 11.0394 -7.68636 11.5144
9.47832 40000000004194777 40000000004194776 40000000004194778 40000000004194775 0.950531351585 1.67575 1.40549 2.67631
9.00337 40000000004194890 40000000004194889 40000000004194907 40000000004194888 3.28303305796 -4.29409 -2.11885 -3.94782
