logMh | fpID | subhaloID | main leaf ID | descID |  z
9.02855 90000625700000090 90000625700000089 90000625700000093 90000625700000088 6.14490120342 -5.87586 0.438478 2.55914
9.04653 90000625700000089 90000625700000088 90000625700000093 90000625700000087 6.01075739884 -7.41038 0.597387 3.5205
9.08309 90000625700000088 90000625700000087 90000625700000093 90000625700000086 5.84661374788 -5.62837 0.942489 1.91932
9.10926 90000625700000087 90000625700000086 90000625700000093 90000625700000085 5.52976580795 -4.89315 1.45877 0.477077
9.19013 90000625700000086 90000625700000085 90000625700000093 90000625700000084 5.22758097313 5.01272 2.51358 -3.42274
9.21472 90000625700000085 90000625700000084 90000625700000093 90000625700000083 4.99593346816 3.76823 2.93955 -1.71459
9.22262 90000625700000084 90000625700000083 90000625700000093 90000625700000082 4.93938066349 2.82755 2.78939 -2.27175
9.3044 90000625700000083 90000625700000081 90000625700000093 90000625700000080 4.42803373661 -2.76079 3.31556 -1.44842
9.39478 90000625700000081 90000625700000080 90000625700000093 90000625700000079 4.17683491473 0.537212 0.755549 -20.5673
9.41534 90000625700000080 90000625700000078 90000625700000093 90000625700000077 3.93726108473 -0.11403 3.87775 -12.2154
9.4651 90000625700000078 90000625700000077 90000625700000093 90000625700000076 3.70877426464 1.72155 1.27577 -16.4224
9.48799 90000625700000077 90000625700000076 90000625700000093 90000625700000075 3.49086136926 1.30536 0.00513758 -16.5327
9.55387 90000625700000076 90000625700000075 90000625700000093 90000625700000074 3.28303305796 0.925525 -3.8381 -19.0018
9.61742 90000625700000075 90000625700000074 90000625700000093 90000625700000073 3.08482263583 -9.74605 -9.42018 -26.9367
9.64119 90000625700000074 90000625700000073 90000625700000093 90000625700000072 3.00813107163 -19.5415 -0.0631985 -27.4039
9.66302 90000625700000073 90000625700000072 90000625700000093 90000625700000071 2.89578500573 -16.8994 -5.87889 -27.6645
9.74432 90000625700000072 90000625700000071 90000625700000093 90000625700000070 2.73314261732 -14.4123 1.15808 -29.8353
9.87321 90000625700000071 90000625700000070 90000625700000093 90000625700000069 2.5772902716 -15.1554 3.14276 -8.08842
9.9028 90000625700000070 90000625700000069 90000625700000093 90000625700000068 2.44422570455 -23.6036 3.44531 -10.2674
10.003 90000625700000069 90000625700000068 90000625700000093 90000625700000067 2.31611074396 -18.8284 12.7503 -14.5589
10.0261 90000625700000068 90000625700000067 90000625700000093 90000625700000066 2.20792547238 -11.4551 13.2638 -14.8062
10.0535 90000625700000067 90000625700000066 90000625700000093 90000625700000065 2.1032696526 -18.5288 14.1915 -19.5976
10.2212 90000625700000066 90000625700000064 90000625700000093 90000625700000063 1.90408954353 -67.873 14.2946 29.5707
10.4242 90000625700000064 90000625700000061 90000625700000093 90000625700000060 1.66666955611 92.3759 -3.02038 119.802
10.4618 90000625700000061 90000625700000060 90000625700000093 90000625700000059 1.60423452207 69.1528 -0.650991 140.395
10.5215 90000625700000060 90000625700000059 90000625700000093 90000625700000058 1.47197484527 51.063 -23.8566 103.383
10.5882 90000625700000059 90000625700000057 90000625700000093 90000625700000056 1.3575766674 100.876 -36.757 53.1296
10.591 90000625700000057 90000625700000055 90000625700000093 90000625700000054 1.24847261425 57.6203 -10.6671 64.67
10.5938 90000625700000055 90000625700000054 90000625700000093 90000625700000053 1.20625808078 57.311 -8.55438 65.8672
10.5996 90000625700000054 90000625700000053 90000625700000093 90000625700000052 1.15460271236 90.5054 -7.2732 66.8041
10.6062 90000625700000053 90000625700000052 90000625700000093 90000625700000051 1.11415056377 88.9166 -2.02908 72.3447
10.6156 90000625700000052 90000625700000051 90000625700000093 90000625700000050 1.07445789455 106.977 -7.86345 55.6403
10.6241 90000625700000051 90000625700000049 90000625700000093 90000625700000048 0.997294225782 98.8938 2.45536 51.5937
10.6306 90000625700000049 90000625700000048 90000625700000093 90000625700000047 0.987852810816 85.2324 7.47393 64.8699
10.6389 90000625700000048 90000625700000037 90000625700000093 90000625700000036 0.644641840685 54.2087 28.8262 42.5075
10.6498 90000625700000037 90000625700000036 90000625700000093 90000625700000035 0.621428745243 53.4601 26.2495 50.2482
10.6533 90000625700000036 90000625700000035 90000625700000093 90000625700000034 0.598543288188 57.168 32.811 40.8476
10.6604 90000625700000035 90000625700000034 90000625700000093 90000625700000033 0.575980845108 53.9574 24.9658 38.8051
10.6714 90000625700000034 90000625700000033 90000625700000093 90000625700000032 0.546392183141 45.1504 21.2979 55.9569
10.6744 90000625700000033 90000625700000031 90000625700000093 90000625700000030 0.503047523245 51.9482 24.9719 51.0668
10.6759 90000625700000031 90000625700000030 90000625700000093 90000625700000029 0.481832943421 59.2205 17.4484 49.7809
10.6862 90000625700000030 90000625700000029 90000625700000093 90000625700000028 0.460917794181 58.1452 18.8011 54.5666
10.6902 90000625700000029 90000625700000028 90000625700000093 90000625700000027 0.440297849248 60.8026 20.5994 56.0446
10.7023 90000625700000028 90000625700000027 90000625700000093 90000625700000026 0.419968941997 46.3079 21.0201 55.1834
10.7696 90000625700000027 90000625700000022 90000625700000093 90000625700000021 0.328829724206 -31.1366 11.8427 97.5323
10.7935 90000625700000022 90000625700000021 90000625700000093 90000625700000020 0.310074120128 -42.9513 19.0174 112.454
10.8217 90000625700000021 90000625700000020 90000625700000093 90000625700000019 0.291583239722 -85.9198 13.4014 114.998
10.8504 90000625700000020 90000625700000018 90000625700000093 90000625700000017 0.261343256161 -123.45 24.4678 113.881
10.8662 90000625700000018 90000625700000017 90000625700000093 90000625700000016 0.243540181555 -159.386 33.6928 131.281
10.8966 90000625700000017 90000625700000016 90000625700000093 90000625700000015 0.22598838626 -189.823 42.4142 166.355
10.9203 90000625700000016 90000625700000015 90000625700000093 90000625700000014 0.214425035514 -220.411 53.1809 184.436
10.9541 90000625700000015 90000625700000014 90000625700000093 90000625700000013 0.197284182376 -266.334 60.9045 199.49
10.985 90000625700000014 90000625700000013 90000625700000093 90000625700000012 0.180385261706 -290.133 60.7627 202.732
11.0503 90000625700000013 90000625700000010 90000625700000093 90000625700000009 0.125759332411 -326.796 67.7761 212.976
11.0531 90000625700000010 90000625700000008 90000625700000093 90000625700000007 0.0994018026302 -324.251 74.2841 220.191
11.0644 90000625700000008 90000625700000006 90000625700000093 90000625700000005 0.0736613846564 -334.13 72.0004 218.525
11.0764 90000625700000006 90000625700000005 90000625700000093 90000625700000004 0.0585073227945 -340.673 78.7964 222.147
11.0849 90000625700000005 90000625700000004 90000625700000093 90000625700000003 0.0485236299818 -341.306 72.5484 225.595
11.1072 90000625700000004 90000625700000003 90000625700000093 90000625700000002 0.0337243718735 -336.55 68.141 232.976
11.1099 90000625700000003 90000625700000001 90000625700000093 90000625700000000 0.00952166696794 -357.777 70.727 255.991
9.0316 90000625700000129 90000625700000128 90000625700000137 90000625700000127 4.17683491473 17.2437 0.884443 -1.0788
9.03463 90000625700000128 90000625700000127 90000625700000137 90000625700000126 4.00794511147 16.3321 -0.518751 -1.10526
9.05524 90000625700000127 90000625700000126 90000625700000137 90000625700000125 3.93726108473 15.9235 -2.20927 -2.39723
9.09375 90000625700000126 90000625700000124 90000625700000137 90000625700000123 3.49086136926 14.0393 -2.45295 -5.2061
9.10415 90000625700000124 90000625700000123 90000625700000137 90000625700000122 3.28303305796 11.4993 -0.737098 -4.61455
9.0066 90000625700000192 90000625700000191 90000625700000199 90000625700000190 5.84661374788 0.0579597 -0.365981 -0.603424
9.02855 90000625700000191 90000625700000190 90000625700000199 90000625700000189 5.52976580795 1.022 0.0827698 -0.831802
9.0316 90000625700000190 90000625700000189 90000625700000199 90000625700000188 5.22758097313 0.213638 0.673915 0.0742135
9.09375 90000625700000189 90000625700000188 90000625700000199 90000625700000187 4.99593346816 1.95968 3.68227 -1.09851
9.12668 90000625700000188 90000625700000187 90000625700000199 90000625700000186 4.93938066349 0.515937 1.97959 0.862548
9.36481 90000625700000187 90000625700000186 90000625700000199 90000625700000185 4.66451770247 -34.7982 -32.3632 -29.499
9.38412 90000625700000186 90000625700000185 90000625700000199 90000625700000184 4.42803373661 -34.091 -33.0053 -26.9718
9.43737 90000625700000185 90000625700000182 90000625700000199 90000625700000181 3.93726108473 -4.95569 -4.63779 -7.76342
9.44681 90000625700000182 90000625700000181 90000625700000199 90000625700000180 3.70877426464 -6.90419 -12.9792 -9.32789
9.5026 90000625700000181 90000625700000180 90000625700000199 90000625700000179 3.49086136926 -11.5659 -22.619 -15.529
9.57436 90000625700000180 90000625700000179 90000625700000199 90000625700000178 3.28303305796 -19.2495 -24.8836 -17.9676
9.5931 90000625700000179 90000625700000178 90000625700000199 90000625700000177 3.08482263583 -22.8226 -20.7786 -24.1064
9.63969 90000625700000178 90000625700000177 90000625700000199 90000625700000176 3.00813107163 -24.8354 -22.3426 -26.3718
9.64044 90000625700000177 90000625700000176 90000625700000199 90000625700000175 2.89578500573 -31.7762 -20.2351 -22.0832
9.71887 90000625700000176 90000625700000175 90000625700000199 90000625700000174 2.73314261732 -31.9458 -17.9296 -30.6956
9.7336 90000625700000175 90000625700000174 90000625700000199 90000625700000173 2.5772902716 -33.0439 -23.1058 -43.1586
9.75708 90000625700000174 90000625700000172 90000625700000199 90000625700000171 2.31611074396 -33.9297 -27.7371 -32.3356
9.76163 90000625700000172 90000625700000171 90000625700000199 90000625700000170 2.20792547238 -26.8643 -26.7285 -31.8301
9.79847 90000625700000171 90000625700000170 90000625700000199 90000625700000169 2.1032696526 -18.6705 -37.3617 -25.5484
9.81127 90000625700000170 90000625700000169 90000625700000199 90000625700000168 2.00202813925 -13.7874 -28.8739 -30.5972
10.1323 90000625700000169 90000625700000167 90000625700000199 90000625700000166 1.82268925262 -69.1566 -22.7198 45.7096
10.1893 90000625700000167 90000625700000166 90000625700000199 90000625700000165 1.74357057433 -23.8055 -36.3705 50.4756
10.4919 90000625700000166 90000625700000163 90000625700000199 90000625700000059 1.53123902916 59.3636 -24.0145 122.748
9.01298 90000625700000242 90000625700000241 90000625700000257 90000625700000240 3.28303305796 -0.60662 -21.4184 1.12693
9.02548 90000625700000241 90000625700000239 90000625700000257 90000625700000238 3.00813107163 2.88479 -14.4487 9.98598
9.02548 90000625700000291 90000625700000290 90000625700000301 90000625700000289 5.84661374788 -4.27161 0.422479 -1.6961
9.06096 90000625700000290 90000625700000289 90000625700000301 90000625700000288 5.52976580795 -3.86742 1.56771 -1.28525
9.06939 90000625700000289 90000625700000288 90000625700000301 90000625700000287 5.22758097313 -3.41234 2.19697 -0.157707
9.15502 90000625700000288 90000625700000287 90000625700000301 90000625700000286 4.99593346816 2.51602 0.0129049 -4.25674
9.15956 90000625700000287 90000625700000286 90000625700000301 90000625700000285 4.93938066349 1.40892 0.0101237 -3.17377
9.17729 90000625700000286 90000625700000285 90000625700000301 90000625700000284 4.66451770247 -0.929127 -0.0959368 -3.97868
9.19433 90000625700000285 90000625700000284 90000625700000301 90000625700000283 4.42803373661 -0.229228 -3.15931 -3.80907
9.20055 90000625700000284 90000625700000283 90000625700000301 90000625700000282 4.17683491473 -5.38269 -2.03586 -4.17569
9.24733 90000625700000283 90000625700000282 90000625700000301 90000625700000281 4.00794511147 -5.60336 0.701135 -5.13897
9.24733 90000625700000282 90000625700000281 90000625700000301 90000625700000280 3.93726108473 -3.67141 -0.0197877 -5.55769
9.30602 90000625700000281 90000625700000280 90000625700000301 90000625700000279 3.70877426464 -3.89328 2.92311 -3.31259
9.30763 90000625700000280 90000625700000279 90000625700000301 90000625700000278 3.49086136926 -5.07909 2.02037 -4.8062
9.3156 90000625700000279 90000625700000274 90000625700000301 90000625700000273 2.73314261732 4.50924 0.531123 -5.18829
9.3634 90000625700000274 90000625700000273 90000625700000301 90000625700000272 2.5772902716 -1.71167 6.06411 -2.81781
10.5832 90000625700000273 90000625700000259 90000625700000301 90000625700000055 1.30237845991 82.8772 -14.6969 63.9344
9.0098 90000625700000321 90000625700000320 90000625700000333 90000625700000319 3.70877426464 3.35562 -1.71651 0.914913
9.04653 90000625700000320 90000625700000319 90000625700000333 90000625700000318 3.49086136926 2.1954 -4.99046 0.536978
10.5195 90000625700000319 90000625700000302 90000625700000333 90000625700000259 1.41409822037 71.3533 -17.8203 93.7483
9.04945 90000625700000418 90000625700000417 90000625700000428 90000625700000416 4.66451770247 -4.08704 -1.75029 -4.97198
9.08578 90000625700000417 90000625700000416 90000625700000428 90000625700000415 4.42803373661 -2.50127 -0.989292 -6.63967
9.14811 90000625700000416 90000625700000415 90000625700000428 90000625700000414 4.17683491473 -2.7009 -0.420179 -2.01147
9.32805 90000625700000415 90000625700000414 90000625700000428 90000625700000413 4.00794511147 -5.21978 13.7744 -22.2438
9.34313 90000625700000414 90000625700000413 90000625700000428 90000625700000412 3.93726108473 -11.3793 14.8891 -17.5133
9.34609 90000625700000413 90000625700000412 90000625700000428 90000625700000411 3.70877426464 -5.17479 8.82747 -13.5815
9.42771 90000625700000412 90000625700000408 90000625700000428 90000625700000407 3.00813107163 -7.21359 7.55831 -10.5319
9.49326 90000625700000408 90000625700000405 90000625700000428 90000625700000404 2.5772902716 0.415611 11.6804 -3.39682
9.56468 90000625700000405 90000625700000403 90000625700000428 90000625700000402 2.31611074396 20.336 0.591483 11.0659
9.64044 90000625700000403 90000625700000402 90000625700000428 90000625700000401 2.20792547238 34.9403 0.503415 16.6646
9.66017 90000625700000402 90000625700000401 90000625700000428 90000625700000400 2.1032696526 41.2468 6.16601 33.056
9.69515 90000625700000401 90000625700000400 90000625700000428 90000625700000399 2.00202813925 44.289 -5.13779 39.4257
9.01614 90000625700000464 90000625700000463 90000625700000476 90000625700000462 4.17683491473 -0.75466 -6.07084 0.880022
9.05524 90000625700000463 90000625700000462 90000625700000476 90000625700000461 4.00794511147 0.844754 -5.24033 -0.703831
9.06939 90000625700000462 90000625700000461 90000625700000476 90000625700000460 3.93726108473 -0.0121731 -5.44408 -0.295109
9.09375 90000625700000461 90000625700000460 90000625700000476 90000625700000459 3.70877426464 -0.697104 -6.81871 2.30619
9.13871 90000625700000460 90000625700000459 90000625700000476 90000625700000458 3.49086136926 1.94656 -8.07499 1.5814
9.20464 90000625700000459 90000625700000458 90000625700000476 90000625700000457 3.28303305796 19.1539 -7.36708 4.44408
9.26365 90000625700000458 90000625700000457 90000625700000476 90000625700000456 3.08482263583 23.9896 -9.91154 -1.51643
9.72752 90000625700000457 90000625700000448 90000625700000476 90000625700000398 1.90408954353 28.3318 -7.54221 33.7418
9.08309 90000625700000570 90000625700000569 90000625700000577 90000625700000568 3.70877426464 20.9097 3.68246 -0.218338
9.09375 90000625700000569 90000625700000568 90000625700000577 90000625700000567 3.49086136926 19.0692 7.06629 0.715234
9.10926 90000625700000568 90000625700000567 90000625700000577 90000625700000566 3.28303305796 17.5555 0.202887 -1.304
9.16852 90000625700000567 90000625700000566 90000625700000577 90000625700000565 3.08482263583 12.2655 -1.48451 -1.18381
9.37181 90000625700000566 90000625700000564 90000625700000577 90000625700000563 2.89578500573 18.5657 2.03066 33.9828
9.0066 90000625700000611 90000625700000610 90000625700000635 90000625700000609 1.07445789455 18.6742 6.26433 4.33756
9.02239 90000625700000781 90000625700000780 90000625700000790 90000625700000779 5.22758097313 -3.13358 -1.15826 3.79454
9.03763 90000625700000780 90000625700000779 90000625700000790 90000625700000778 4.99593346816 -5.92761 -2.36316 2.96584
9.14108 90000625700000779 90000625700000778 90000625700000790 90000625700000777 4.93938066349 -20.121 -3.33096 -1.8376
9.18162 90000625700000778 90000625700000777 90000625700000790 90000625700000776 4.66451770247 -11.7312 -5.45834 -6.42148
9.40389 90000625700000777 90000625700000775 90000625700000790 90000625700000774 4.17683491473 -13.4434 -3.14548 -5.99145
9.46844 90000625700000775 90000625700000774 90000625700000790 90000625700000773 4.00794511147 -8.54737 -3.87461 1.29994
9.85763 90000625700000774 90000625700000771 90000625700000790 90000625700000770 3.49086136926 17.6226 7.21683 0.916616
9.89496 90000625700000771 90000625700000770 90000625700000790 90000625700000769 3.28303305796 17.1652 10.8095 -2.25975
9.95108 90000625700000770 90000625700000769 90000625700000790 90000625700000768 3.08482263583 11.9624 10.9545 -5.26839
10.0649 90000625700000769 90000625700000768 90000625700000790 90000625700000767 3.00813107163 4.14955 7.3884 -62.9361
10.0937 90000625700000768 90000625700000767 90000625700000790 90000625700000766 2.89578500573 -22.2917 11.224 -70.9472
10.1714 90000625700000767 90000625700000766 90000625700000790 90000625700000765 2.73314261732 17.3416 -7.23575 -44.7778
10.2361 90000625700000766 90000625700000764 90000625700000790 90000625700000763 2.44422570455 59.2099 -30.584 -20.2713
10.2865 90000625700000764 90000625700000763 90000625700000790 90000625700000762 2.31611074396 64.1993 -32.6247 -52.3917
10.3234 90000625700000763 90000625700000762 90000625700000790 90000625700000761 2.20792547238 85.8112 -36.3554 -59.8955
10.3493 90000625700000762 90000625700000761 90000625700000790 90000625700000760 2.1032696526 76.9248 -39.7048 -88.0625
10.3811 90000625700000761 90000625700000760 90000625700000790 90000625700000759 2.00202813925 93.8096 -39.304 -78.391
10.4071 90000625700000760 90000625700000759 90000625700000790 90000625700000758 1.90408954353 84.5064 -43.6628 -85.1613
10.4153 90000625700000759 90000625700000757 90000625700000790 90000625700000756 1.74357057433 68.001 -28.8255 -102.702
10.4259 90000625700000757 90000625700000756 90000625700000790 90000625700000755 1.66666955611 45.9047 -27.1652 -95.1427
10.5189 90000625700000756 90000625700000752 90000625700000790 90000625700000751 1.41409822037 30.5348 -28.1667 -140.244
10.5267 90000625700000752 90000625700000741 90000625700000790 90000625700000740 0.950531351585 -22.526 3.94851 -44.6618
10.5268 90000625700000741 90000625700000739 90000625700000790 90000625700000738 0.886896937575 -23.6061 -0.681121 -41.2777
10.5385 90000625700000739 90000625700000738 90000625700000790 90000625700000737 0.851470900625 -59.4179 24.3313 -24.831
10.5796 90000625700000738 90000625700000737 90000625700000790 90000625700000736 0.816709979012 -78.1462 30.2546 -38.4187
10.5866 90000625700000737 90000625700000735 90000625700000790 90000625700000734 0.757441372616 -67.2338 27.8619 -21.6434
10.5939 90000625700000735 90000625700000734 90000625700000790 90000625700000733 0.732636182022 -57.6588 19.1345 -32.0902
10.6158 90000625700000734 90000625700000733 90000625700000790 90000625700000732 0.700106353719 -54.38 16.5325 -38.0831
10.6215 90000625700000733 90000625700000732 90000625700000790 90000625700000731 0.676110411213 -55.995 16.4028 -22.5414
10.6326 90000625700000732 90000625700000731 90000625700000790 90000625700000730 0.644641840685 -42.7963 5.05334 -32.8663
10.6403 90000625700000731 90000625700000730 90000625700000790 90000625700000729 0.621428745243 -41.7671 5.663 -35.9821
10.6566 90000625700000730 90000625700000729 90000625700000790 90000625700000728 0.598543288188 -36.0844 -0.653492 -38.3975
10.6579 90000625700000729 90000625700000728 90000625700000790 90000625700000727 0.575980845108 -24.61 -1.45529 -38.6827
10.669 90000625700000728 90000625700000727 90000625700000790 90000625700000726 0.546392183141 -15.9922 -9.73213 -38.7551
10.6784 90000625700000727 90000625700000726 90000625700000790 90000625700000725 0.524565820434 -5.26164 -15.5102 -37.3004
10.6792 90000625700000726 90000625700000725 90000625700000790 90000625700000724 0.503047523245 1.1248 -18.7221 -26.1945
10.6815 90000625700000725 90000625700000724 90000625700000790 90000625700000723 0.481832943421 -1.32878 -21.0197 -29.0327
10.6918 90000625700000724 90000625700000723 90000625700000790 90000625700000722 0.460917794181 0.97438 -24.3744 -17.1347
10.7047 90000625700000723 90000625700000721 90000625700000790 90000625700000720 0.419968941997 3.4378 -23.4338 -5.95036
10.7228 90000625700000721 90000625700000720 90000625700000790 90000625700000719 0.399926964614 -27.1354 -8.29478 21.1868
10.7335 90000625700000720 90000625700000719 90000625700000790 90000625700000718 0.38016786726 -3.02486 -16.1466 16.3736
10.734 90000625700000719 90000625700000718 90000625700000790 90000625700000717 0.360687657262 -15.3131 -11.8469 16.3043
10.749 90000625700000718 90000625700000717 90000625700000790 90000625700000716 0.347853841858 -51.3271 -0.985725 35.9441
11.0648 90000625700000717 90000625700000705 90000625700000790 90000625700000704 0.152748768902 -341.088 81.5858 215.602
11.0679 90000625700000705 90000625700000704 90000625700000790 90000625700000010 0.14187620397 -333.236 77.9798 222.542
9.29124 90000625700000792 90000625700000791 90000625700000801 90000625700000775 4.42803373661 -17.4348 -7.27259 -9.23614
9.04945 90000625700000808 90000625700000807 90000625700000818 90000625700000806 4.66451770247 11.9248 0.618631 -16.7223
9.21072 90000625700000807 90000625700000806 90000625700000818 90000625700000805 4.42803373661 -5.69871 11.0904 -7.52137
9.23799 90000625700000806 90000625700000805 90000625700000818 90000625700000804 4.17683491473 -7.09574 9.59268 -8.89169
9.717 90000625700000805 90000625700000802 90000625700000818 90000625700000771 3.70877426464 23.4509 -8.03948 11.6088
9.04945 90000625700000837 90000625700000836 90000625700000851 90000625700000835 3.93726108473 3.33756 3.38109 -0.600418
9.07766 90000625700000936 90000625700000935 90000625700000947 90000625700000934 3.70877426464 8.19601 18.5368 10.8105
9.15273 90000625700000935 90000625700000933 90000625700000947 90000625700000932 3.28303305796 13.7875 16.7377 9.6328
9.15956 90000625700000933 90000625700000932 90000625700000947 90000625700000931 3.08482263583 5.20728 12.2297 7.8356
9.25648 90000625700000932 90000625700000931 90000625700000947 90000625700000930 3.00813107163 9.46111 6.62572 10.8555
9.34756 90000625700000931 90000625700000930 90000625700000947 90000625700000929 2.89578500573 16.0178 -0.523938 30.5814
9.02548 90000625700000984 90000625700000983 90000625700000996 90000625700000982 6.14490120342 4.07461 1.80132 -2.15893
9.10415 90000625700000983 90000625700000982 90000625700000996 90000625700000981 6.01075739884 5.36844 4.53145 9.48416
9.15956 90000625700000982 90000625700000981 90000625700000996 90000625700000980 5.84661374788 9.47749 3.84641 3.94351
9.20668 90000625700000981 90000625700000980 90000625700000996 90000625700000979 5.52976580795 6.62367 2.04608 1.14434
9.23229 90000625700000980 90000625700000979 90000625700000996 90000625700000978 5.22758097313 3.82093 0.390364 -0.1653
9.24733 90000625700000979 90000625700000976 90000625700000996 90000625700000975 4.66451770247 4.46867 2.88887 4.87107
9.35627 90000625700000976 90000625700000975 90000625700000996 90000625700000974 4.42803373661 3.36847 8.2212 20.395
9.36481 90000625700000975 90000625700000973 90000625700000996 90000625700000972 4.00794511147 1.57026 7.74281 16.043
9.40131 90000625700000973 90000625700000972 90000625700000996 90000625700000971 3.93726108473 -12.144 3.73166 20.9014
9.43015 90000625700000972 90000625700000970 90000625700000996 90000625700000969 3.49086136926 -2.53127 5.71022 18.6562
9.44797 90000625700000970 90000625700000969 90000625700000996 90000625700000968 3.28303305796 -0.945465 7.56784 21.1636
9.46955 90000625700000969 90000625700000968 90000625700000996 90000625700000967 3.08482263583 -1.7579 3.56089 22.1768
9.09637 90000625700001067 90000625700001066 90000625700001077 90000625700001065 4.00794511147 -16.4066 -6.80865 5.94186
9.1193 90000625700001066 90000625700001061 90000625700001077 90000625700001060 3.08482263583 -12.7325 -3.64637 0.0315451
9.14108 90000625700001061 90000625700001060 90000625700001077 90000625700001059 3.00813107163 -8.9568 -0.66772 0.345747
9.1573 90000625700001060 90000625700001057 90000625700001077 90000625700001056 2.5772902716 -2.77805 2.25571 -9.72522
9.18589 90000625700001057 90000625700001056 90000625700001077 90000625700001055 2.44422570455 -2.58734 -0.369421 -9.87257
9.18802 90000625700001056 90000625700001055 90000625700001077 90000625700001054 2.31611074396 0.242254 1.2896 -10.2934
9.02239 90000625700001132 90000625700001131 90000625700001143 90000625700001130 5.52976580795 -2.6842 0.0555144 -1.91533
9.07216 90000625700001131 90000625700001130 90000625700001143 90000625700001129 5.22758097313 -7.08385 2.42078 -4.14404
9.07766 90000625700001130 90000625700001128 90000625700001143 90000625700001127 4.93938066349 -6.37553 2.25344 -4.71218
9.09375 90000625700001128 90000625700001121 90000625700001143 90000625700001120 3.49086136926 -0.827079 -1.72324 2.69833
9.14344 90000625700001121 90000625700001120 90000625700001143 90000625700001119 3.28303305796 -3.34015 -1.75127 3.9142
9.18589 90000625700001120 90000625700001119 90000625700001143 90000625700001118 3.08482263583 -4.22505 1.3335 3.53784
9.2087 90000625700001119 90000625700001116 90000625700001143 90000625700001115 2.73314261732 -1.88468 -3.16751 4.94733
9.25284 90000625700001116 90000625700001115 90000625700001143 90000625700001114 2.5772902716 -3.2503 -1.83217 8.11276
9.25828 90000625700001115 90000625700001114 90000625700001143 90000625700001113 2.44422570455 -5.40172 -3.84052 13.0711
9.26543 90000625700001114 90000625700001111 90000625700001143 90000625700001110 2.1032696526 -5.38735 -0.241645 8.65243
9.2828 90000625700001111 90000625700001107 90000625700001143 90000625700001106 1.74357057433 -4.33191 1.84027 5.26579
9.32805 90000625700001107 90000625700001106 90000625700001143 90000625700001105 1.66666955611 -0.849563 -1.84875 9.27193
9.39081 90000625700001106 90000625700001104 90000625700001143 90000625700001103 1.53123902916 0.524086 -2.02488 5.39502
9.39214 90000625700001104 90000625700001103 90000625700001143 90000625700001102 1.47197484527 2.3078 11.8385 2.89815
9.58213 90000625700001103 90000625700001101 90000625700001143 90000625700001100 1.30237845991 -7.86262 -3.15148 -7.06317
9.66514 90000625700001101 90000625700001100 90000625700001143 90000625700001099 1.24847261425 -20.3533 -4.54777 -4.67892
9.77772 90000625700001100 90000625700001099 90000625700001143 90000625700001098 1.20625808078 -33.4364 12.4872 14.6642
9.78206 90000625700001099 90000625700001097 90000625700001143 90000625700001096 1.11415056377 -12.9755 22.5447 2.8596
9.04945 90000625700001196 90000625700001195 90000625700001209 90000625700001194 2.31611074396 10.5051 -17.2552 5.5265
9.17073 90000625700001195 90000625700001194 90000625700001209 90000625700001193 2.20792547238 9.05645 -7.49924 2.92098
9.18589 90000625700001194 90000625700001193 90000625700001209 90000625700001192 2.1032696526 9.29083 -7.42326 0.233517
9.22457 90000625700001193 90000625700001190 90000625700001209 90000625700001189 1.82268925262 5.36808 -8.42569 -0.970647
9.33111 90000625700001190 90000625700001189 90000625700001209 90000625700001188 1.74357057433 6.58727 7.70797 5.2245
9.33566 90000625700001189 90000625700001187 90000625700001209 90000625700001186 1.60423452207 13.0548 -2.49454 3.67022
9.0666 90000625700001431 90000625700001430 90000625700001453 90000625700001429 2.20792547238 -2.39066 -9.25453 -1.45528
9.0666 90000625700001430 90000625700001425 90000625700001453 90000625700001424 1.74357057433 5.69619 -9.80474 1.26995
9.07766 90000625700001425 90000625700001423 90000625700001453 90000625700001422 1.60423452207 5.74628 -8.25986 0.525129
9.80106 90000625700001463 90000625700001462 90000625700001463 90000625700001461 0.109869940459 -0.78732 17.1365 5.0694
9.82025 90000625700001462 90000625700001461 90000625700001463 90000625700001460 0.0994018026302 3.77795 15.7244 4.05631
9.86259 90000625700001461 90000625700001460 90000625700001463 90000625700001459 0.0838844307975 -3.97171 7.415 3.39282
