logMh | fpID | subhaloID | main leaf ID | descID |  z
9.17729 80000039000000107 80000039000000106 80000039000000109 80000039000000105 11.4973879548 -11.1615 -6.84184 -0.183461
9.49221 80000039000000106 80000039000000105 80000039000000109 80000039000000104 10.9190331982 -12.2839 5.07622 9.29295
9.65945 80000039000000105 80000039000000104 80000039000000109 80000039000000103 10.3674435724 -6.53745 9.77283 10.4873
9.7226 80000039000000104 80000039000000103 80000039000000109 80000039000000102 9.99659046619 -8.77092 14.9478 12.8735
9.74958 80000039000000103 80000039000000102 80000039000000109 80000039000000101 9.84138043947 1.16356 13.4646 9.76519
9.89288 80000039000000102 80000039000000101 80000039000000109 80000039000000100 9.38877127194 -14.816 22.7481 7.9338
9.93126 80000039000000101 80000039000000100 80000039000000109 80000039000000099 9.00233985416 -14.5362 9.89971 8.65711
9.95869 80000039000000100 80000039000000099 80000039000000109 80000039000000098 8.9079991856 -10.2649 3.80268 7.71999
10.0037 80000039000000099 80000039000000098 80000039000000109 80000039000000097 8.44947629437 -13.9699 4.25998 5.96627
10.1701 80000039000000098 80000039000000097 80000039000000109 80000039000000096 8.01217294887 -6.15507 13.3955 -2.89377
10.2193 80000039000000097 80000039000000096 80000039000000109 80000039000000095 7.59510714987 -2.42238 6.77197 0.984987
10.2937 80000039000000096 80000039000000095 80000039000000109 80000039000000094 7.23627606617 -6.82641 10.6763 1.2509
10.337 80000039000000095 80000039000000094 80000039000000109 80000039000000093 7.00541704554 -18.164 24.6279 1.96955
10.37 80000039000000094 80000039000000093 80000039000000109 80000039000000092 6.85511726265 -13.8993 16.328 -1.51589
10.4177 80000039000000093 80000039000000092 80000039000000109 80000039000000091 6.49159774567 -20.0764 25.8952 3.65532
10.4632 80000039000000092 80000039000000091 80000039000000109 80000039000000090 6.14490120342 -26.0762 28.0592 -3.46288
10.4968 80000039000000091 80000039000000090 80000039000000109 80000039000000089 6.01075739884 -25.5593 35.3755 -3.46127
10.5215 80000039000000090 80000039000000089 80000039000000109 80000039000000088 5.84661374788 -21.7074 37.7993 -3.97519
10.5632 80000039000000089 80000039000000088 80000039000000109 80000039000000087 5.52976580795 -33.5115 38.5752 -3.02875
10.5976 80000039000000088 80000039000000087 80000039000000109 80000039000000086 5.22758097313 -17.2901 9.16723 0.843908
10.6143 80000039000000087 80000039000000086 80000039000000109 80000039000000085 4.99593346816 -7.36686 19.5535 0.891892
10.633 80000039000000086 80000039000000085 80000039000000109 80000039000000084 4.93938066349 -6.08031 9.2796 3.21285
10.6986 80000039000000085 80000039000000084 80000039000000109 80000039000000083 4.66451770247 29.1265 24.9125 -23.1042
10.7269 80000039000000084 80000039000000083 80000039000000109 80000039000000082 4.42803373661 18.8791 46.4006 -38.5818
10.7901 80000039000000083 80000039000000082 80000039000000109 80000039000000081 4.17683491473 29.8809 35.5639 -38.8732
10.8207 80000039000000082 80000039000000081 80000039000000109 80000039000000080 4.00794511147 38.9617 35.5466 -32.5513
10.8257 80000039000000081 80000039000000080 80000039000000109 80000039000000079 3.93726108473 42.396 37.8979 -24.3105
10.8677 80000039000000080 80000039000000079 80000039000000109 80000039000000078 3.70877426464 47.6455 42.2351 -32.1188
10.9063 80000039000000079 80000039000000078 80000039000000109 80000039000000077 3.49086136926 60.5333 50.7063 -36.5656
10.9438 80000039000000078 80000039000000077 80000039000000109 80000039000000076 3.28303305796 90.7456 44.7583 -35.6456
10.9494 80000039000000077 80000039000000076 80000039000000109 80000039000000075 3.08482263583 78.6941 40.2517 -9.59646
10.9599 80000039000000076 80000039000000075 80000039000000109 80000039000000074 3.00813107163 80.6412 46.7293 -21.2341
10.9795 80000039000000075 80000039000000073 80000039000000109 80000039000000072 2.73314261732 103.48 36.1526 -11.8163
11.0143 80000039000000073 80000039000000072 80000039000000109 80000039000000071 2.5772902716 108.491 35.2192 -21.736
11.0446 80000039000000072 80000039000000071 80000039000000109 80000039000000070 2.44422570455 107.654 58.0716 -37.7949
11.0632 80000039000000071 80000039000000070 80000039000000109 80000039000000069 2.31611074396 105.92 98.5712 -48.4548
11.0777 80000039000000070 80000039000000069 80000039000000109 80000039000000068 2.20792547238 106.251 106.2 -76.7485
11.0834 80000039000000069 80000039000000068 80000039000000109 80000039000000067 2.1032696526 121.661 138.409 -93.695
11.1086 80000039000000068 80000039000000067 80000039000000109 80000039000000066 2.00202813925 139.133 132.84 -106.504
11.1246 80000039000000067 80000039000000066 80000039000000109 80000039000000065 1.90408954353 136.571 127.42 -93.8775
11.138 80000039000000066 80000039000000065 80000039000000109 80000039000000064 1.82268925262 128.699 107.983 -85.2307
11.1529 80000039000000065 80000039000000064 80000039000000109 80000039000000063 1.74357057433 135.827 109.521 -80.5624
11.1533 80000039000000064 80000039000000062 80000039000000109 80000039000000061 1.60423452207 129.94 112.532 -68.0611
11.1596 80000039000000062 80000039000000059 80000039000000109 80000039000000058 1.41409822037 147.17 102.824 -48.498
11.1628 80000039000000059 80000039000000058 80000039000000109 80000039000000057 1.3575766674 135.464 112.734 -54.5042
11.1725 80000039000000058 80000039000000057 80000039000000109 80000039000000056 1.30237845991 143.792 112.681 -42.9567
11.1832 80000039000000057 80000039000000056 80000039000000109 80000039000000055 1.24847261425 131.988 104.132 -54.687
11.1928 80000039000000056 80000039000000055 80000039000000109 80000039000000054 1.20625808078 128.342 115.705 -49.0809
11.2003 80000039000000055 80000039000000054 80000039000000109 80000039000000053 1.15460271236 121.651 108.334 -71.2685
11.2039 80000039000000054 80000039000000053 80000039000000109 80000039000000052 1.11415056377 124.5 111.999 -69.9528
11.2082 80000039000000053 80000039000000051 80000039000000109 80000039000000050 1.03551044566 116.756 118.052 -93.8203
11.2135 80000039000000051 80000039000000050 80000039000000109 80000039000000049 0.997294225782 123.179 117.307 -91.7376
11.2135 80000039000000050 80000039000000049 80000039000000109 80000039000000048 0.987852810816 128.512 119.525 -98.3267
11.2167 80000039000000049 80000039000000047 80000039000000109 80000039000000046 0.923000816178 130.742 127.205 -120.044
11.2228 80000039000000047 80000039000000046 80000039000000109 80000039000000045 0.886896937575 148.762 120.465 -110.284
11.2294 80000039000000046 80000039000000045 80000039000000109 80000039000000044 0.851470900625 154.947 122.482 -114.0
11.2333 80000039000000045 80000039000000044 80000039000000109 80000039000000043 0.816709979012 157.949 123.948 -114.945
11.2384 80000039000000044 80000039000000043 80000039000000109 80000039000000042 0.791068248946 159.723 125.474 -116.758
11.2405 80000039000000043 80000039000000042 80000039000000109 80000039000000041 0.757441372616 152.064 124.503 -111.085
11.2448 80000039000000042 80000039000000041 80000039000000109 80000039000000040 0.732636182022 155.965 133.547 -112.143
11.2516 80000039000000041 80000039000000040 80000039000000109 80000039000000039 0.700106353719 153.548 131.706 -109.281
11.2607 80000039000000040 80000039000000039 80000039000000109 80000039000000038 0.676110411213 193.345 131.029 -109.688
11.2671 80000039000000039 80000039000000038 80000039000000109 80000039000000037 0.644641840685 215.228 119.597 -103.123
11.2731 80000039000000038 80000039000000037 80000039000000109 80000039000000036 0.621428745243 208.043 132.181 -103.043
11.2809 80000039000000037 80000039000000036 80000039000000109 80000039000000035 0.598543288188 206.661 132.9 -100.87
11.3005 80000039000000036 80000039000000035 80000039000000109 80000039000000034 0.575980845108 234.858 173.868 -122.185
11.3251 80000039000000035 80000039000000034 80000039000000109 80000039000000033 0.546392183141 285.219 208.939 -144.536
11.3417 80000039000000034 80000039000000033 80000039000000109 80000039000000032 0.524565820434 272.962 287.709 -199.47
11.3562 80000039000000033 80000039000000032 80000039000000109 80000039000000031 0.503047523245 281.534 349.237 -206.651
11.3882 80000039000000032 80000039000000031 80000039000000109 80000039000000030 0.481832943421 293.644 469.688 -237.705
11.4117 80000039000000031 80000039000000030 80000039000000109 80000039000000029 0.460917794181 291.496 559.279 -247.299
11.4413 80000039000000030 80000039000000029 80000039000000109 80000039000000028 0.440297849248 266.615 662.878 -283.863
11.5282 80000039000000029 80000039000000028 80000039000000109 80000039000000027 0.419968941997 156.009 1021.24 -194.92
11.585 80000039000000028 80000039000000027 80000039000000109 80000039000000026 0.399926964614 114.76 1216.81 -66.4273
11.6214 80000039000000027 80000039000000026 80000039000000109 80000039000000025 0.38016786726 118.547 1230.25 -91.2437
11.6269 80000039000000026 80000039000000021 80000039000000109 80000039000000020 0.291583239722 132.284 1194.86 -89.7135
11.631 80000039000000021 80000039000000020 80000039000000109 80000039000000019 0.273353346578 129.656 1219.9 -67.8268
11.6458 80000039000000020 80000039000000019 80000039000000109 80000039000000018 0.261343256161 155.943 1229.48 -64.1497
11.6572 80000039000000019 80000039000000018 80000039000000109 80000039000000017 0.243540181555 155.66 1215.61 -64.151
11.6778 80000039000000018 80000039000000017 80000039000000109 80000039000000016 0.22598838626 151.596 1141.17 -82.4097
11.6807 80000039000000017 80000039000000006 80000039000000109 80000039000000005 0.0736613846564 24.5905 726.574 -41.1914
11.689 80000039000000006 80000039000000005 80000039000000109 80000039000000004 0.0585073227945 -22.5404 615.403 -38.6699
11.6938 80000039000000005 80000039000000003 80000039000000109 80000039000000002 0.0337243718735 -46.5448 582.086 -62.1428
11.7054 80000039000000003 80000039000000001 80000039000000109 80000039000000000 0.00952166696794 -103.175 449.249 -91.6397
9.0098 80000039000000168 80000039000000167 80000039000000173 80000039000000166 9.00233985416 3.51864 7.75637 -0.108291
9.03463 80000039000000167 80000039000000166 80000039000000173 80000039000000165 8.9079991856 0.743827 5.02949 -3.69517
9.08309 80000039000000209 80000039000000208 80000039000000213 80000039000000207 9.38877127194 9.48718 1.07939 -2.87554
9.09375 80000039000000208 80000039000000207 80000039000000213 80000039000000206 9.00233985416 7.60802 -0.0941982 -5.07504
9.10926 80000039000000207 80000039000000206 80000039000000213 80000039000000205 8.9079991856 8.2401 2.38014 -4.19903
9.18802 80000039000000206 80000039000000205 80000039000000213 80000039000000204 8.44947629437 5.28585 2.55041 -3.46037
9.22845 80000039000000205 80000039000000204 80000039000000213 80000039000000203 8.01217294887 1.51741 2.31052 -4.22708
9.04653 80000039000000252 80000039000000251 80000039000000261 80000039000000250 6.14490120342 9.03591 -3.97039 -0.126265
9.07766 80000039000000251 80000039000000250 80000039000000261 80000039000000249 6.01075739884 11.7582 0.457239 -2.14551
9.12424 80000039000000250 80000039000000248 80000039000000261 80000039000000247 5.52976580795 7.65686 3.66025 0.00287549
9.22262 80000039000000248 80000039000000247 80000039000000261 80000039000000246 5.22758097313 2.88257 3.95214 9.07617
9.09375 80000039000000294 80000039000000293 80000039000000298 80000039000000292 6.85511726265 4.05142 -11.6194 -4.06453
9.19013 80000039000000361 80000039000000360 80000039000000370 80000039000000359 7.23627606617 -5.37995 17.585 -3.67048
9.32497 80000039000000360 80000039000000359 80000039000000370 80000039000000358 7.00541704554 -14.8922 20.839 -6.73022
9.43974 80000039000000359 80000039000000357 80000039000000370 80000039000000356 6.49159774567 -30.312 3.82554 -0.384489
9.54278 80000039000000357 80000039000000356 80000039000000370 80000039000000355 6.14490120342 -18.2582 2.37164 -2.33916
9.56735 80000039000000356 80000039000000353 80000039000000370 80000039000000352 5.52976580795 -12.5372 -10.2231 0.559803
9.60946 80000039000000353 80000039000000352 80000039000000370 80000039000000351 5.22758097313 -11.4399 -24.361 0.0171785
9.71887 80000039000000352 80000039000000351 80000039000000370 80000039000000350 4.99593346816 -18.9604 -49.3305 8.53492
9.00337 80000039000000411 80000039000000410 80000039000000421 80000039000000409 7.00541704554 -7.83251 -2.65574 1.88653
9.04358 80000039000000499 80000039000000498 80000039000000502 80000039000000497 5.22758097313 3.37175 -1.81644 7.61763
9.08309 80000039000000498 80000039000000494 80000039000000502 80000039000000493 4.42803373661 10.9515 -2.68677 3.05085
9.11681 80000039000000494 80000039000000493 80000039000000502 80000039000000492 4.17683491473 11.3523 -2.38462 2.62521
9.11681 80000039000000493 80000039000000492 80000039000000502 80000039000000491 4.00794511147 14.0072 -3.87925 -1.52364
9.07216 80000039000000594 80000039000000593 80000039000000604 80000039000000592 4.66451770247 1.14969 -4.756 3.80807
9.13154 80000039000000593 80000039000000592 80000039000000604 80000039000000591 4.42803373661 -2.51768 -7.5503 0.723292
9.17293 80000039000000592 80000039000000591 80000039000000604 80000039000000590 4.17683491473 0.043688 -4.89237 3.38323
9.19013 80000039000000591 80000039000000588 80000039000000604 80000039000000587 3.70877426464 -0.116439 -2.04529 8.2072
9.26543 80000039000000588 80000039000000586 80000039000000604 80000039000000585 3.28303305796 -7.35071 11.334 31.6626
9.06096 80000039000000759 80000039000000758 80000039000000765 80000039000000757 8.44947629437 3.94722 5.00998 3.77956
9.07766 80000039000000758 80000039000000756 80000039000000765 80000039000000755 7.59510714987 3.77716 0.649215 8.66583
9.1193 80000039000000756 80000039000000755 80000039000000765 80000039000000754 7.23627606617 0.545109 -0.580473 8.42192
9.13871 80000039000000755 80000039000000754 80000039000000765 80000039000000753 7.00541704554 6.31468 3.22094 5.66767
9.19223 80000039000000754 80000039000000753 80000039000000765 80000039000000752 6.85511726265 -2.10472 -0.665835 4.32315
9.25828 80000039000000753 80000039000000751 80000039000000765 80000039000000750 6.14490120342 -2.79454 4.80729 1.88984
9.34313 80000039000000751 80000039000000750 80000039000000765 80000039000000749 6.01075739884 0.239245 15.0104 -9.25821
9.43737 80000039000000750 80000039000000748 80000039000000765 80000039000000747 5.52976580795 7.09772 19.4822 -19.2402
9.56557 80000039000000748 80000039000000747 80000039000000765 80000039000000746 5.22758097313 8.23839 22.7852 -22.5559
9.59807 80000039000000747 80000039000000746 80000039000000765 80000039000000745 4.99593346816 7.13369 26.6959 -16.2715
9.63138 80000039000000746 80000039000000745 80000039000000765 80000039000000744 4.93938066349 8.31048 24.1062 -11.7842
9.67422 80000039000000745 80000039000000744 80000039000000765 80000039000000743 4.66451770247 6.29103 18.9142 -10.5421
9.69515 80000039000000744 80000039000000742 80000039000000765 80000039000000741 4.17683491473 1.59738 14.8163 -11.146
9.70234 80000039000000742 80000039000000741 80000039000000765 80000039000000740 4.00794511147 8.88529 19.2185 -16.1864
9.717 80000039000000741 80000039000000740 80000039000000765 80000039000000739 3.93726108473 8.10543 15.6554 -15.7943
9.7366 80000039000000740 80000039000000739 80000039000000765 80000039000000738 3.70877426464 4.66963 13.4664 -7.96385
9.75765 80000039000000739 80000039000000738 80000039000000765 80000039000000737 3.49086136926 6.23368 15.9831 -11.2028
9.80568 80000039000000738 80000039000000737 80000039000000765 80000039000000736 3.28303305796 5.70977 10.7587 -7.57411
9.83721 80000039000000737 80000039000000736 80000039000000765 80000039000000735 3.08482263583 10.7991 12.1894 -0.948129
9.85353 80000039000000736 80000039000000735 80000039000000765 80000039000000734 3.00813107163 11.6007 12.2442 -1.0683
9.87626 80000039000000735 80000039000000734 80000039000000765 80000039000000733 2.89578500573 14.4465 7.55948 -1.96227
9.90198 80000039000000734 80000039000000732 80000039000000765 80000039000000731 2.5772902716 9.65451 11.6567 1.67248
9.04653 80000039000001360 80000039000001359 80000039000001378 80000039000001358 3.49086136926 -5.66239 14.9906 -11.8687
9.06096 80000039000001359 80000039000001357 80000039000001378 80000039000001356 3.08482263583 -1.78204 16.5862 -14.3266
9.12668 80000039000001357 80000039000001356 80000039000001378 80000039000001355 3.00813107163 2.24604 20.5881 -13.2203
9.14108 80000039000001356 80000039000001355 80000039000001378 80000039000001354 2.89578500573 -3.80221 18.234 -15.3403
9.18162 80000039000001507 80000039000001506 80000039000001513 80000039000001505 8.9079991856 -0.0486531 1.58967 0.0297322
9.30278 80000039000001506 80000039000001505 80000039000001513 80000039000001504 8.44947629437 2.92624 1.02234 -0.969004
9.40389 80000039000001505 80000039000001504 80000039000001513 80000039000001503 8.01217294887 1.05961 1.72894 -4.93339
9.49116 80000039000001504 80000039000001503 80000039000001513 80000039000001502 7.59510714987 5.06357 -0.502802 -6.22754
9.49116 80000039000001503 80000039000001502 80000039000001513 80000039000001501 7.23627606617 4.60817 -1.26678 -4.45979
9.57869 80000039000001502 80000039000001501 80000039000001513 80000039000001500 7.00541704554 2.50951 -5.67892 -9.82499
9.58383 80000039000001501 80000039000001500 80000039000001513 80000039000001499 6.85511726265 0.433626 -10.1293 -17.395
9.63744 80000039000001500 80000039000001499 80000039000001513 80000039000001498 6.49159774567 4.45953 -8.015 -13.3577
9.89078 80000039000001499 80000039000001496 80000039000001513 80000039000001495 5.84661374788 13.2349 11.9128 9.08774
10.0165 80000039000001496 80000039000001495 80000039000001513 80000039000001494 5.52976580795 29.3433 23.1694 21.7064
10.099 80000039000001495 80000039000001494 80000039000001513 80000039000001493 5.22758097313 21.6247 24.4111 17.7552
10.1306 80000039000001494 80000039000001493 80000039000001513 80000039000001492 4.99593346816 21.3834 21.2528 12.5103
10.1539 80000039000001493 80000039000001492 80000039000001513 80000039000001491 4.93938066349 20.256 21.707 14.6005
10.2344 80000039000001492 80000039000001491 80000039000001513 80000039000001490 4.66451770247 18.2782 26.5178 24.0041
10.2957 80000039000001491 80000039000001490 80000039000001513 80000039000001489 4.42803373661 23.6592 20.8706 41.2006
10.3583 80000039000001490 80000039000001489 80000039000001513 80000039000001488 4.17683491473 33.3025 3.05337 57.4315
10.3852 80000039000001489 80000039000001488 80000039000001513 80000039000001487 4.00794511147 15.2099 19.4783 48.3752
10.3853 80000039000001488 80000039000001487 80000039000001513 80000039000001486 3.93726108473 18.5939 20.609 43.2684
10.4625 80000039000001487 80000039000001486 80000039000001513 80000039000001485 3.70877426464 -3.42189 29.1203 19.7031
10.5178 80000039000001486 80000039000001485 80000039000001513 80000039000001484 3.49086136926 -15.4802 55.6456 -7.28401
10.5857 80000039000001485 80000039000001484 80000039000001513 80000039000001483 3.28303305796 -31.1741 76.7223 -23.7477
10.6079 80000039000001484 80000039000001483 80000039000001513 80000039000001482 3.08482263583 -49.8459 79.1062 -31.5941
10.6326 80000039000001483 80000039000001482 80000039000001513 80000039000001481 3.00813107163 -33.2036 78.7558 -44.0808
10.6545 80000039000001482 80000039000001481 80000039000001513 80000039000001480 2.89578500573 -24.6918 91.6733 -27.7968
10.6791 80000039000001481 80000039000001480 80000039000001513 80000039000001479 2.73314261732 -8.71671 95.4084 -14.3356
10.7088 80000039000001480 80000039000001477 80000039000001513 80000039000001476 2.31611074396 -13.6921 87.4751 8.23727
10.718 80000039000001477 80000039000001476 80000039000001513 80000039000001475 2.20792547238 -15.3061 73.0467 25.8756
10.7389 80000039000001476 80000039000001475 80000039000001513 80000039000001474 2.1032696526 -33.9795 73.6651 9.84678
10.7772 80000039000001475 80000039000001474 80000039000001513 80000039000001473 2.00202813925 -35.355 69.1622 10.6339
10.8383 80000039000001474 80000039000001473 80000039000001513 80000039000001472 1.90408954353 -113.909 87.0186 5.80885
10.9234 80000039000001473 80000039000001472 80000039000001513 80000039000001471 1.82268925262 -304.39 68.1873 61.3358
11.0433 80000039000001472 80000039000001471 80000039000001513 80000039000001470 1.74357057433 -527.59 34.5584 127.118
11.1246 80000039000001471 80000039000001469 80000039000001513 80000039000001468 1.60423452207 -512.347 44.9327 161.049
11.1277 80000039000001469 80000039000001468 80000039000001513 80000039000001467 1.53123902916 -502.382 43.867 144.009
11.128 80000039000001468 80000039000001467 80000039000001513 80000039000001466 1.47197484527 -514.51 57.6301 144.667
11.1507 80000039000001467 80000039000001466 80000039000001513 80000039000001465 1.41409822037 -509.579 61.1836 163.796
11.1886 80000039000001466 80000039000001464 80000039000001513 80000039000001463 1.30237845991 -507.462 24.1273 117.835
11.1934 80000039000001464 80000039000001449 80000039000001513 80000039000001448 0.757441372616 -529.453 96.4254 99.5063
11.1974 80000039000001449 80000039000001448 80000039000001513 80000039000001447 0.732636182022 -533.045 98.7836 107.145
11.2057 80000039000001448 80000039000001447 80000039000001513 80000039000001446 0.700106353719 -507.231 102.123 111.923
11.2169 80000039000001447 80000039000001446 80000039000001513 80000039000001445 0.676110411213 -524.385 109.002 112.979
11.2278 80000039000001446 80000039000001445 80000039000001513 80000039000001444 0.644641840685 -519.404 107.358 121.928
11.2325 80000039000001445 80000039000001444 80000039000001513 80000039000001443 0.621428745243 -520.172 127.91 128.981
11.2351 80000039000001444 80000039000001443 80000039000001513 80000039000001442 0.598543288188 -510.733 146.082 132.173
9.03463 80000039000001554 80000039000001553 80000039000001561 80000039000001552 9.00233985416 -4.37411 1.37881 -1.93466
9.03463 80000039000001553 80000039000001552 80000039000001561 80000039000001551 8.9079991856 -4.49751 0.634388 -1.8806
9.12668 80000039000001552 80000039000001551 80000039000001561 80000039000001550 8.44947629437 -3.46523 1.21766 -3.9107
9.19013 80000039000001551 80000039000001550 80000039000001561 80000039000001549 8.01217294887 -5.10228 1.2739 -5.12668
9.25466 80000039000001550 80000039000001549 80000039000001561 80000039000001548 7.59510714987 -5.81715 3.2692 -3.44826
9.36481 80000039000001549 80000039000001548 80000039000001561 80000039000001547 7.23627606617 -8.31389 6.92922 0.912964
9.37319 80000039000001548 80000039000001546 80000039000001561 80000039000001545 6.85511726265 -12.3385 6.29751 1.12948
9.41408 80000039000001546 80000039000001545 80000039000001561 80000039000001544 6.49159774567 -13.4954 3.09582 -2.90349
9.65658 80000039000001545 80000039000001544 80000039000001561 80000039000001543 6.14490120342 5.32087 19.542 16.7704
9.72507 80000039000001544 80000039000001543 80000039000001561 80000039000001542 6.01075739884 0.241039 22.7579 20.6011
9.08309 80000039000001577 80000039000001576 80000039000001584 80000039000001575 5.84661374788 4.49335 10.4385 0.835223
9.08845 80000039000001576 80000039000001575 80000039000001584 80000039000001574 5.52976580795 5.78619 6.9396 3.72614
9.07766 80000039000001667 80000039000001666 80000039000001675 80000039000001665 6.49159774567 -0.666864 3.38981 -12.8632
9.21869 80000039000001666 80000039000001662 80000039000001675 80000039000001661 5.52976580795 0.981269 -0.345775 -18.74
9.23799 80000039000001662 80000039000001661 80000039000001675 80000039000001660 5.22758097313 3.23839 -2.0109 -23.4516
9.26543 80000039000001661 80000039000001660 80000039000001675 80000039000001659 4.99593346816 2.69367 -2.4671 -23.2087
9.27072 80000039000001660 80000039000001659 80000039000001675 80000039000001658 4.93938066349 7.7649 2.05124 -28.292
9.2862 80000039000001659 80000039000001658 80000039000001675 80000039000001657 4.66451770247 7.08259 2.39781 -11.473
9.49744 80000039000001658 80000039000001657 80000039000001675 80000039000001656 4.42803373661 8.7806 -15.9061 -9.73957
9.68108 80000039000001657 80000039000001656 80000039000001675 80000039000001655 4.17683491473 8.90701 -30.9065 -4.64148
9.0066 80000039000001697 80000039000001696 80000039000001705 80000039000001695 7.23627606617 1.40163 -1.55318 1.3947
9.06096 80000039000001696 80000039000001692 80000039000001705 80000039000001691 6.14490120342 -1.02861 -1.22931 -6.61174
9.0666 80000039000001692 80000039000001690 80000039000001705 80000039000001689 5.84661374788 -2.45386 -3.89695 -4.74369
9.06939 80000039000001690 80000039000001689 80000039000001705 80000039000001688 5.52976580795 -1.98506 -1.95754 -7.72323
9.06939 80000039000001689 80000039000001686 80000039000001705 80000039000001685 4.93938066349 -1.53929 -0.23105 -5.43733
9.1573 80000039000001741 80000039000001740 80000039000001750 80000039000001739 4.00794511147 -21.4746 -3.7995 -9.06759
9.42771 80000039000001740 80000039000001739 80000039000001750 80000039000001738 3.93726108473 -44.0977 -10.8053 29.643
9.46172 80000039000001739 80000039000001738 80000039000001750 80000039000001737 3.70877426464 -41.2213 -12.4629 26.5714
9.0066 80000039000002052 80000039000002051 80000039000002062 80000039000002050 7.23627606617 3.34392 -0.72834 -6.44111
9.09637 80000039000002051 80000039000002050 80000039000002062 80000039000002049 7.00541704554 -14.431 0.694941 -9.44301
9.12178 80000039000002050 80000039000002049 80000039000002062 80000039000002048 6.85511726265 -11.9724 3.53942 -8.97961
9.22457 80000039000002049 80000039000002048 80000039000002062 80000039000002047 6.49159774567 3.344 3.22411 -12.5871
9.56021 80000039000002048 80000039000002046 80000039000002062 80000039000002045 6.01075739884 -8.52497 -9.78445 7.49107
9.62212 80000039000002046 80000039000002045 80000039000002062 80000039000002044 5.84661374788 -3.61234 -7.87535 4.31605
9.84754 80000039000002045 80000039000002044 80000039000002062 80000039000002043 5.52976580795 -2.93407 4.74279 12.7626
9.97039 80000039000002044 80000039000002043 80000039000002062 80000039000002042 5.22758097313 -1.89348 -3.12352 6.14301
10.0328 80000039000002043 80000039000002042 80000039000002062 80000039000002041 4.99593346816 -4.27844 -9.64407 9.41824
10.1701 80000039000002042 80000039000002040 80000039000002062 80000039000002039 4.66451770247 -8.64446 -51.9976 -18.7136
10.1749 80000039000002040 80000039000002039 80000039000002062 80000039000002038 4.42803373661 13.6949 -26.4039 9.0388
10.2214 80000039000002039 80000039000002038 80000039000002062 80000039000002037 4.17683491473 11.4909 -30.5397 -2.08124
10.2253 80000039000002038 80000039000002033 80000039000002062 80000039000002032 3.28303305796 -24.4738 -16.0137 -7.97426
10.2665 80000039000002033 80000039000002032 80000039000002062 80000039000002031 3.08482263583 -45.7947 -30.2752 -20.0929
10.2697 80000039000002032 80000039000002031 80000039000002062 80000039000002030 3.00813107163 -39.4423 -38.282 -19.8591
10.2946 80000039000002031 80000039000002030 80000039000002062 80000039000002029 2.89578500573 -41.7849 -32.416 -16.1852
10.3442 80000039000002030 80000039000002029 80000039000002062 80000039000002028 2.73314261732 -26.7667 -27.9281 -20.8155
10.4048 80000039000002029 80000039000002028 80000039000002062 80000039000002027 2.5772902716 -10.6716 -30.8687 -9.28323
10.4723 80000039000002028 80000039000002027 80000039000002062 80000039000002026 2.44422570455 2.42069 -4.91981 4.52756
10.5551 80000039000002027 80000039000002026 80000039000002062 80000039000002025 2.31611074396 -8.9826 6.08833 86.6022
10.6096 80000039000002026 80000039000002025 80000039000002062 80000039000002024 2.20792547238 -8.88065 3.9801 58.5097
10.6591 80000039000002025 80000039000002024 80000039000002062 80000039000002023 2.1032696526 -11.6783 10.4452 33.7511
11.0899 80000039000002024 80000039000002019 80000039000002062 80000039000002018 1.66666955611 -563.21 30.8636 167.522
11.1595 80000039000002019 80000039000002014 80000039000002062 80000039000002013 1.3575766674 -541.32 36.8766 142.719
9.11431 80000039000002086 80000039000002085 80000039000002089 80000039000002084 8.01217294887 4.92813 17.8928 1.65106
9.20668 80000039000002085 80000039000002084 80000039000002089 80000039000002083 7.59510714987 1.87558 18.389 3.73603
9.30278 80000039000002084 80000039000002083 80000039000002089 80000039000002082 7.23627606617 5.1001 12.7897 -0.601677
9.32342 80000039000002083 80000039000002082 80000039000002089 80000039000002081 7.00541704554 5.33203 10.5867 -1.20791
9.3634 80000039000002082 80000039000002081 80000039000002089 80000039000002080 6.85511726265 3.27096 12.9712 -0.101617
9.54185 80000039000002081 80000039000002079 80000039000002089 80000039000002078 6.14490120342 -2.77285 8.56699 -1.14187
9.0098 80000039000002127 80000039000002126 80000039000002135 80000039000002125 7.59510714987 5.74277 -3.66112 -2.64864
9.04358 80000039000002126 80000039000002124 80000039000002135 80000039000002123 7.00541704554 3.71031 -2.6877 0.920188
9.05811 80000039000002124 80000039000002123 80000039000002135 80000039000002122 6.85511726265 6.39562 -2.59805 1.5923
9.09111 80000039000002123 80000039000002122 80000039000002135 80000039000002121 6.49159774567 2.58535 -4.28031 -1.36738
9.00337 80000039000002210 80000039000002209 80000039000002217 80000039000002208 5.22758097313 5.85595 4.99474 -8.77359
9.05235 80000039000002209 80000039000002208 80000039000002217 80000039000002207 4.99593346816 4.66514 6.56248 -12.9332
9.20668 80000039000002208 80000039000002205 80000039000002217 80000039000002204 4.42803373661 -8.04373 -16.4813 -21.2923
9.20668 80000039000002205 80000039000002204 80000039000002217 80000039000002203 4.17683491473 -5.32186 -23.1133 -23.3044
9.03463 80000039000002257 80000039000002256 80000039000002264 80000039000002255 7.23627606617 -4.1853 -1.52933 -5.34378
9.03463 80000039000002256 80000039000002255 80000039000002264 80000039000002254 7.00541704554 -2.45556 -1.13429 -5.12656
9.16852 80000039000002255 80000039000002254 80000039000002264 80000039000002253 6.85511726265 3.55064 0.328419 -5.32495
9.19433 80000039000002254 80000039000002253 80000039000002264 80000039000002252 6.49159774567 1.82105 0.267411 -5.216
9.23229 80000039000002253 80000039000002252 80000039000002264 80000039000002251 6.14490120342 2.14408 0.259473 -6.90174
9.25284 80000039000002252 80000039000002251 80000039000002264 80000039000002250 6.01075739884 -0.160494 -0.603507 -6.74387
9.29787 80000039000002251 80000039000002250 80000039000002264 80000039000002249 5.84661374788 -0.36415 -1.47024 -6.08409
9.47832 80000039000002250 80000039000002249 80000039000002264 80000039000002248 5.52976580795 19.9678 7.55247 -4.11873
9.5761 80000039000002249 80000039000002248 80000039000002264 80000039000002247 5.22758097313 10.0369 7.4657 -5.08959
9.61663 80000039000002248 80000039000002247 80000039000002264 80000039000002246 4.99593346816 10.7116 4.65948 -7.93344
9.68108 80000039000002247 80000039000002245 80000039000002264 80000039000002244 4.66451770247 9.14054 7.29189 -10.1947
9.6925 80000039000002245 80000039000002244 80000039000002264 80000039000002243 4.42803373661 9.66821 4.85184 -8.60793
9.69317 80000039000002244 80000039000002243 80000039000002264 80000039000002242 4.17683491473 18.1395 4.43035 -7.56668
9.79324 80000039000002243 80000039000002237 80000039000002264 80000039000002236 3.08482263583 5.89519 -8.63364 42.8967
9.92934 80000039000002237 80000039000002236 80000039000002264 80000039000002235 3.00813107163 17.7379 -6.59104 72.0944
9.20464 80000039000002329 80000039000002328 80000039000002331 80000039000002327 3.00813107163 -30.203 -8.55706 23.4969
9.05811 80000039000002412 80000039000002411 80000039000002416 80000039000002410 9.99659046619 -0.860409 1.40156 1.80198
9.1193 80000039000002411 80000039000002410 80000039000002416 80000039000002409 9.84138043947 -4.37767 1.99306 4.98285
9.16407 80000039000002410 80000039000002409 80000039000002416 80000039000002408 9.38877127194 -3.7098 1.30673 6.57866
9.18589 80000039000002409 80000039000002408 80000039000002416 80000039000002407 9.00233985416 -3.63484 -1.29071 4.52601
9.25284 80000039000002408 80000039000002406 80000039000002416 80000039000002405 8.44947629437 -1.16049 0.308542 6.46724
9.32805 80000039000002406 80000039000002405 80000039000002416 80000039000002404 8.01217294887 -0.643914 -1.05574 5.8568
9.33716 80000039000002405 80000039000002404 80000039000002416 80000039000002403 7.59510714987 0.599753 1.43156 5.3733
9.43497 80000039000002404 80000039000002403 80000039000002416 80000039000002402 7.23627606617 3.80556 0.825122 9.33331
9.44329 80000039000002403 80000039000002400 80000039000002416 80000039000002399 6.49159774567 -2.37243 -5.38076 6.8678
9.47724 80000039000002400 80000039000002399 80000039000002416 80000039000002398 6.14490120342 -3.27792 0.267942 5.0449
9.49221 80000039000002399 80000039000002398 80000039000002416 80000039000002397 6.01075739884 0.944316 -1.80738 4.22886
9.55478 80000039000002398 80000039000002396 80000039000002416 80000039000002395 5.52976580795 -1.79482 0.670622 8.2692
9.60299 80000039000002396 80000039000002395 80000039000002416 80000039000002394 5.22758097313 -0.167661 2.0248 6.538
9.64416 80000039000002395 80000039000002394 80000039000002416 80000039000002393 4.99593346816 -1.44834 4.15278 8.13019
9.68851 80000039000002394 80000039000002392 80000039000002416 80000039000002391 4.66451770247 -3.129 6.86603 7.79588
9.6925 80000039000002392 80000039000002391 80000039000002416 80000039000002390 4.42803373661 -7.34943 2.86185 8.83168
9.72996 80000039000002391 80000039000002390 80000039000002416 80000039000002389 4.17683491473 -10.2086 11.7264 11.5304
9.79951 80000039000002390 80000039000002389 80000039000002416 80000039000002388 4.00794511147 -10.6959 17.8863 24.0766
9.82954 80000039000002389 80000039000002388 80000039000002416 80000039000002387 3.93726108473 -11.25 22.9611 27.6843
9.86124 80000039000002388 80000039000002387 80000039000002416 80000039000002386 3.70877426464 -9.02453 10.8851 35.8252
9.87014 80000039000002387 80000039000002385 80000039000002416 80000039000002384 3.28303305796 -8.48311 1.1432 33.4721
9.12912 80000039000002988 80000039000002987 80000039000003021 80000039000002986 0.997294225782 -30.018 25.042 -29.337
