logMh | fpID | subhaloID | main leaf ID | descID |  z
9.00012 60000016100015314 60000016100015313 60000016100015317 60000016100015312 14.0339921445 0.90128 3.89224 -0.113671
9.12668 60000016100015313 60000016100015312 60000016100015317 60000016100015311 13.3382482898 0.305993 4.44876 -3.12361
9.29951 60000016100015312 60000016100015311 60000016100015317 60000016100015310 12.6747021048 5.60096 4.3848 -0.430236
9.4026 60000016100015311 60000016100015310 60000016100015317 60000016100015309 12.0418635439 7.67003 2.47731 -0.250838
9.45833 60000016100015310 60000016100015309 60000016100015317 60000016100015308 11.4973879548 8.8591 3.6 1.90727
9.51175 60000016100015309 60000016100015308 60000016100015317 60000016100015307 10.9190331982 9.24619 3.52221 2.52929
9.78314 60000016100015308 60000016100015307 60000016100015317 60000016100015306 10.3674435724 2.95775 -18.9025 -4.12716
9.96155 60000016100015307 60000016100015306 60000016100015317 60000016100015305 9.99659046619 6.34429 -24.3885 -4.9336
10.1264 60000016100015306 60000016100015304 60000016100015317 60000016100015303 9.38877127194 6.554 -7.53859 -32.0329
10.2057 60000016100015304 60000016100015303 60000016100015317 60000016100015302 9.00233985416 -10.1026 -16.8224 -38.3803
10.2177 60000016100015303 60000016100015302 60000016100015317 60000016100015301 8.9079991856 -6.62573 -11.6769 -41.0749
10.2889 60000016100015302 60000016100015301 60000016100015317 60000016100015300 8.44947629437 -9.24999 -13.6399 -39.2971
10.3568 60000016100015301 60000016100015300 60000016100015317 60000016100015299 8.01217294887 1.08597 -3.97003 -39.7893
10.4203 60000016100015300 60000016100015299 60000016100015317 60000016100015298 7.59510714987 -5.9039 -10.8068 -41.8051
10.4869 60000016100015299 60000016100015298 60000016100015317 60000016100015297 7.23627606617 -17.2803 -23.2414 -48.8429
10.5126 60000016100015298 60000016100015297 60000016100015317 60000016100015296 7.00541704554 -14.891 -20.8047 -50.2301
10.524 60000016100015297 60000016100015296 60000016100015317 60000016100015295 6.85511726265 -15.9184 -16.4773 -62.624
10.5776 60000016100015296 60000016100015295 60000016100015317 60000016100015294 6.49159774567 -19.1829 -25.4684 -66.7803
10.628 60000016100015295 60000016100015294 60000016100015317 60000016100015293 6.14490120342 -5.46895 -11.7308 -52.1442
10.6587 60000016100015294 60000016100015293 60000016100015317 60000016100015292 6.01075739884 -7.4235 -18.2196 -53.1328
10.7122 60000016100015293 60000016100015292 60000016100015317 60000016100015291 5.84661374788 -6.54034 17.9749 -79.5928
10.7564 60000016100015292 60000016100015291 60000016100015317 60000016100015290 5.52976580795 4.00344 37.6126 -99.3917
10.7984 60000016100015291 60000016100015290 60000016100015317 60000016100015289 5.22758097313 1.68869 36.4437 -69.5104
10.8362 60000016100015290 60000016100015289 60000016100015317 60000016100015288 4.99593346816 -6.06209 44.7101 -103.905
10.8438 60000016100015289 60000016100015288 60000016100015317 60000016100015287 4.93938066349 -2.92773 46.0331 -106.401
10.9061 60000016100015288 60000016100015287 60000016100015317 60000016100015286 4.66451770247 -10.983 47.7987 -170.223
10.9247 60000016100015287 60000016100015286 60000016100015317 60000016100015285 4.42803373661 3.68649 46.1496 -192.729
10.9573 60000016100015286 60000016100015285 60000016100015317 60000016100015284 4.17683491473 20.0597 39.0095 -175.935
10.9679 60000016100015285 60000016100015284 60000016100015317 60000016100015283 4.00794511147 16.5876 26.3237 -165.766
10.9743 60000016100015284 60000016100015283 60000016100015317 60000016100015282 3.93726108473 17.274 20.1665 -170.118
10.9869 60000016100015283 60000016100015282 60000016100015317 60000016100015281 3.70877426464 16.0138 22.6136 -172.074
11.0176 60000016100015282 60000016100015281 60000016100015317 60000016100015280 3.49086136926 22.6602 34.1989 -179.687
11.0277 60000016100015281 60000016100015280 60000016100015317 60000016100015279 3.28303305796 25.7685 21.9499 -153.382
11.028 60000016100015280 60000016100015279 60000016100015317 60000016100015278 3.08482263583 53.9676 24.3738 -144.454
11.553 60000016100015279 60000016100015273 60000016100015317 60000016100015272 2.31611074396 387.475 454.125 -919.893
11.7786 60000016100015273 60000016100015269 60000016100015317 60000016100015268 1.90408954353 626.062 805.873 -848.418
11.8316 60000016100015269 60000016100015267 60000016100015317 60000016100015266 1.74357057433 331.155 705.073 -829.066
11.874 60000016100015267 60000016100015266 60000016100015317 60000016100015265 1.66666955611 317.058 681.178 -800.677
11.8924 60000016100015266 60000016100015265 60000016100015317 60000016100015264 1.60423452207 292.09 611.734 -741.427
11.9022 60000016100015265 60000016100015264 60000016100015317 60000016100015263 1.53123902916 192.306 587.05 -730.041
11.9081 60000016100015264 60000016100015263 60000016100015317 60000016100015262 1.47197484527 172.966 561.976 -773.435
11.914 60000016100015263 60000016100015262 60000016100015317 60000016100015261 1.41409822037 145.439 534.547 -752.995
11.9232 60000016100015262 60000016100015261 60000016100015317 60000016100015260 1.3575766674 23.8407 570.821 -723.048
11.9298 60000016100015261 60000016100015260 60000016100015317 60000016100015259 1.30237845991 -138.942 675.574 -689.942
11.9324 60000016100015260 60000016100015259 60000016100015317 60000016100015258 1.24847261425 -14.0192 611.258 -697.456
11.9369 60000016100015259 60000016100015258 60000016100015317 60000016100015257 1.20625808078 110.974 671.307 -711.782
11.9418 60000016100015258 60000016100015257 60000016100015317 60000016100015256 1.15460271236 130.884 607.155 -654.144
11.9498 60000016100015257 60000016100015256 60000016100015317 60000016100015255 1.11415056377 237.034 651.419 -676.05
11.9591 60000016100015256 60000016100015255 60000016100015317 60000016100015254 1.07445789455 285.562 752.544 -732.137
11.9731 60000016100015255 60000016100015254 60000016100015317 60000016100015253 1.03551044566 234.813 878.5 -744.895
11.9781 60000016100015254 60000016100015253 60000016100015317 60000016100015252 0.997294225782 306.492 794.041 -741.438
11.9842 60000016100015253 60000016100015252 60000016100015317 60000016100015251 0.987852810816 311.306 823.222 -760.421
11.9942 60000016100015252 60000016100015251 60000016100015317 60000016100015250 0.950531351585 358.971 854.505 -811.625
11.998 60000016100015251 60000016100015250 60000016100015317 60000016100015249 0.923000816178 307.48 820.465 -802.953
12.0113 60000016100015250 60000016100015249 60000016100015317 60000016100015248 0.886896937575 346.862 809.446 -828.323
12.0276 60000016100015249 60000016100015248 60000016100015317 60000016100015247 0.851470900625 383.269 843.02 -841.128
12.0344 60000016100015248 60000016100015247 60000016100015317 60000016100015246 0.816709979012 377.785 833.536 -813.524
12.0419 60000016100015247 60000016100015246 60000016100015317 60000016100015245 0.791068248946 372.171 841.888 -827.666
12.0498 60000016100015246 60000016100015245 60000016100015317 60000016100015244 0.757441372616 407.965 867.988 -779.759
12.0538 60000016100015245 60000016100015244 60000016100015317 60000016100015243 0.732636182022 445.785 889.79 -779.986
12.0621 60000016100015244 60000016100015243 60000016100015317 60000016100015242 0.700106353719 436.65 841.027 -742.769
12.0638 60000016100015243 60000016100015242 60000016100015317 60000016100015241 0.676110411213 429.552 866.285 -708.806
12.0674 60000016100015242 60000016100015241 60000016100015317 60000016100015240 0.644641840685 448.766 829.833 -736.609
12.0705 60000016100015241 60000016100015240 60000016100015317 60000016100015239 0.621428745243 385.5 813.724 -691.868
12.0709 60000016100015240 60000016100015239 60000016100015317 60000016100015238 0.598543288188 386.989 812.101 -669.973
12.075 60000016100015239 60000016100015238 60000016100015317 60000016100015237 0.575980845108 414.238 795.991 -673.911
12.077 60000016100015238 60000016100015237 60000016100015317 60000016100015236 0.546392183141 397.062 768.01 -723.662
12.0812 60000016100015237 60000016100015236 60000016100015317 60000016100015235 0.524565820434 372.052 774.513 -749.838
12.0854 60000016100015236 60000016100015235 60000016100015317 60000016100015234 0.503047523245 373.851 794.281 -727.642
12.0898 60000016100015235 60000016100015234 60000016100015317 60000016100015233 0.481832943421 374.281 795.279 -733.864
12.0927 60000016100015234 60000016100015233 60000016100015317 60000016100015232 0.460917794181 372.608 813.02 -726.586
12.0989 60000016100015233 60000016100015232 60000016100015317 60000016100015231 0.440297849248 405.883 847.605 -725.942
12.1048 60000016100015232 60000016100015231 60000016100015317 60000016100015230 0.419968941997 414.516 867.266 -751.981
12.1083 60000016100015231 60000016100015230 60000016100015317 60000016100015229 0.399926964614 453.34 892.88 -727.295
12.1105 60000016100015230 60000016100015229 60000016100015317 60000016100015228 0.38016786726 434.341 887.568 -669.119
12.1121 60000016100015229 60000016100015228 60000016100015317 60000016100015227 0.360687657262 439.684 880.504 -672.474
12.1155 60000016100015228 60000016100015227 60000016100015317 60000016100015226 0.347853841858 438.119 887.929 -671.641
12.1199 60000016100015227 60000016100015226 60000016100015317 60000016100015225 0.328829724206 455.016 873.915 -660.704
12.123 60000016100015226 60000016100015225 60000016100015317 60000016100015224 0.310074120128 433.058 847.371 -675.222
12.1255 60000016100015225 60000016100015224 60000016100015317 60000016100015223 0.291583239722 432.899 824.199 -688.827
12.1296 60000016100015224 60000016100015223 60000016100015317 60000016100015222 0.273353346578 426.165 788.806 -690.431
12.1321 60000016100015223 60000016100015222 60000016100015317 60000016100015221 0.261343256161 412.585 765.424 -688.984
12.1359 60000016100015222 60000016100015221 60000016100015317 60000016100015220 0.243540181555 384.791 715.744 -715.206
12.141 60000016100015221 60000016100015220 60000016100015317 60000016100015219 0.22598838626 372.986 698.338 -748.102
12.1434 60000016100015220 60000016100015219 60000016100015317 60000016100015218 0.214425035514 322.503 672.689 -723.671
12.1497 60000016100015219 60000016100015218 60000016100015317 60000016100015217 0.197284182376 278.127 652.695 -712.975
12.1513 60000016100015218 60000016100015217 60000016100015317 60000016100015216 0.180385261706 260.477 630.937 -706.207
12.1547 60000016100015217 60000016100015216 60000016100015317 60000016100015215 0.169252033244 244.406 630.597 -707.387
12.1589 60000016100015216 60000016100015215 60000016100015317 60000016100015214 0.152748768902 210.776 604.573 -710.427
12.1645 60000016100015215 60000016100015214 60000016100015317 60000016100015213 0.14187620397 180.876 613.753 -716.115
12.1673 60000016100015214 60000016100015213 60000016100015317 60000016100015212 0.125759332411 176.671 543.721 -774.845
12.1723 60000016100015213 60000016100015212 60000016100015317 60000016100015211 0.109869940459 153.61 529.528 -751.299
12.1756 60000016100015212 60000016100015211 60000016100015317 60000016100015210 0.0994018026302 140.376 499.707 -744.468
12.1764 60000016100015211 60000016100015210 60000016100015317 60000016100015209 0.0838844307975 131.536 485.629 -737.524
9.07216 60000016100015329 60000016100015328 60000016100015331 60000016100015327 12.6747021048 -2.94879 5.15954 0.660525
9.17512 60000016100015328 60000016100015327 60000016100015331 60000016100015326 12.0418635439 -5.6184 4.73301 2.12384
9.27594 60000016100015327 60000016100015326 60000016100015331 60000016100015325 11.4973879548 -9.40268 3.40981 3.02347
9.39478 60000016100015326 60000016100015325 60000016100015331 60000016100015324 10.9190331982 -7.52091 1.20365 3.29192
9.96546 60000016100015325 60000016100015322 60000016100015331 60000016100015304 9.84138043947 9.50527 -17.395 -12.2834
9.17293 60000016100015352 60000016100015351 60000016100015354 60000016100015350 12.0418635439 1.15656 -5.85466 -7.58175
9.23229 60000016100015351 60000016100015350 60000016100015354 60000016100015349 11.4973879548 2.20264 -1.31638 -5.06899
9.29457 60000016100015350 60000016100015349 60000016100015354 60000016100015348 10.9190331982 2.06588 -4.74381 -2.22665
9.2026 60000016100015366 60000016100015365 60000016100015371 60000016100015364 7.59510714987 5.11086 41.4036 16.0349
9.3156 60000016100015376 60000016100015375 60000016100015384 60000016100015374 8.01217294887 2.53536 31.201 21.8058
9.05811 60000016100015437 60000016100015436 60000016100015442 60000016100015435 9.00233985416 6.1747 -9.35926 -1.50574
9.1573 60000016100015436 60000016100015431 60000016100015442 60000016100015430 7.23627606617 -4.74105 -16.0819 2.05888
9.01614 60000016100015500 60000016100015499 60000016100015509 60000016100015498 8.01217294887 -3.70715 0.726101 6.94439
9.06939 60000016100015499 60000016100015498 60000016100015509 60000016100015497 7.59510714987 -1.49315 1.6628 7.26768
9.16852 60000016100015498 60000016100015497 60000016100015509 60000016100015496 7.23627606617 -2.46969 -1.56715 5.31844
9.17729 60000016100015497 60000016100015496 60000016100015509 60000016100015495 7.00541704554 -7.0221 -3.58104 6.5389
9.18802 60000016100015496 60000016100015495 60000016100015509 60000016100015494 6.85511726265 -6.80297 -1.3197 5.69495
9.21472 60000016100015495 60000016100015494 60000016100015509 60000016100015493 6.49159774567 -2.29196 2.01386 0.317199
9.33716 60000016100015494 60000016100015493 60000016100015509 60000016100015492 6.14490120342 -2.54294 8.86341 7.93337
9.2361 60000016100015544 60000016100015543 60000016100015545 60000016100015542 7.23627606617 -0.166738 10.9523 -13.898
9.25828 60000016100015543 60000016100015541 60000016100015545 60000016100015540 6.85511726265 4.61841 12.1609 -9.3585
9.34313 60000016100015541 60000016100015540 60000016100015545 60000016100015539 6.49159774567 8.77178 7.20935 1.07183
9.06939 60000016100015606 60000016100015605 60000016100015611 60000016100015604 6.14490120342 2.63556 -6.42078 -9.16863
9.47066 60000016100015605 60000016100015601 60000016100015611 60000016100015600 5.22758097313 -4.11609 -21.4871 -2.64121
9.0666 60000016100015686 60000016100015685 60000016100015698 60000016100015684 6.49159774567 -18.4007 -2.45977 -3.36975
9.23037 60000016100015685 60000016100015683 60000016100015698 60000016100015682 6.01075739884 -11.5852 -4.15149 -10.4193
9.2342 60000016100015683 60000016100015682 60000016100015698 60000016100015681 5.84661374788 -15.3624 8.57086 -5.58729
9.51972 60000016100015682 60000016100015681 60000016100015698 60000016100015680 5.52976580795 -1.02305 -18.515 -9.44334
9.01298 60000016100015743 60000016100015742 60000016100015747 60000016100015741 6.14490120342 -13.5725 -16.1121 12.6022
9.09375 60000016100015742 60000016100015741 60000016100015747 60000016100015740 6.01075739884 13.6604 20.4157 3.05841
9.17073 60000016100015937 60000016100015936 60000016100015947 60000016100015935 3.70877426464 34.6987 17.1718 24.3611
9.0098 60000016100016007 60000016100016006 60000016100016016 60000016100016005 4.00794511147 4.6235 -4.61044 0.604781
9.02548 60000016100016006 60000016100016005 60000016100016016 60000016100016004 3.93726108473 2.98507 -4.18718 1.5577
9.00012 60000016100016131 60000016100016130 60000016100016134 60000016100016129 9.00233985416 2.4106 -4.88304 0.812964
9.00012 60000016100016130 60000016100016129 60000016100016134 60000016100016128 8.9079991856 2.09765 -5.77446 2.08737
9.15502 60000016100016129 60000016100016128 60000016100016134 60000016100016127 8.44947629437 -4.3699 -8.36148 -2.52811
9.19013 60000016100016128 60000016100016127 60000016100016134 60000016100016126 8.01217294887 -0.850703 -4.53474 0.890684
9.38005 60000016100016127 60000016100016126 60000016100016134 60000016100016125 7.59510714987 -5.53947 -3.10652 -1.25491
9.3974 60000016100016126 60000016100016125 60000016100016134 60000016100016124 7.23627606617 -4.44378 -3.00442 -1.56141
9.42771 60000016100016125 60000016100016124 60000016100016134 60000016100016123 7.00541704554 -6.93759 -4.65052 -2.51269
9.56557 60000016100016124 60000016100016122 60000016100016134 60000016100016121 6.49159774567 -21.2968 -6.75102 -7.8801
9.63214 60000016100016122 60000016100016121 60000016100016134 60000016100016120 6.14490120342 -26.2115 -9.80738 -4.92805
9.66584 60000016100016121 60000016100016120 60000016100016134 60000016100016119 6.01075739884 -25.4004 -9.49221 -4.29098
9.75133 60000016100016120 60000016100016118 60000016100016134 60000016100016117 5.52976580795 -19.7887 -6.82421 -5.69637
9.78475 60000016100016118 60000016100016117 60000016100016134 60000016100016116 5.22758097313 -20.8719 -9.51391 -7.69975
9.81528 60000016100016117 60000016100016116 60000016100016134 60000016100016115 4.99593346816 -19.8108 -6.43222 -6.29146
9.84428 60000016100016116 60000016100016115 60000016100016134 60000016100016114 4.93938066349 -17.845 -4.08976 -7.04719
9.89496 60000016100016115 60000016100016114 60000016100016134 60000016100016113 4.66451770247 -13.7349 -0.362094 -14.3517
9.92819 60000016100016114 60000016100016113 60000016100016134 60000016100016112 4.42803373661 -16.784 -7.59734 -13.5266
9.9612 60000016100016113 60000016100016112 60000016100016134 60000016100016111 4.17683491473 -20.5578 -17.3262 -17.8098
9.98517 60000016100016112 60000016100016111 60000016100016134 60000016100016110 4.00794511147 -20.5428 -21.348 -26.3369
9.13154 60000016100016150 60000016100016149 60000016100016159 60000016100016148 7.23627606617 7.26765 13.4856 0.0361672
9.17293 60000016100016149 60000016100016148 60000016100016159 60000016100016147 7.00541704554 9.59153 11.163 0.381137
9.02239 60000016100016192 60000016100016191 60000016100016201 60000016100016190 6.14490120342 1.58621 -0.61696 -0.00892428
9.05235 60000016100016191 60000016100016188 60000016100016201 60000016100016187 5.52976580795 0.66213 1.47252 -0.862336
9.16852 60000016100016188 60000016100016186 60000016100016201 60000016100016185 4.99593346816 1.45175 6.12691 0.203655
9.19013 60000016100016186 60000016100016185 60000016100016201 60000016100016184 4.93938066349 1.64934 7.85737 0.014238
9.2087 60000016100016185 60000016100016184 60000016100016201 60000016100016183 4.66451770247 1.1509 6.61693 2.8635
9.05524 60000016100016251 60000016100016250 60000016100016260 60000016100016249 9.00233985416 -1.15828 2.53062 -5.17464
9.39346 60000016100016250 60000016100016248 60000016100016260 60000016100016247 8.44947629437 -2.3544 10.466 -6.62923
9.41784 60000016100016248 60000016100016247 60000016100016260 60000016100016246 8.01217294887 -7.47815 5.93025 -5.16969
9.74667 60000016100016247 60000016100016246 60000016100016260 60000016100016245 7.59510714987 -9.31567 -2.85548 -3.4888
9.92041 60000016100016246 60000016100016245 60000016100016260 60000016100016244 7.23627606617 -8.38132 -0.326678 -17.1516
9.96084 60000016100016245 60000016100016244 60000016100016260 60000016100016243 7.00541704554 -18.8979 1.85199 -18.4184
10.0076 60000016100016244 60000016100016243 60000016100016260 60000016100016242 6.85511726265 -16.1314 -2.90877 -20.4822
10.1378 60000016100016243 60000016100016242 60000016100016260 60000016100016241 6.49159774567 -11.2182 -6.29463 -39.9968
10.1857 60000016100016242 60000016100016241 60000016100016260 60000016100016240 6.14490120342 -1.9251 -15.5468 -44.1035
10.2173 60000016100016241 60000016100016240 60000016100016260 60000016100016239 6.01075739884 -7.58505 -12.1382 -44.7132
10.2676 60000016100016240 60000016100016239 60000016100016260 60000016100016238 5.84661374788 -14.3746 -15.7082 -39.8776
10.3169 60000016100016239 60000016100016238 60000016100016260 60000016100016237 5.52976580795 -21.9074 -9.78128 -33.9229
10.3502 60000016100016238 60000016100016237 60000016100016260 60000016100016236 5.22758097313 -37.7674 -16.4254 -31.4373
10.3907 60000016100016237 60000016100016236 60000016100016260 60000016100016235 4.99593346816 -25.1181 -9.96602 -48.6283
10.4119 60000016100016236 60000016100016234 60000016100016260 60000016100016233 4.66451770247 -33.7906 -5.3434 -39.1508
10.4361 60000016100016234 60000016100016233 60000016100016260 60000016100016232 4.42803373661 -38.3746 -1.70636 -37.2191
10.4459 60000016100016233 60000016100016232 60000016100016260 60000016100016231 4.17683491473 -26.275 -15.0363 -36.8696
10.4634 60000016100016232 60000016100016229 60000016100016260 60000016100016228 3.70877426464 -29.1887 -17.4209 -43.1953
10.4649 60000016100016229 60000016100016228 60000016100016260 60000016100016227 3.49086136926 -49.0189 -5.46193 -53.4054
11.24 60000016100016228 60000016100016225 60000016100016260 60000016100016224 3.00813107163 314.269 -106.127 231.922
11.3422 60000016100016225 60000016100016223 60000016100016260 60000016100016222 2.73314261732 264.827 -14.4472 -284.008
11.6018 60000016100016223 60000016100016219 60000016100016260 60000016100016218 2.20792547238 494.878 184.971 -560.139
11.6714 60000016100016219 60000016100016218 60000016100016260 60000016100016217 2.1032696526 423.629 532.408 -611.837
11.7535 60000016100016218 60000016100016217 60000016100016260 60000016100016216 2.00202813925 542.901 629.172 -689.839
11.7875 60000016100016217 60000016100016215 60000016100016260 60000016100016214 1.82268925262 334.085 655.487 -852.747
9.03763 60000016100016262 60000016100016261 60000016100016267 60000016100016248 8.9079991856 0.349645 -1.6664 -4.19104
9.09637 60000016100016273 60000016100016272 60000016100016277 60000016100016271 9.00233985416 1.62095 -1.35763 10.0477
9.19848 60000016100016272 60000016100016269 60000016100016277 60000016100016246 8.01217294887 3.3915 -2.47482 10.186
9.02855 60000016100016279 60000016100016278 60000016100016283 60000016100016269 8.44947629437 5.49834 -6.83001 10.2098
9.22845 60000016100016297 60000016100016296 60000016100016304 60000016100016295 8.44947629437 -3.58602 13.6091 7.66518
9.09111 60000016100016355 60000016100016354 60000016100016362 60000016100016353 7.00541704554 -7.74118 3.14704 7.28758
9.10671 60000016100016354 60000016100016353 60000016100016362 60000016100016352 6.85511726265 -6.46 1.8867 6.8799
9.01614 60000016100016457 60000016100016456 60000016100016470 60000016100016455 5.22758097313 -3.1386 -4.17796 5.80958
9.03463 60000016100016456 60000016100016455 60000016100016470 60000016100016454 4.99593346816 -1.43191 -4.40801 5.40025
9.30602 60000016100016634 60000016100016633 60000016100016635 60000016100016632 3.49086136926 -3.21366 1.37796 8.82503
9.04358 60000016100016673 60000016100016672 60000016100016675 60000016100016671 10.3674435724 1.01421 -1.62547 1.50821
9.04945 60000016100016672 60000016100016671 60000016100016675 60000016100016670 9.99659046619 0.660575 -1.09601 2.28253
9.09111 60000016100016671 60000016100016669 60000016100016675 60000016100016668 9.38877127194 -0.484055 -0.582606 2.34002
9.30602 60000016100016669 60000016100016668 60000016100016675 60000016100016667 9.00233985416 -8.822 -7.28356 5.05691
9.39214 60000016100016668 60000016100016666 60000016100016675 60000016100016665 8.44947629437 -2.11981 -5.32161 0.456621
9.55113 60000016100016666 60000016100016665 60000016100016675 60000016100016664 8.01217294887 -4.67735 -5.56962 -2.00376
9.59725 60000016100016665 60000016100016664 60000016100016675 60000016100016663 7.59510714987 -3.4001 -4.98844 -1.41368
9.7195 60000016100016664 60000016100016663 60000016100016675 60000016100016662 7.23627606617 -5.5523 -8.67833 -5.3541
9.77499 60000016100016663 60000016100016662 60000016100016675 60000016100016661 7.00541704554 -1.02984 -7.50426 -7.14517
9.82614 60000016100016662 60000016100016661 60000016100016675 60000016100016660 6.85511726265 4.84857 -6.28803 -11.3147
9.93847 60000016100016661 60000016100016660 60000016100016675 60000016100016659 6.49159774567 1.24159 -8.6901 -9.06553
9.9975 60000016100016660 60000016100016658 60000016100016675 60000016100016657 6.01075739884 6.09145 -6.16084 -17.5274
10.0842 60000016100016658 60000016100016657 60000016100016675 60000016100016656 5.84661374788 15.5257 -10.6542 -23.9327
10.1458 60000016100016657 60000016100016656 60000016100016675 60000016100016655 5.52976580795 3.90758 -2.85985 -28.4324
10.2008 60000016100016656 60000016100016655 60000016100016675 60000016100016654 5.22758097313 4.34633 6.12192 -46.5984
10.287 60000016100016655 60000016100016654 60000016100016675 60000016100016653 4.99593346816 -21.3375 -19.1862 -31.5848
10.3571 60000016100016654 60000016100016652 60000016100016675 60000016100016651 4.66451770247 -27.089 -25.9847 -18.5183
10.5641 60000016100016652 60000016100016651 60000016100016675 60000016100016650 4.42803373661 -55.3728 8.10268 56.0249
10.6206 60000016100016651 60000016100016650 60000016100016675 60000016100016649 4.17683491473 -65.4149 28.3019 51.2585
10.655 60000016100016650 60000016100016649 60000016100016675 60000016100016648 4.00794511147 -60.2518 38.2368 51.8396
10.6705 60000016100016649 60000016100016648 60000016100016675 60000016100016647 3.93726108473 -66.6097 48.8824 46.5627
10.7079 60000016100016648 60000016100016647 60000016100016675 60000016100016646 3.70877426464 -71.6678 63.5515 54.3867
10.7173 60000016100016647 60000016100016646 60000016100016675 60000016100016645 3.49086136926 -47.5117 41.0824 46.7504
9.01298 60000016100016691 60000016100016690 60000016100016696 60000016100016689 9.00233985416 11.5546 -8.99598 -5.54169
9.11431 60000016100016690 60000016100016687 60000016100016696 60000016100016686 8.01217294887 9.24813 -4.83329 -5.08794
9.9411 60000016100016687 60000016100016682 60000016100016696 60000016100016658 6.14490120342 -0.422927 -9.05079 -12.7136
9.15042 60000016100016733 60000016100016732 60000016100016742 60000016100016731 6.14490120342 13.0395 -3.10858 14.0698
9.31083 60000016100016732 60000016100016731 60000016100016742 60000016100016730 6.01075739884 -0.561825 -0.397933 3.17397
9.31243 60000016100016731 60000016100016730 60000016100016742 60000016100016729 5.84661374788 9.59951 -13.4141 17.4553
9.53428 60000016100016730 60000016100016729 60000016100016742 60000016100016728 5.52976580795 2.93409 -26.4737 22.5904
9.68312 60000016100016729 60000016100016728 60000016100016742 60000016100016727 5.22758097313 -5.54199 -12.7302 18.2497
9.10415 60000016100016827 60000016100016826 60000016100016834 60000016100016825 6.49159774567 -10.5789 6.68203 15.0942
9.11179 60000016100016826 60000016100016825 60000016100016834 60000016100016824 6.14490120342 -8.41208 4.25433 3.98015
9.15956 60000016100016825 60000016100016824 60000016100016834 60000016100016823 6.01075739884 -7.91509 3.55841 1.05571
9.19848 60000016100016851 60000016100016850 60000016100016858 60000016100016849 6.49159774567 0.351398 -3.18018 5.71096
9.35483 60000016100016850 60000016100016849 60000016100016858 60000016100016848 6.14490120342 -5.25348 0.325433 13.6154
9.37319 60000016100016849 60000016100016848 60000016100016858 60000016100016847 6.01075739884 -6.6911 3.54504 14.3966
9.40902 60000016100016848 60000016100016847 60000016100016858 60000016100016846 5.84661374788 -11.7887 7.28101 16.8135
9.44211 60000016100016847 60000016100016846 60000016100016858 60000016100016845 5.52976580795 -11.8614 8.48428 15.7482
9.48692 60000016100016846 60000016100016845 60000016100016858 60000016100016844 5.22758097313 -11.3656 1.13624 9.30691
9.57523 60000016100016845 60000016100016844 60000016100016858 60000016100016843 4.99593346816 -3.66885 -20.2124 27.8863
9.61663 60000016100016844 60000016100016842 60000016100016858 60000016100016841 4.66451770247 -5.77985 -20.4825 28.4404
9.04358 60000016100016893 60000016100016892 60000016100016901 60000016100016891 6.14490120342 -0.513392 10.7971 -1.18356
9.09637 60000016100016892 60000016100016890 60000016100016901 60000016100016889 5.84661374788 -0.846051 8.88713 7.26334
9.1193 60000016100016890 60000016100016889 60000016100016901 60000016100016888 5.52976580795 -1.10895 8.07553 3.30652
9.13634 60000016100016889 60000016100016888 60000016100016901 60000016100016887 5.22758097313 1.56657 10.3153 5.57923
9.17293 60000016100016888 60000016100016887 60000016100016901 60000016100016886 4.99593346816 0.481216 8.33881 4.76865
11.323 60000016100016920 60000016100016919 60000016100016922 60000016100016641 2.89578500573 308.656 -52.6073 -369.072
9.06378 60000016100016942 60000016100016941 60000016100016951 60000016100016940 5.52976580795 0.402312 -5.3341 5.94733
9.15273 60000016100016941 60000016100016940 60000016100016951 60000016100016939 5.22758097313 -1.57153 0.126993 7.5855
9.19223 60000016100016940 60000016100016939 60000016100016951 60000016100016938 4.99593346816 0.271448 -2.34041 11.609
9.23229 60000016100016939 60000016100016938 60000016100016951 60000016100016937 4.93938066349 4.52768 0.235905 13.0577
9.25284 60000016100016938 60000016100016936 60000016100016951 60000016100016935 4.42803373661 -7.63683 -1.34941 9.90616
9.01928 60000016100016974 60000016100016973 60000016100016981 60000016100016972 4.99593346816 2.84248 0.101637 0.882905
9.02548 60000016100016973 60000016100016971 60000016100016981 60000016100016970 4.66451770247 4.47981 -0.489504 1.20748
9.05235 60000016100016971 60000016100016970 60000016100016981 60000016100016969 4.42803373661 4.8129 2.44616 0.216049
9.11179 60000016100016970 60000016100016969 60000016100016981 60000016100016968 4.17683491473 0.405967 2.97331 1.40158
9.05235 60000016100017000 60000016100016999 60000016100017007 60000016100016998 4.66451770247 -4.07471 -2.46332 -9.01534
9.05811 60000016100016999 60000016100016998 60000016100017007 60000016100016997 4.42803373661 -3.77154 -7.50214 -1.5184
9.05811 60000016100016998 60000016100016994 60000016100017007 60000016100016993 3.70877426464 -0.322804 -9.31048 -9.00421
9.05811 60000016100017150 60000016100017149 60000016100017155 60000016100017148 9.00233985416 0.291809 -3.44396 0.601606
9.13634 60000016100017149 60000016100017147 60000016100017155 60000016100017146 8.44947629437 -1.22071 -3.65464 1.02917
9.20055 60000016100017147 60000016100017146 60000016100017155 60000016100017145 8.01217294887 0.974393 -2.04006 0.577363
9.26187 60000016100017146 60000016100017145 60000016100017155 60000016100017144 7.59510714987 -2.23284 -3.10288 1.35147
9.33566 60000016100017145 60000016100017144 60000016100017155 60000016100017143 7.23627606617 1.87381 -3.8176 -2.95598
9.38277 60000016100017144 60000016100017143 60000016100017155 60000016100017142 7.00541704554 0.878868 -5.23375 -4.73821
9.3974 60000016100017143 60000016100017142 60000016100017155 60000016100017141 6.85511726265 -0.0293604 -4.13652 -5.89831
9.44564 60000016100017142 60000016100017141 60000016100017155 60000016100017140 6.49159774567 -2.1156 -2.72232 -4.11951
9.49951 60000016100017141 60000016100017140 60000016100017155 60000016100017139 6.14490120342 -1.06058 1.2366 -3.49187
9.51774 60000016100017140 60000016100017139 60000016100017155 60000016100017138 6.01075739884 -0.654469 -0.029045 -5.59229
9.54744 60000016100017139 60000016100017138 60000016100017155 60000016100017137 5.84661374788 -1.30944 1.60625 -4.58858
9.91766 60000016100017138 60000016100017136 60000016100017155 60000016100017135 5.22758097313 -1.52718 32.8865 1.1699
9.98313 60000016100017136 60000016100017135 60000016100017155 60000016100017134 4.99593346816 -12.8822 24.7638 -2.38876
10.0133 60000016100017135 60000016100017134 60000016100017155 60000016100017133 4.93938066349 -10.5789 26.801 6.02571
10.1308 60000016100017134 60000016100017133 60000016100017155 60000016100017132 4.66451770247 -3.14102 24.9529 40.8172
10.2151 60000016100017133 60000016100017132 60000016100017155 60000016100017131 4.42803373661 -1.50766 18.1846 32.7947
10.3502 60000016100017132 60000016100017131 60000016100017155 60000016100017130 4.17683491473 -24.7611 30.1503 2.16202
10.5502 60000016100017131 60000016100017129 60000016100017155 60000016100017128 3.93726108473 66.4177 85.9123 -46.4949
10.6346 60000016100017129 60000016100017128 60000016100017155 60000016100017127 3.70877426464 87.6323 84.8641 -63.3623
10.7067 60000016100017128 60000016100017127 60000016100017155 60000016100017126 3.49086136926 120.805 68.6128 -42.0778
10.8806 60000016100017127 60000016100017126 60000016100017155 60000016100017125 3.28303305796 251.361 67.8822 98.5084
10.9014 60000016100017126 60000016100017125 60000016100017155 60000016100017124 3.08482263583 127.805 77.9861 117.32
11.2753 60000016100017125 60000016100017121 60000016100017155 60000016100017120 2.5772902716 169.301 -92.1516 480.015
11.4384 60000016100017121 60000016100017120 60000016100017155 60000016100017119 2.44422570455 411.81 142.732 -430.574
9.13871 60000016100017162 60000016100017161 60000016100017166 60000016100017160 6.85511726265 -8.5075 3.8565 34.9501
9.2929 60000016100017161 60000016100017159 60000016100017166 60000016100017158 6.14490120342 0.852028 8.98039 16.2429
9.34902 60000016100017159 60000016100017158 60000016100017166 60000016100017157 6.01075739884 4.69514 13.549 15.0559
9.37319 60000016100017158 60000016100017157 60000016100017166 60000016100017136 5.84661374788 2.85182 15.2349 18.4601
9.02239 60000016100017192 60000016100017191 60000016100017205 60000016100017190 6.01075739884 -0.0422621 -1.41588 1.55729
9.53902 60000016100017191 60000016100017189 60000016100017205 60000016100017188 5.52976580795 18.8275 2.78225 -4.13733
9.10671 60000016100017225 60000016100017224 60000016100017231 60000016100017223 7.00541704554 -0.600968 6.60287 -5.76882
9.13871 60000016100017224 60000016100017223 60000016100017231 60000016100017222 6.85511726265 0.345387 8.72804 -6.83134
9.18162 60000016100017223 60000016100017222 60000016100017231 60000016100017221 6.49159774567 -2.11325 11.8026 -10.1179
9.2361 60000016100017222 60000016100017221 60000016100017231 60000016100017220 6.14490120342 -3.29665 9.54641 -3.6921
9.27594 60000016100017221 60000016100017220 60000016100017231 60000016100017219 6.01075739884 -0.182203 12.3108 -9.31775
9.40646 60000016100017220 60000016100017219 60000016100017231 60000016100017218 5.84661374788 4.87411 7.2318 -6.78985
10.4539 60000016100017219 60000016100017211 60000016100017231 60000016100017129 4.00794511147 -0.62687 56.2991 -17.6084
9.05524 60000016100017253 60000016100017252 60000016100017266 60000016100017235 4.42803373661 -12.0648 -8.29224 -13.4985
9.00337 60000016100017270 60000016100017269 60000016100017280 60000016100017268 4.66451770247 -1.90663 3.58676 -0.215705
9.05524 60000016100017328 60000016100017327 60000016100017337 60000016100017326 5.22758097313 -2.06076 3.9522 -1.03091
9.12178 60000016100017409 60000016100017408 60000016100017414 60000016100017407 9.00233985416 7.69353 -2.25028 0.361335
9.19641 60000016100017408 60000016100017407 60000016100017414 60000016100017406 8.9079991856 3.81223 -1.90048 0.241405
9.25101 60000016100017407 60000016100017406 60000016100017414 60000016100017405 8.44947629437 2.02747 -0.555178 -0.25101
9.38547 60000016100017406 60000016100017405 60000016100017414 60000016100017404 8.01217294887 -0.370182 -3.97531 -0.348412
9.43974 60000016100017405 60000016100017404 60000016100017414 60000016100017403 7.59510714987 -5.19057 -0.814229 -0.912478
9.53713 60000016100017404 60000016100017403 60000016100017414 60000016100017402 7.23627606617 -6.39395 -9.35207 -2.25323
9.54744 60000016100017403 60000016100017402 60000016100017414 60000016100017401 7.00541704554 -8.85242 -10.0075 -0.464876
9.60381 60000016100017402 60000016100017401 60000016100017414 60000016100017400 6.85511726265 -3.47945 -9.79749 0.217637
9.67767 60000016100017401 60000016100017400 60000016100017414 60000016100017399 6.49159774567 6.03767 -6.53879 -1.78329
9.74196 60000016100017400 60000016100017399 60000016100017414 60000016100017398 6.14490120342 -7.87662 -1.35541 3.5377
9.77058 60000016100017399 60000016100017396 60000016100017414 60000016100017395 5.52976580795 6.31909 -2.58915 -2.44446
9.85444 60000016100017396 60000016100017395 60000016100017414 60000016100017394 5.22758097313 -21.7093 15.1695 9.76327
9.87146 60000016100017395 60000016100017393 60000016100017414 60000016100017392 4.93938066349 -7.95241 11.3847 10.406
9.98109 60000016100017393 60000016100017392 60000016100017414 60000016100017391 4.66451770247 -4.4119 -2.05507 26.9947
10.0264 60000016100017392 60000016100017391 60000016100017414 60000016100017390 4.42803373661 -1.76111 9.23978 12.9871
9.14344 60000016100017429 60000016100017428 60000016100017437 60000016100017427 5.84661374788 -2.83874 1.40032 -2.15393
9.21272 60000016100017619 60000016100017618 60000016100017626 60000016100017617 4.93938066349 18.1281 0.635486 13.3916
9.43974 60000016100017618 60000016100017614 60000016100017626 60000016100017613 4.00794511147 -15.0058 -12.1393 -11.2172
9.45833 60000016100017614 60000016100017612 60000016100017626 60000016100017611 3.70877426464 -2.31988 -10.7709 -11.9031
9.29124 60000016100017641 60000016100017640 60000016100017648 60000016100017639 4.66451770247 -2.08122 16.8521 -13.419
9.39081 60000016100017640 60000016100017639 60000016100017648 60000016100017638 4.42803373661 -0.767321 8.85334 -2.15253
9.41156 60000016100017639 60000016100017638 60000016100017648 60000016100017637 4.17683491473 -5.72269 8.93131 2.94384
9.12668 60000016100017734 60000016100017733 60000016100017747 60000016100017732 2.73314261732 -9.39784 42.4033 -25.1727
9.01928 60000016100017814 60000016100017813 60000016100017827 60000016100017812 4.17683491473 -0.927746 0.295175 -0.933842
9.12178 60000016100017813 60000016100017812 60000016100017827 60000016100017811 4.00794511147 -2.6617 1.3677 -3.0322
9.22262 60000016100017812 60000016100017807 60000016100017827 60000016100017806 3.08482263583 -4.31997 -10.7286 3.73813
9.23799 60000016100017807 60000016100017802 60000016100017827 60000016100017801 2.44422570455 -2.87178 -9.8858 -2.82607
9.0066 60000016100018013 60000016100018012 60000016100018017 60000016100018011 9.84138043947 2.55919 5.48105 -2.3836
9.06378 60000016100018012 60000016100018011 60000016100018017 60000016100018010 9.38877127194 3.4994 5.02127 -1.49222
9.16407 60000016100018011 60000016100018010 60000016100018017 60000016100018009 9.00233985416 3.54111 4.50944 -2.76626
9.36763 60000016100018010 60000016100018008 60000016100018017 60000016100018007 8.44947629437 -11.02 -0.37549 1.83217
9.41282 60000016100018008 60000016100018007 60000016100018017 60000016100018006 8.01217294887 -11.6277 -1.49694 4.56326
9.46285 60000016100018007 60000016100018006 60000016100018017 60000016100018005 7.59510714987 -11.9487 4.93977 3.07177
9.49744 60000016100018006 60000016100018005 60000016100018017 60000016100018004 7.23627606617 -9.84902 3.07734 0.168926
9.53618 60000016100018005 60000016100018004 60000016100018017 60000016100018003 7.00541704554 -10.6001 5.81343 -6.09708
9.56999 60000016100018004 60000016100018003 60000016100018017 60000016100018002 6.85511726265 -9.84972 3.93887 -3.93938
9.64564 60000016100018003 60000016100018002 60000016100018017 60000016100018001 6.49159774567 -3.79757 2.88557 -7.49101
9.70941 60000016100018002 60000016100018001 60000016100018017 60000016100018000 6.14490120342 -4.91428 4.58951 -7.03179
9.74196 60000016100018001 60000016100018000 60000016100018017 60000016100017999 6.01075739884 -5.64594 8.61061 -9.07204
9.77608 60000016100018000 60000016100017999 60000016100018017 60000016100017998 5.84661374788 -6.23225 3.86845 -9.74172
9.78955 60000016100017999 60000016100017998 60000016100018017 60000016100017997 5.52976580795 -1.15515 5.19266 -14.7664
9.79534 60000016100017998 60000016100017997 60000016100018017 60000016100017996 5.22758097313 -3.26235 4.83043 -14.5325
9.79691 60000016100017997 60000016100017996 60000016100018017 60000016100017995 4.99593346816 -11.5352 10.3277 -11.2524
9.84381 60000016100017996 60000016100017994 60000016100018017 60000016100017993 4.66451770247 -1.91884 9.46913 -7.84808
9.91607 60000016100017994 60000016100017990 60000016100018017 60000016100017989 3.93726108473 -0.530125 -0.0977482 3.56928
10.2089 60000016100017990 60000016100017987 60000016100018017 60000016100017986 3.28303305796 57.6861 8.10375 -16.842
9.13634 60000016100018104 60000016100018103 60000016100018117 60000016100018102 4.99593346816 -1.69324 12.6847 6.52787
9.28788 60000016100018103 60000016100018101 60000016100018117 60000016100018100 4.66451770247 4.66153 9.69502 -4.31587
9.35483 60000016100018101 60000016100018095 60000016100018117 60000016100018094 3.49086136926 2.333 39.4656 32.2916
9.5256 60000016100018095 60000016100018089 60000016100018117 60000016100018088 2.5772902716 -4.98863 31.508 16.705
9.0066 60000016100018139 60000016100018138 60000016100018142 60000016100018137 5.52976580795 -11.6897 3.13914 7.17952
9.07766 60000016100018138 60000016100018137 60000016100018142 60000016100018136 5.22758097313 -11.8459 4.05599 8.1884
9.10157 60000016100018137 60000016100018136 60000016100018142 60000016100018135 4.99593346816 -10.5649 4.48574 8.44328
9.10671 60000016100018136 60000016100018135 60000016100018142 60000016100018134 4.93938066349 -10.1309 3.97977 8.0525
9.12424 60000016100018135 60000016100018134 60000016100018142 60000016100018133 4.66451770247 -7.89765 3.34026 7.35563
9.22845 60000016100018134 60000016100018133 60000016100018142 60000016100018132 4.42803373661 -6.1702 5.85169 0.124928
9.36763 60000016100018133 60000016100018124 60000016100018142 60000016100018123 2.89578500573 -11.5293 24.2579 16.6684
9.37181 60000016100018124 60000016100018123 60000016100018142 60000016100018089 2.73314261732 -11.7044 33.6259 27.8328
9.00337 60000016100018383 60000016100018382 60000016100018388 60000016100018381 6.49159774567 -3.24552 -1.56516 0.341958
9.31874 60000016100018382 60000016100018380 60000016100018388 60000016100018379 6.01075739884 19.9852 31.418 -17.5798
9.44797 60000016100018380 60000016100018369 60000016100018388 60000016100018368 3.70877426464 9.11724 9.11756 -12.9604
9.66795 60000016100018369 60000016100018368 60000016100018388 60000016100018367 3.49086136926 31.2378 -18.0898 -33.4569
9.11431 60000016100018391 60000016100018390 60000016100018394 60000016100018380 6.14490120342 -4.21851 -16.9733 -26.8739
9.62368 60000016100018398 60000016100018397 60000016100018406 60000016100018366 3.28303305796 13.7277 -13.1205 -30.0973
9.05235 60000016100018415 60000016100018414 60000016100018422 60000016100018413 4.17683491473 -15.2705 -23.9038 -4.06943
9.05524 60000016100018632 60000016100018631 60000016100018636 60000016100018630 7.23627606617 5.0587 5.80295 1.14852
9.07766 60000016100018631 60000016100018630 60000016100018636 60000016100018629 7.00541704554 5.97173 2.35384 0.391184
9.77554 60000016100018630 60000016100018627 60000016100018636 60000016100018626 6.14490120342 -2.24873 12.603 14.1457
9.85672 60000016100018627 60000016100018626 60000016100018636 60000016100018625 6.01075739884 -2.3561 15.1167 18.3767
9.88401 60000016100018626 60000016100018625 60000016100018636 60000016100018624 5.84661374788 -2.8057 15.0428 13.416
9.92159 60000016100018625 60000016100018624 60000016100018636 60000016100018623 5.52976580795 -1.66786 11.7848 12.9389
9.96155 60000016100018624 60000016100018623 60000016100018636 60000016100018622 5.22758097313 -1.61124 18.5439 12.0131
9.97074 60000016100018623 60000016100018622 60000016100018636 60000016100018621 4.99593346816 1.38482 17.1583 13.9252
9.97835 60000016100018622 60000016100018621 60000016100018636 60000016100018620 4.93938066349 -14.3167 13.0962 20.4069
9.98551 60000016100018621 60000016100018619 60000016100018636 60000016100018618 4.42803373661 -34.8938 37.3008 40.7625
10.0468 60000016100018619 60000016100018618 60000016100018636 60000016100018617 4.17683491473 -34.3018 41.9911 53.0485
10.0744 60000016100018618 60000016100018617 60000016100018636 60000016100018616 4.00794511147 -19.0832 35.7113 30.9153
10.1939 60000016100018617 60000016100018616 60000016100018636 60000016100018615 3.93726108473 -55.9709 80.0877 71.867
10.3186 60000016100018616 60000016100018615 60000016100018636 60000016100018614 3.70877426464 -61.7909 91.758 63.9556
10.4193 60000016100018615 60000016100018614 60000016100018636 60000016100018613 3.49086136926 -88.3314 105.757 97.2353
10.4317 60000016100018614 60000016100018613 60000016100018636 60000016100018612 3.28303305796 -114.453 79.6713 108.156
10.5402 60000016100018613 60000016100018612 60000016100018636 60000016100018611 3.08482263583 -90.3375 97.7957 102.271
10.5572 60000016100018612 60000016100018610 60000016100018636 60000016100018609 2.89578500573 -38.3125 76.6169 44.0161
9.42281 60000016100018656 60000016100018655 60000016100018662 60000016100018654 7.59510714987 -14.5113 5.1846 0.331792
9.60785 60000016100018655 60000016100018652 60000016100018662 60000016100018651 6.85511726265 8.72855 -5.66897 2.62077
9.72691 60000016100018652 60000016100018651 60000016100018662 60000016100018650 6.49159774567 -3.6144 18.9667 14.0443
9.51675 60000016100018664 60000016100018663 60000016100018670 60000016100018652 7.00541704554 -3.90807 -6.20492 -5.59365
9.07492 60000016100018690 60000016100018689 60000016100018712 60000016100018688 3.70877426464 -4.14785 -4.86012 -10.3418
9.04945 60000016100018826 60000016100018825 60000016100018833 60000016100018824 7.59510714987 3.35914 -3.30864 1.4042
9.12912 60000016100018825 60000016100018824 60000016100018833 60000016100018823 7.23627606617 2.89284 8.93653 -3.3298
9.15502 60000016100018824 60000016100018822 60000016100018833 60000016100018821 6.85511726265 4.47947 6.13671 -0.526521
9.23799 60000016100018822 60000016100018821 60000016100018833 60000016100018820 6.49159774567 8.84772 3.86819 -3.64333
9.23988 60000016100018821 60000016100018820 60000016100018833 60000016100018819 6.14490120342 7.14515 7.66622 -3.88092
9.38948 60000016100018820 60000016100018819 60000016100018833 60000016100018818 6.01075739884 -5.61504 -0.304416 -11.1362
9.08578 60000016100018859 60000016100018858 60000016100018871 60000016100018857 6.14490120342 -1.40311 1.56402 0.852531
9.13394 60000016100018858 60000016100018857 60000016100018871 60000016100018856 6.01075739884 0.157563 6.36745 0.82796
9.15956 60000016100018857 60000016100018856 60000016100018871 60000016100018855 5.84661374788 -3.1715 5.29437 0.99062
9.2342 60000016100018856 60000016100018855 60000016100018871 60000016100018854 5.52976580795 -1.05051 5.0742 -2.7718
9.32497 60000016100018855 60000016100018854 60000016100018871 60000016100018853 5.22758097313 -6.94284 17.3518 4.55994
9.32805 60000016100018854 60000016100018853 60000016100018871 60000016100018852 4.99593346816 -7.63407 8.91044 1.3423
9.00012 60000016100018908 60000016100018907 60000016100018928 60000016100018906 3.70877426464 2.61101 -4.36686 3.43514
9.02855 60000016100018907 60000016100018906 60000016100018928 60000016100018905 3.49086136926 -0.866601 -7.20597 -1.71363
9.0666 60000016100018906 60000016100018905 60000016100018928 60000016100018904 3.28303305796 -0.412022 -2.15369 4.45493
9.19223 60000016100018971 60000016100018970 60000016100018987 60000016100018969 4.42803373661 -5.63776 12.5062 18.5965
9.2026 60000016100018970 60000016100018969 60000016100018987 60000016100018968 4.17683491473 -6.80588 12.5612 18.9379
9.2026 60000016100018969 60000016100018966 60000016100018987 60000016100018965 3.70877426464 -1.95744 7.49573 1.11038
9.06939 60000016100019115 60000016100019114 60000016100019119 60000016100019113 9.38877127194 1.80081 -4.68356 -2.53629
9.14578 60000016100019114 60000016100019113 60000016100019119 60000016100019112 9.00233985416 2.5852 -4.20012 -3.02621
9.15042 60000016100019113 60000016100019112 60000016100019119 60000016100019111 8.9079991856 3.54453 -5.69057 -2.2758
9.32497 60000016100019112 60000016100019111 60000016100019119 60000016100019110 8.44947629437 11.0354 -15.8161 0.103536
9.66302 60000016100019111 60000016100019110 60000016100019119 60000016100019109 8.01217294887 16.6427 -1.26927 -0.977638
9.82614 60000016100019110 60000016100019109 60000016100019119 60000016100019108 7.59510714987 10.2881 5.10611 -3.68427
9.90686 60000016100019109 60000016100019108 60000016100019119 60000016100019107 7.23627606617 10.2342 13.9042 0.597392
9.91528 60000016100019108 60000016100019107 60000016100019119 60000016100019106 7.00541704554 17.2524 7.65239 -4.35595
9.95653 60000016100019107 60000016100019106 60000016100019119 60000016100019105 6.85511726265 20.6278 6.53398 -2.62303
10.0367 60000016100019106 60000016100019105 60000016100019119 60000016100019104 6.49159774567 13.538 1.65747 4.43826
10.1183 60000016100019105 60000016100019104 60000016100019119 60000016100019103 6.14490120342 13.6869 30.2474 2.41247
10.165 60000016100019104 60000016100019103 60000016100019119 60000016100019102 6.01075739884 14.8308 13.1421 7.83833
10.2051 60000016100019103 60000016100019102 60000016100019119 60000016100019101 5.84661374788 19.9833 13.1651 10.7049
10.2716 60000016100019102 60000016100019101 60000016100019119 60000016100019100 5.52976580795 10.0828 24.132 19.0003
10.329 60000016100019101 60000016100019100 60000016100019119 60000016100019099 5.22758097313 -10.3141 39.3161 9.33653
10.4017 60000016100019100 60000016100019099 60000016100019119 60000016100019098 4.99593346816 -8.32929 44.3649 12.0261
10.4146 60000016100019099 60000016100019098 60000016100019119 60000016100019097 4.93938066349 8.45172 36.798 19.6465
10.4904 60000016100019098 60000016100019097 60000016100019119 60000016100019096 4.66451770247 32.8989 36.1053 22.6659
10.5159 60000016100019097 60000016100019096 60000016100019119 60000016100019095 4.42803373661 45.475 40.1633 26.8323
10.5632 60000016100019096 60000016100019095 60000016100019119 60000016100019094 4.17683491473 44.1785 46.1464 31.0553
10.5918 60000016100019095 60000016100019094 60000016100019119 60000016100019093 4.00794511147 75.5267 47.3943 38.4624
10.5974 60000016100019094 60000016100019093 60000016100019119 60000016100019092 3.93726108473 59.1077 42.1933 65.458
10.6192 60000016100019093 60000016100019092 60000016100019119 60000016100019091 3.70877426464 70.8137 40.3358 72.7846
10.6199 60000016100019092 60000016100019091 60000016100019119 60000016100019090 3.49086136926 61.8469 41.609 87.2063
10.624 60000016100019091 60000016100019089 60000016100019119 60000016100019088 3.08482263583 56.8511 41.9286 73.5739
10.6306 60000016100019089 60000016100019088 60000016100019119 60000016100019087 3.00813107163 65.8611 34.8879 86.5615
10.6382 60000016100019088 60000016100019087 60000016100019119 60000016100019086 2.89578500573 67.977 41.2142 78.7913
10.6545 60000016100019087 60000016100019086 60000016100019119 60000016100019085 2.73314261732 69.5249 49.2511 78.4971
10.6548 60000016100019086 60000016100019085 60000016100019119 60000016100019084 2.5772902716 67.9008 52.2202 85.4895
10.6725 60000016100019085 60000016100019084 60000016100019119 60000016100019083 2.44422570455 42.7846 61.7123 92.7872
10.6851 60000016100019084 60000016100019083 60000016100019119 60000016100019082 2.31611074396 44.9408 49.0946 92.9368
10.6997 60000016100019083 60000016100019082 60000016100019119 60000016100019081 2.20792547238 42.7702 41.1347 99.3553
9.03763 60000016100019162 60000016100019161 60000016100019175 60000016100019160 6.49159774567 0.632002 -9.21548 -2.18737
9.02239 60000016100019232 60000016100019231 60000016100019239 60000016100019230 8.01217294887 -4.29815 -1.3254 -6.21371
9.17073 60000016100019231 60000016100019230 60000016100019239 60000016100019229 7.59510714987 0.521555 -8.02154 -2.56332
9.2026 60000016100019230 60000016100019228 60000016100019239 60000016100019227 7.00541704554 -0.693276 -10.6547 -5.35161
9.09111 60000016100019260 60000016100019259 60000016100019266 60000016100019258 7.00541704554 14.4196 -6.27206 12.5743
9.09898 60000016100019259 60000016100019256 60000016100019266 60000016100019255 6.14490120342 5.2099 -2.16539 6.9371
9.25101 60000016100019256 60000016100019255 60000016100019266 60000016100019254 6.01075739884 10.8773 -4.21623 3.95507
9.03463 60000016100019309 60000016100019308 60000016100019314 60000016100019307 8.44947629437 1.85421 2.89783 -4.12565
9.05811 60000016100019308 60000016100019307 60000016100019314 60000016100019306 8.01217294887 -6.8963 -2.89978 -10.8712
9.29787 60000016100019307 60000016100019306 60000016100019314 60000016100019305 7.59510714987 -9.50327 19.7944 13.4799
9.30115 60000016100019306 60000016100019305 60000016100019314 60000016100019304 7.23627606617 -10.0086 19.2157 11.665
9.38948 60000016100019305 60000016100019304 60000016100019314 60000016100019303 7.00541704554 -10.513 18.0648 14.9757
9.44564 60000016100019304 60000016100019303 60000016100019314 60000016100019302 6.85511726265 -13.0972 26.365 18.4607
9.50872 60000016100019303 60000016100019302 60000016100019314 60000016100019301 6.49159774567 -16.0405 23.98 10.7887
9.50973 60000016100019302 60000016100019300 60000016100019314 60000016100019299 6.01075739884 -12.1638 19.7 -12.8719
9.59807 60000016100019300 60000016100019299 60000016100019314 60000016100019298 5.84661374788 -15.5935 26.9592 -0.942204
9.65297 60000016100019299 60000016100019298 60000016100019314 60000016100019297 5.52976580795 -11.3805 22.4375 -18.8133
9.05524 60000016100019387 60000016100019386 60000016100019394 60000016100019385 6.49159774567 5.2246 6.42212 -11.2882
9.07216 60000016100019386 60000016100019384 60000016100019394 60000016100019383 6.01075739884 10.1272 9.4009 -14.5423
9.02855 60000016100019440 60000016100019439 60000016100019448 60000016100019438 3.49086136926 0.209033 -2.99006 -0.175243
9.08038 60000016100019439 60000016100019438 60000016100019448 60000016100019437 3.28303305796 -2.01672 -4.10373 -6.11747
9.14108 60000016100019438 60000016100019436 60000016100019448 60000016100019435 3.00813107163 -2.4849 -5.17243 -12.3173
9.19641 60000016100019436 60000016100019435 60000016100019448 60000016100019434 2.89578500573 7.12202 -8.05455 -12.0339
9.2742 60000016100019435 60000016100019428 60000016100019448 60000016100019427 1.90408954353 29.2884 -22.6073 6.36478
9.0098 60000016100019485 60000016100019484 60000016100019495 60000016100019483 3.28303305796 3.8994 8.39293 5.74036
9.01298 60000016100019484 60000016100019483 60000016100019495 60000016100019482 3.08482263583 2.7207 3.867 -2.41671
9.01298 60000016100019483 60000016100019478 60000016100019495 60000016100019477 2.44422570455 8.72832 4.60467 5.70933
9.01614 60000016100019674 60000016100019673 60000016100019690 60000016100019672 4.66451770247 9.16053 -8.05188 0.186489
9.04945 60000016100019673 60000016100019672 60000016100019690 60000016100019671 4.42803373661 10.6147 -8.70757 -1.36973
9.08038 60000016100019672 60000016100019671 60000016100019690 60000016100019670 4.17683491473 8.37535 -6.56867 1.41167
9.13394 60000016100019671 60000016100019670 60000016100019690 60000016100019669 4.00794511147 10.4143 -8.84595 -3.54759
9.14811 60000016100019670 60000016100019669 60000016100019690 60000016100019668 3.93726108473 6.90104 -6.79645 -6.01092
9.15956 60000016100019669 60000016100019668 60000016100019690 60000016100019667 3.70877426464 8.71413 -2.77747 -2.18823
9.0316 60000016100019789 60000016100019788 60000016100019805 60000016100019787 4.66451770247 6.53602 -2.9242 -1.07417
9.06378 60000016100019788 60000016100019785 60000016100019805 60000016100019784 4.00794511147 3.23907 -1.93125 0.811889
9.09375 60000016100019785 60000016100019784 60000016100019805 60000016100019783 3.93726108473 2.81032 0.733528 0.846448
9.13871 60000016100019784 60000016100019783 60000016100019805 60000016100019782 3.70877426464 9.64474 1.22097 -1.67822
9.15502 60000016100019783 60000016100019781 60000016100019805 60000016100019780 3.28303305796 8.13488 3.43094 -4.19596
9.2026 60000016100019781 60000016100019780 60000016100019805 60000016100019779 3.08482263583 5.44412 -0.256112 -9.62157
9.21272 60000016100019780 60000016100019779 60000016100019805 60000016100019778 3.00813107163 5.744 -3.3431 -14.364
9.33111 60000016100019779 60000016100019778 60000016100019805 60000016100019777 2.89578500573 28.431 -23.834 -50.4455
9.20464 60000016100019838 60000016100019837 60000016100019839 60000016100019836 0.700106353719 -3.10163 1.68113 1.31138
9.04358 60000016100019891 60000016100019890 60000016100019899 60000016100019889 4.00794511147 10.1012 -1.39935 -27.3663
9.2087 60000016100019890 60000016100019887 60000016100019899 60000016100019886 3.49086136926 6.0002 -15.2719 -14.8838
9.22457 60000016100019887 60000016100019886 60000016100019899 60000016100019885 3.28303305796 8.09583 -13.1031 -15.3448
9.25466 60000016100019886 60000016100019885 60000016100019899 60000016100019884 3.08482263583 4.62488 -15.8232 -14.5637
9.2742 60000016100019885 60000016100019883 60000016100019899 60000016100019882 2.89578500573 7.10655 -16.88 -12.3478
9.2742 60000016100019883 60000016100019882 60000016100019899 60000016100019881 2.73314261732 9.12791 -17.2666 -12.6982
9.29622 60000016100019882 60000016100019881 60000016100019899 60000016100019880 2.5772902716 8.37194 -17.6001 -11.0872
9.07216 60000016100020010 60000016100020009 60000016100020016 60000016100020008 8.44947629437 -5.25037 2.26783 3.53011
9.14578 60000016100020009 60000016100020008 60000016100020016 60000016100020007 8.01217294887 -3.17749 2.46299 3.74609
9.26008 60000016100020008 60000016100020007 60000016100020016 60000016100020006 7.59510714987 -10.5518 0.182362 0.200341
9.35338 60000016100020007 60000016100020006 60000016100020016 60000016100020005 7.23627606617 -10.6567 0.860359 -5.96886
9.36763 60000016100020006 60000016100020005 60000016100020016 60000016100020004 7.00541704554 -11.6244 2.94162 -5.04427
9.39214 60000016100020005 60000016100020004 60000016100020016 60000016100020003 6.85511726265 -5.57402 3.46261 -8.51982
9.42649 60000016100020004 60000016100020003 60000016100020016 60000016100020002 6.49159774567 -1.43535 3.36346 -6.62232
9.626 60000016100020003 60000016100020002 60000016100020016 60000016100020001 6.14490120342 -18.2145 10.6675 12.723
9.72935 60000016100020002 60000016100020000 60000016100020016 60000016100019999 5.84661374788 -18.6233 8.42326 17.0152
10.1013 60000016100020000 60000016100019998 60000016100020016 60000016100019997 5.22758097313 -66.7158 28.0967 66.5037
10.1559 60000016100019998 60000016100019997 60000016100020016 60000016100019996 4.99593346816 -76.3327 23.1008 62.9874
10.169 60000016100019997 60000016100019996 60000016100020016 60000016100019995 4.93938066349 -70.7412 24.3242 63.0163
10.1846 60000016100019996 60000016100019995 60000016100020016 60000016100019994 4.66451770247 -65.5276 24.0361 59.1845
10.2061 60000016100019995 60000016100019994 60000016100020016 60000016100019993 4.42803373661 -63.7026 25.1124 65.4301
10.2628 60000016100019994 60000016100019992 60000016100020016 60000016100019991 4.00794511147 -66.736 31.5604 60.1287
10.3361 60000016100019992 60000016100019990 60000016100020016 60000016100019989 3.70877426464 -69.9022 17.9939 59.3016
10.3635 60000016100019990 60000016100019989 60000016100020016 60000016100019988 3.49086136926 -119.419 -19.5043 74.1214
9.21869 60000016100020031 60000016100020030 60000016100020040 60000016100020029 7.00541704554 4.91174 12.7111 7.97406
9.23988 60000016100020030 60000016100020028 60000016100020040 60000016100020027 6.49159774567 -0.352103 7.86757 -1.88421
9.0316 60000016100020079 60000016100020078 60000016100020082 60000016100020077 9.99659046619 3.31385 -4.17584 -0.183087
9.13394 60000016100020078 60000016100020076 60000016100020082 60000016100020075 9.38877127194 2.93043 -1.23625 3.97721
9.19223 60000016100020076 60000016100020075 60000016100020082 60000016100020074 9.00233985416 2.65561 0.326605 1.91511
9.31401 60000016100020075 60000016100020073 60000016100020082 60000016100020072 8.44947629437 3.51048 3.65459 0.923442
9.41534 60000016100020073 60000016100020072 60000016100020082 60000016100020071 8.01217294887 6.27792 6.55864 -2.11133
9.46733 60000016100020072 60000016100020071 60000016100020082 60000016100020070 7.59510714987 2.61846 3.51776 4.23838
9.50973 60000016100020071 60000016100020070 60000016100020082 60000016100020069 7.23627606617 -1.16171 7.96235 1.60089
9.55021 60000016100020070 60000016100020069 60000016100020082 60000016100020068 7.00541704554 3.43677 2.32132 0.0553025
9.57175 60000016100020069 60000016100020068 60000016100020082 60000016100020067 6.85511726265 0.81294 4.346 -3.28324
9.5956 60000016100020068 60000016100020067 60000016100020082 60000016100020066 6.49159774567 6.06119 7.86765 -2.17262
9.61742 60000016100020067 60000016100020065 60000016100020082 60000016100020064 6.01075739884 9.90491 7.81134 -6.15172
9.00012 60000016100020158 60000016100020157 60000016100020171 60000016100020156 4.17683491473 -1.18457 -5.13076 -4.21387
9.11179 60000016100020157 60000016100020156 60000016100020171 60000016100020155 4.00794511147 -3.69443 -2.47961 -0.0109177
9.1193 60000016100020156 60000016100020154 60000016100020171 60000016100020153 3.70877426464 -6.25124 -2.8774 0.149762
9.2087 60000016100020154 60000016100020151 60000016100020171 60000016100020150 3.08482263583 -4.04721 3.20929 1.19748
9.23229 60000016100020151 60000016100020149 60000016100020171 60000016100020148 2.89578500573 -10.5294 4.67864 10.4808
9.31401 60000016100020149 60000016100020148 60000016100020171 60000016100020147 2.73314261732 -13.4563 7.25443 14.3921
9.35483 60000016100020148 60000016100020147 60000016100020171 60000016100020146 2.5772902716 -25.4107 -1.83988 17.6768
9.02239 60000016100020240 60000016100020239 60000016100020252 60000016100020238 4.17683491473 30.6625 -4.60253 -21.8776
9.00012 60000016100020513 60000016100020512 60000016100020533 60000016100020511 2.1032696526 5.15161 -4.55339 2.9862
9.00337 60000016100021069 60000016100021068 60000016100021075 60000016100021067 7.23627606617 -17.5272 -0.58487 -14.2335
9.0066 60000016100021068 60000016100021064 60000016100021075 60000016100021063 6.14490120342 -0.53449 -8.7718 0.948346
9.04653 60000016100021064 60000016100021062 60000016100021075 60000016100021061 5.84661374788 -2.59284 -4.91319 -1.68774
9.16182 60000016100021062 60000016100021061 60000016100021075 60000016100021060 5.52976580795 -3.52393 -3.86481 -9.36948
9.23799 60000016100021061 60000016100021060 60000016100021075 60000016100021059 5.22758097313 -0.760733 -0.446278 -17.959
9.23799 60000016100021060 60000016100021059 60000016100021075 60000016100021058 4.99593346816 -2.02627 0.0553843 -9.10113
9.26896 60000016100021059 60000016100021057 60000016100021075 60000016100021056 4.66451770247 -1.37838 10.3253 -19.5351
9.49431 60000016100021057 60000016100021056 60000016100021075 60000016100021055 4.42803373661 -3.27833 10.5476 -41.8301
9.55204 60000016100021056 60000016100021055 60000016100021075 60000016100021054 4.17683491473 3.11811 10.2105 -40.9175
9.75479 60000016100021055 60000016100021052 60000016100021075 60000016100021051 3.70877426464 17.7821 26.1167 -49.3681
9.77881 60000016100021052 60000016100021051 60000016100021075 60000016100021050 3.49086136926 18.9067 20.4735 -41.974
9.8719 60000016100021051 60000016100021050 60000016100021075 60000016100021049 3.28303305796 -0.435044 33.6774 -41.3338
9.88316 60000016100021050 60000016100021049 60000016100021075 60000016100021048 3.08482263583 10.0997 43.5319 -37.1259
9.90198 60000016100021049 60000016100021048 60000016100021075 60000016100021047 3.00813107163 14.6975 52.0383 -47.9982
9.90239 60000016100021048 60000016100021047 60000016100021075 60000016100021046 2.89578500573 12.9769 51.2895 -51.0762
9.94333 60000016100021047 60000016100021046 60000016100021075 60000016100021045 2.73314261732 16.3693 63.2363 -53.3288
9.97178 60000016100021046 60000016100021044 60000016100021075 60000016100021043 2.44422570455 3.72432 57.2827 -44.0496
9.56646 60000016100021085 60000016100021084 60000016100021101 60000016100021083 4.00794511147 7.07823 13.4401 -37.9115
9.62831 60000016100021084 60000016100021083 60000016100021101 60000016100021052 3.93726108473 12.3581 16.712 -37.5087
9.0066 60000016100021161 60000016100021160 60000016100021169 60000016100021159 8.01217294887 -0.797482 3.61166 3.14644
9.06378 60000016100021160 60000016100021159 60000016100021169 60000016100021158 7.59510714987 -2.44657 4.82839 3.50115
9.11681 60000016100021159 60000016100021158 60000016100021169 60000016100021157 7.23627606617 -0.0208669 6.87621 6.61536
9.14811 60000016100021158 60000016100021157 60000016100021169 60000016100021156 7.00541704554 -1.81773 6.48202 6.48476
9.15502 60000016100021157 60000016100021156 60000016100021169 60000016100021155 6.85511726265 -1.94311 4.32521 2.32134
9.22066 60000016100021156 60000016100021155 60000016100021169 60000016100021154 6.49159774567 -3.14017 7.13285 3.65019
9.22651 60000016100021155 60000016100021154 60000016100021169 60000016100021153 6.14490120342 0.44163 5.10876 1.55009
9.29457 60000016100021154 60000016100021153 60000016100021169 60000016100021152 6.01075739884 -1.64677 2.87818 -4.89945
9.38005 60000016100021153 60000016100021151 60000016100021169 60000016100021150 5.52976580795 -6.83254 3.54577 0.466174
9.43856 60000016100021151 60000016100021149 60000016100021169 60000016100021148 4.99593346816 -8.35019 1.17758 -3.89132
9.44564 60000016100021149 60000016100021148 60000016100021169 60000016100021147 4.93938066349 -6.66555 0.850572 -4.2489
9.44914 60000016100021148 60000016100021146 60000016100021169 60000016100021145 4.42803373661 -3.84723 2.09524 1.98721
9.51675 60000016100021146 60000016100021144 60000016100021169 60000016100021143 4.00794511147 -8.36085 3.52341 0.3551
9.58383 60000016100021144 60000016100021141 60000016100021169 60000016100021140 3.49086136926 0.611229 13.3151 1.60817
9.0316 60000016100021355 60000016100021354 60000016100021356 60000016100021353 2.31611074396 15.5631 -6.82086 5.84078
9.00337 60000016100021413 60000016100021412 60000016100021438 60000016100021411 1.66666955611 0.51705 -0.201075 -6.80042
9.01298 60000016100021412 60000016100021410 60000016100021438 60000016100021409 1.53123902916 -7.28872 4.02917 -10.4796
9.01928 60000016100021410 60000016100021405 60000016100021438 60000016100021404 1.24847261425 -7.34915 3.12285 -8.44652
9.02855 60000016100021405 60000016100021404 60000016100021438 60000016100021403 1.20625808078 -3.99588 2.22942 -8.95874
9.04358 60000016100021404 60000016100021403 60000016100021438 60000016100021402 1.15460271236 -6.91843 2.31142 -8.08469
9.04653 60000016100021403 60000016100021402 60000016100021438 60000016100021401 1.11415056377 -4.92689 2.62006 -7.53178
9.05524 60000016100021402 60000016100021399 60000016100021438 60000016100021398 0.997294225782 -6.40433 0.142308 -5.98318
9.03763 60000016100021516 60000016100021515 60000016100021528 60000016100021514 3.08482263583 5.98479 7.28462 -3.35861
9.0666 60000016100021633 60000016100021632 60000016100021640 60000016100021631 5.84661374788 -7.98602 0.319365 -14.8369
9.16407 60000016100021632 60000016100021631 60000016100021640 60000016100021630 5.52976580795 -4.02937 -8.03372 -16.3741
9.16407 60000016100021631 60000016100021630 60000016100021640 60000016100021629 5.22758097313 -5.00245 -0.00332589 -9.21603
9.1663 60000016100021630 60000016100021629 60000016100021640 60000016100021628 4.99593346816 -1.68893 0.402223 -7.73231
9.32342 60000016100021629 60000016100021627 60000016100021640 60000016100021626 4.66451770247 11.6875 3.42476 -7.16739
9.33866 60000016100021627 60000016100021625 60000016100021640 60000016100021624 4.17683491473 9.11402 7.2465 -10.3397
9.3974 60000016100021625 60000016100021624 60000016100021640 60000016100021623 4.00794511147 -0.065766 12.9012 -18.3348
9.3974 60000016100021624 60000016100021623 60000016100021640 60000016100021622 3.93726108473 8.64365 2.57249 -10.8684
9.41029 60000016100021623 60000016100021622 60000016100021640 60000016100021621 3.70877426464 6.43007 0.744221 -10.0685
9.41534 60000016100021622 60000016100021620 60000016100021640 60000016100021619 3.28303305796 -1.63115 8.98033 -12.2837
9.42033 60000016100021620 60000016100021619 60000016100021640 60000016100021618 3.08482263583 5.22464 4.5596 -5.28229
9.43015 60000016100021619 60000016100021618 60000016100021640 60000016100021617 3.00813107163 2.38168 8.10131 -7.3187
9.0098 60000016100021789 60000016100021788 60000016100021802 60000016100021787 3.49086136926 -6.1636 -4.37165 -4.45689
9.02548 60000016100021788 60000016100021787 60000016100021802 60000016100021786 3.28303305796 -6.21829 -4.88094 -5.63093
9.02855 60000016100021787 60000016100021786 60000016100021802 60000016100021785 3.08482263583 -4.33761 -3.15544 -5.70768
9.0316 60000016100021786 60000016100021781 60000016100021802 60000016100021780 2.44422570455 8.34267 -5.37147 0.469524
9.13154 60000016100021781 60000016100021780 60000016100021802 60000016100021779 2.31611074396 11.1534 -2.66771 -0.699045
9.30602 60000016100021780 60000016100021778 60000016100021802 60000016100021777 2.1032696526 28.0184 -35.2026 23.9456
9.07216 60000016100021925 60000016100021924 60000016100021928 60000016100021923 10.3674435724 0.652921 7.54307 2.56289
9.33111 60000016100021924 60000016100021923 60000016100021928 60000016100021922 9.99659046619 2.25809 4.68493 4.94684
9.34313 60000016100021923 60000016100021922 60000016100021928 60000016100021921 9.84138043947 6.85219 4.6563 7.97344
9.35771 60000016100021922 60000016100021921 60000016100021928 60000016100021920 9.38877127194 9.61042 0.106963 9.66632
9.36763 60000016100021921 60000016100021920 60000016100021928 60000016100021919 9.00233985416 8.1607 1.53858 10.3689
9.60866 60000016100021920 60000016100021919 60000016100021928 60000016100021918 8.9079991856 1.56395 -8.79895 7.15151
9.78314 60000016100021919 60000016100021918 60000016100021928 60000016100021917 8.44947629437 26.0448 9.06658 -7.03735
9.80975 60000016100021918 60000016100021912 60000016100021928 60000016100021911 6.49159774567 -15.2697 5.68792 -11.5482
9.81578 60000016100021912 60000016100021911 60000016100021928 60000016100021910 6.14490120342 -10.8664 4.85322 -6.64502
9.83958 60000016100021911 60000016100021910 60000016100021928 60000016100021909 6.01075739884 -8.6432 -2.18375 -0.0435904
9.92857 60000016100021910 60000016100021909 60000016100021928 60000016100021908 5.84661374788 -14.1142 -1.69126 -10.9977
10.0352 60000016100021909 60000016100021908 60000016100021928 60000016100021907 5.52976580795 -29.771 -4.18043 -3.25288
10.1168 60000016100021908 60000016100021907 60000016100021928 60000016100021906 5.22758097313 -31.1252 -13.061 0.795714
10.1363 60000016100021907 60000016100021906 60000016100021928 60000016100021905 4.99593346816 -4.42797 -14.975 -2.34158
10.1366 60000016100021906 60000016100021905 60000016100021928 60000016100021904 4.93938066349 -16.4009 -8.98908 3.24979
10.1747 60000016100021905 60000016100021904 60000016100021928 60000016100021903 4.66451770247 -12.3908 -15.7737 4.85144
10.3079 60000016100021904 60000016100021903 60000016100021928 60000016100021902 4.42803373661 4.31461 -39.6673 24.7406
10.3267 60000016100021903 60000016100021902 60000016100021928 60000016100021901 4.17683491473 5.64553 -18.5067 26.6213
10.4326 60000016100021902 60000016100021901 60000016100021928 60000016100021900 4.00794511147 13.2575 -16.4673 19.0864
10.4443 60000016100021901 60000016100021900 60000016100021928 60000016100021899 3.93726108473 -4.56948 -12.6939 17.9613
10.4618 60000016100021900 60000016100021899 60000016100021928 60000016100021898 3.70877426464 1.49146 -4.6333 5.9189
10.4964 60000016100021899 60000016100021898 60000016100021928 60000016100021897 3.49086136926 -0.00406767 -2.49624 16.348
10.5153 60000016100021898 60000016100021897 60000016100021928 60000016100021896 3.28303305796 -4.04312 -1.36301 19.4384
10.5243 60000016100021897 60000016100021896 60000016100021928 60000016100021895 3.08482263583 -17.2598 -19.5232 -1.75648
10.5394 60000016100021896 60000016100021895 60000016100021928 60000016100021894 3.00813107163 -35.1253 -19.5582 -0.689558
10.5497 60000016100021895 60000016100021894 60000016100021928 60000016100021893 2.89578500573 -53.8972 -15.0897 3.37509
10.5596 60000016100021894 60000016100021893 60000016100021928 60000016100021892 2.73314261732 -60.1562 -20.7755 -6.07019
10.58 60000016100021893 60000016100021892 60000016100021928 60000016100021891 2.5772902716 -36.3342 -18.7686 -0.469061
10.6009 60000016100021892 60000016100021891 60000016100021928 60000016100021890 2.44422570455 -42.8681 -15.0021 1.04821
10.6295 60000016100021891 60000016100021890 60000016100021928 60000016100021889 2.31611074396 -36.7851 1.24757 6.70842
10.7127 60000016100021890 60000016100021889 60000016100021928 60000016100021888 2.20792547238 -101.625 117.956 2.64252
9.04358 60000016100021936 60000016100021935 60000016100021939 60000016100021934 9.38877127194 -7.43829 -9.46224 -10.1426
9.35483 60000016100021935 60000016100021934 60000016100021939 60000016100021918 9.00233985416 3.05013 -8.13824 -10.2252
9.11681 60000016100021986 60000016100021985 60000016100021995 60000016100021984 7.59510714987 -0.499795 1.87626 3.43386
9.1193 60000016100021985 60000016100021981 60000016100021995 60000016100021980 6.49159774567 -1.55858 -3.12491 2.00093
9.08038 60000016100022018 60000016100022017 60000016100022023 60000016100022016 7.23627606617 -16.001 -21.8471 11.7326
9.2845 60000016100022063 60000016100022062 60000016100022068 60000016100022061 7.59510714987 -13.1699 -10.2614 12.275
9.29457 60000016100022062 60000016100022060 60000016100022068 60000016100022059 7.00541704554 -8.86476 -13.3072 26.0138
9.29622 60000016100022060 60000016100022059 60000016100022068 60000016100022058 6.85511726265 9.00391 -14.168 -4.00717
9.53332 60000016100022059 60000016100022057 60000016100022068 60000016100022056 6.14490120342 5.83486 -6.41693 -12.2177
9.59642 60000016100022057 60000016100022054 60000016100022068 60000016100022053 5.52976580795 8.321 -5.10659 -9.86117
9.61584 60000016100022054 60000016100022052 60000016100022068 60000016100022051 4.99593346816 21.2397 -2.98883 -16.3594
9.61663 60000016100022052 60000016100022051 60000016100022068 60000016100022050 4.93938066349 26.1265 -1.67554 -16.1976
9.6573 60000016100022051 60000016100022050 60000016100022068 60000016100022049 4.66451770247 28.0373 -5.3985 -14.8786
9.30923 60000016100022091 60000016100022090 60000016100022099 60000016100022089 6.49159774567 -8.16294 -21.4719 15.8947
9.01298 60000016100022267 60000016100022266 60000016100022276 60000016100022265 8.01217294887 0.050241 -4.63975 0.224872
9.07766 60000016100022266 60000016100022265 60000016100022276 60000016100022264 7.59510714987 -2.43674 -11.0774 0.835147
9.18162 60000016100022265 60000016100022263 60000016100022276 60000016100022262 7.00541704554 -6.85381 -1.85888 -2.25743
9.57175 60000016100022263 60000016100022261 60000016100022276 60000016100022260 6.49159774567 33.2452 -0.545453 7.07501
9.65005 60000016100022261 60000016100022260 60000016100022276 60000016100022259 6.14490120342 12.7993 -6.12088 3.61507
9.66584 60000016100022260 60000016100022258 60000016100022276 60000016100022257 5.84661374788 6.80451 -4.01157 2.58969
9.70039 60000016100022258 60000016100022256 60000016100022276 60000016100022255 5.22758097313 -6.06646 -10.6772 0.800376
9.74373 60000016100022256 60000016100022255 60000016100022276 60000016100022254 4.99593346816 -11.1032 -7.49624 -5.14598
9.76669 60000016100022255 60000016100022254 60000016100022276 60000016100022253 4.93938066349 -12.5278 -7.11791 -7.8295
9.77881 60000016100022254 60000016100022250 60000016100022276 60000016100022249 4.00794511147 -14.0354 -3.25316 -26.1657
9.83626 60000016100022250 60000016100022248 60000016100022276 60000016100022247 3.70877426464 -4.85399 9.85029 -34.2026
9.85808 60000016100022248 60000016100022247 60000016100022276 60000016100022246 3.49086136926 -4.86469 11.941 -35.9453
9.0066 60000016100022313 60000016100022312 60000016100022323 60000016100022311 6.14490120342 0.243412 -3.05031 -5.7988
9.01614 60000016100022312 60000016100022310 60000016100022323 60000016100022309 5.84661374788 1.01526 -4.13244 -5.7693
9.02548 60000016100022426 60000016100022425 60000016100022445 60000016100022424 2.31611074396 -0.683724 -1.43466 -8.09166
9.06939 60000016100022425 60000016100022424 60000016100022445 60000016100022423 2.20792547238 -1.67329 -0.469725 -4.97257
9.08578 60000016100022424 60000016100022422 60000016100022445 60000016100022421 2.00202813925 -3.30006 -0.377761 -3.38618
9.02239 60000016100022587 60000016100022586 60000016100022623 60000016100022585 1.07445789455 21.4692 -1.99693 -25.7129
9.0066 60000016100022698 60000016100022697 60000016100022709 60000016100022696 3.00813107163 -18.042 -7.25672 3.25644
