logMh | fpID | subhaloID | main leaf ID | descID |  z
9.09111 1302651 1302650 1302656 1302649 11.4973879548 5.75611 -4.87129 -7.76671
9.14811 1302650 1302649 1302656 1302648 10.9190331982 6.49573 -5.16576 -4.48464
9.37042 1302649 1302648 1302656 1302647 10.3674435724 3.66331 -16.8417 1.75863
9.40646 1302648 1302647 1302656 1302646 9.99659046619 3.50593 -17.0833 -1.09105
9.71385 1302647 1302645 1302656 1302644 9.38877127194 7.35595 -16.6378 -3.27603
10.3376 1302645 1302644 1302656 1302643 9.00233985416 11.4371 -8.56287 -12.8166
10.3554 1302644 1302643 1302656 1302642 8.9079991856 6.96693 -22.9263 -14.4996
10.5187 1302643 1302642 1302656 1302641 8.44947629437 22.8322 -17.5599 -27.2646
10.6171 1302642 1302641 1302656 1302640 8.01217294887 23.7748 -15.2362 -32.5435
10.6966 1302641 1302640 1302656 1302639 7.59510714987 24.9862 -27.0102 -32.6888
10.7464 1302640 1302639 1302656 1302638 7.23627606617 25.6154 -19.3221 -42.1581
10.7897 1302639 1302638 1302656 1302637 7.00541704554 45.625 14.7018 -38.0763
10.8173 1302638 1302637 1302656 1302636 6.85511726265 51.495 14.2805 -36.14
10.877 1302637 1302636 1302656 1302635 6.49159774567 61.9398 51.9494 -51.3108
10.9355 1302636 1302635 1302656 1302634 6.14490120342 55.9754 65.2859 -52.4832
10.9662 1302635 1302634 1302656 1302633 6.01075739884 27.1928 42.0187 -38.995
10.9928 1302634 1302633 1302656 1302632 5.84661374788 32.4348 40.4001 -25.0419
11.0698 1302633 1302632 1302656 1302631 5.52976580795 -10.2187 -30.8498 -11.7337
11.1231 1302632 1302631 1302656 1302630 5.22758097313 7.98401 -42.5658 -25.2886
11.1745 1302631 1302630 1302656 1302629 4.99593346816 -14.7081 -104.474 1.09154
11.1872 1302630 1302629 1302656 1302628 4.93938066349 -16.881 -95.8417 11.4092
11.2212 1302629 1302628 1302656 1302627 4.66451770247 -14.9166 -160.808 21.5446
11.2558 1302628 1302627 1302656 1302626 4.42803373661 4.93728 -122.81 59.8399
11.2781 1302627 1302626 1302656 1302625 4.17683491473 1.14863 -101.854 48.5427
11.3056 1302626 1302625 1302656 1302624 4.00794511147 -6.74463 -104.071 78.3955
11.3514 1302625 1302624 1302656 1302623 3.93726108473 -5.27167 -131.049 58.0493
11.5209 1302624 1302623 1302656 1302622 3.70877426464 -10.1432 -182.21 111.168
11.6417 1302623 1302622 1302656 1302621 3.49086136926 -0.640889 -229.85 125.416
11.6933 1302622 1302621 1302656 1302620 3.28303305796 15.9203 -249.35 96.6484
11.7388 1302621 1302620 1302656 1302619 3.08482263583 6.4633 -248.631 112.488
11.8028 1302620 1302619 1302656 1302618 3.00813107163 26.454 -314.315 -80.3322
11.8627 1302619 1302618 1302656 1302617 2.89578500573 9.81499 -168.596 362.669
11.8659 1302618 1302617 1302656 1302616 2.73314261732 2.99026 -38.1485 560.558
11.9029 1302617 1302615 1302656 1302614 2.44422570455 74.871 -77.509 869.932
11.9072 1302615 1302614 1302656 1302613 2.31611074396 270.08 -256.165 693.825
11.9077 1302614 1302611 1302656 1302610 2.00202813925 -28.8768 253.996 519.903
11.9292 1302611 1302610 1302656 1302609 1.90408954353 -48.0173 428.367 469.399
11.9561 1302610 1302609 1302656 1302608 1.82268925262 -106.636 548.89 352.742
11.9777 1302609 1302608 1302656 1302607 1.74357057433 173.508 493.43 99.7551
11.9779 1302608 1302606 1302656 1302605 1.60423452207 44.6817 722.404 -170.008
11.9796 1302606 1302605 1302656 1302604 1.53123902916 40.7026 802.27 -242.823
11.9825 1302605 1302604 1302656 1302603 1.47197484527 145.249 765.82 -358.811
11.9933 1302604 1302603 1302656 1302602 1.41409822037 179.227 716.493 -442.341
12.0003 1302603 1302602 1302656 1302601 1.3575766674 146.696 715.247 -503.3
12.0053 1302602 1302601 1302656 1302600 1.30237845991 58.0915 821.22 -457.15
12.009 1302601 1302600 1302656 1302599 1.24847261425 124.719 824.82 -442.476
9.02239 1302665 1302664 1302669 1302663 10.3674435724 0.413598 0.352306 0.169485
9.10926 1302664 1302663 1302669 1302662 9.99659046619 0.990908 -3.03027 -1.94351
9.00012 1302698 1302697 1302701 1302696 12.6747021048 6.0311 5.19671 -1.44001
9.13871 1302697 1302696 1302701 1302695 12.0418635439 1.88905 -6.86028 -2.50885
9.31083 1302696 1302695 1302701 1302694 11.4973879548 -0.319922 -6.07257 -7.83868
9.52365 1302695 1302694 1302701 1302693 10.9190331982 -2.06571 5.58357 -2.99712
9.75651 1302694 1302693 1302701 1302692 10.3674435724 -18.278 -3.28556 -1.88785
9.84754 1302693 1302691 1302701 1302690 9.84138043947 -27.6185 -20.6507 4.1503
9.01928 1302715 1302714 1302721 1302642 8.9079991856 9.32961 -5.93863 -2.96636
9.00337 1302728 1302727 1302729 1302726 10.3674435724 -9.95037 -4.478 -7.58397
9.18589 1302727 1302724 1302729 1302723 9.38877127194 -6.3911 1.87672 -4.73311
9.14578 1302752 1302751 1302755 1302750 10.3674435724 0.364827 -2.23229 1.10979
9.35627 1302751 1302750 1302755 1302749 9.99659046619 0.782755 -3.5583 6.3752
9.35771 1302750 1302749 1302755 1302748 9.84138043947 1.14507 -4.35868 7.82148
9.02855 1302765 1302764 1302767 1302763 11.4973879548 -6.62873 -0.624196 -1.00467
9.05235 1302764 1302763 1302767 1302762 10.9190331982 -4.38992 -1.3807 -1.94636
9.2361 1302763 1302762 1302767 1302761 10.3674435724 -3.53583 2.71339 -5.03439
9.31874 1302762 1302761 1302767 1302760 9.99659046619 -2.45428 -3.63804 -1.40462
9.06096 1302841 1302840 1302846 1302839 8.01217294887 3.45709 2.3887 -15.9453
9.17073 1302840 1302839 1302846 1302838 7.59510714987 4.10175 15.5785 -0.619611
9.05811 1302885 1302884 1302890 1302883 9.99659046619 5.03212 2.65578 -3.40122
9.08309 1302884 1302883 1302890 1302882 9.84138043947 2.99747 2.37346 -2.84178
9.13634 1302883 1302882 1302890 1302881 9.38877127194 4.23338 3.43886 -2.0455
9.27594 1302882 1302881 1302890 1302880 9.00233985416 6.2675 3.97164 -1.5056
9.07766 1302912 1302911 1302916 1302910 9.84138043947 7.04952 0.613592 -8.92868
9.13154 1302911 1302910 1302916 1302909 9.38877127194 4.186 -7.49754 -5.67944
9.24548 1302910 1302909 1302916 1302908 9.00233985416 6.06199 -1.2807 -10.6678
9.34165 1302909 1302907 1302916 1302906 8.44947629437 10.2068 -3.15656 -3.22195
9.08578 1302985 1302984 1302987 1302983 11.4973879548 4.53647 1.24171 -4.26787
9.31401 1302984 1302983 1302987 1302982 10.9190331982 -6.97161 -10.2196 7.57504
9.51575 1302983 1302982 1302987 1302981 10.3674435724 -0.130216 -5.96747 -13.3145
9.56735 1302982 1302979 1302987 1302978 9.38877127194 -14.0033 -2.35701 8.154
9.66795 1302979 1302978 1302987 1302977 9.00233985416 -16.218 -13.1222 0.668957
9.70299 1302978 1302976 1302987 1302975 8.44947629437 -16.9198 -14.5663 -7.99016
9.71385 1302976 1302975 1302987 1302974 8.01217294887 -15.5661 -7.66642 -1.19643
9.74725 1302975 1302973 1302987 1302972 7.23627606617 -23.3213 7.99795 -8.50082
9.07216 1303172 1303171 1303178 1303170 9.38877127194 2.46664 5.70453 -6.5552
9.10671 1303171 1303169 1303178 1303168 8.9079991856 6.08809 8.27382 -9.49954
9.16852 1303169 1303168 1303178 1303167 8.44947629437 6.28139 9.47101 -8.84071
9.18802 1303168 1303167 1303178 1303166 8.01217294887 6.95325 8.28527 -9.21174
9.21671 1303167 1303166 1303178 1303165 7.59510714987 4.49641 8.79657 -5.68185
9.27766 1303166 1303165 1303178 1303164 7.23627606617 4.5339 9.88622 -6.24865
9.30115 1303165 1303163 1303178 1303162 6.85511726265 13.1741 17.3528 -11.0225
9.34313 1303163 1303162 1303178 1303161 6.49159774567 18.6665 12.2049 -7.53844
9.15502 1303234 1303233 1303238 1303232 7.23627606617 3.94299 1.14633 1.42152
9.16852 1303233 1303232 1303238 1303231 7.00541704554 3.51426 -1.97065 1.44603
9.16852 1303232 1303231 1303238 1303230 6.85511726265 2.68902 -7.13371 0.876265
9.22457 1303231 1303230 1303238 1303229 6.49159774567 5.47519 -7.57942 0.414892
9.25101 1303230 1303229 1303238 1303228 6.14490120342 4.5883 1.15628 1.29146
9.01298 1303254 1303253 1303267 1303252 6.85511726265 -1.83015 0.266625 1.46116
9.03763 1303286 1303285 1303289 1303284 7.59510714987 -7.84728 -7.47738 -3.29828
9.07492 1303285 1303284 1303289 1303283 7.23627606617 -5.39588 -7.56327 -5.72553
9.08845 1303284 1303282 1303289 1303281 6.85511726265 -5.98775 -6.80423 -5.66873
9.11179 1303282 1303281 1303289 1303280 6.49159774567 -13.492 -5.60055 -6.40846
9.12668 1303281 1303280 1303289 1303279 6.14490120342 -9.0142 -6.29978 -5.98448
9.63366 1303466 1303465 1303471 1303464 8.01217294887 8.54324 1.96085 -8.5233
9.81127 1303465 1303464 1303471 1303463 7.59510714987 23.9145 -12.2321 -13.8487
9.91884 1303464 1303463 1303471 1303462 7.23627606617 44.6722 -18.4354 -28.8495
10.0581 1303463 1303462 1303471 1303461 7.00541704554 65.6465 -24.6699 -36.1241
10.0987 1303462 1303461 1303471 1303460 6.85511726265 65.1339 -19.7977 -40.9216
10.1696 1303461 1303460 1303471 1303459 6.49159774567 57.7784 -14.9025 -39.2107
10.1861 1303460 1303458 1303471 1303457 6.01075739884 54.9852 -24.598 -32.7367
9.00012 1303488 1303487 1303493 1303486 9.38877127194 2.84729 -1.39499 6.94102
9.28788 1303487 1303486 1303493 1303485 9.00233985416 6.29013 -1.12751 -10.2483
9.42281 1303486 1303485 1303493 1303484 8.9079991856 2.95033 4.56975 1.79779
9.0066 1303529 1303528 1303531 1303527 12.0418635439 0.934025 -0.801667 -4.60154
9.09111 1303528 1303527 1303531 1303526 11.4973879548 0.608357 -0.791697 -3.80409
9.30278 1303527 1303526 1303531 1303525 10.9190331982 -3.40233 0.156939 -3.55596
9.33415 1303526 1303525 1303531 1303524 10.3674435724 -5.07987 -0.519378 -2.31445
9.39609 1303525 1303524 1303531 1303523 9.99659046619 -1.00405 -4.32216 -3.44186
9.40902 1303524 1303523 1303531 1303522 9.84138043947 -2.36299 -3.43552 -2.72848
9.46733 1303523 1303522 1303531 1303521 9.38877127194 -2.53778 -3.9086 -2.38992
9.5256 1303522 1303521 1303531 1303520 9.00233985416 -3.26279 -5.00799 -1.49825
9.55204 1303521 1303520 1303531 1303519 8.9079991856 -4.79896 -1.77181 -3.22053
9.82565 1303520 1303519 1303531 1303518 8.44947629437 49.8047 -22.3294 -27.3326
9.03463 1303563 1303562 1303563 1303561 9.99659046619 4.81453 -2.35875 -4.87246
9.06939 1303562 1303561 1303563 1303560 9.84138043947 4.29219 -1.63724 -2.57071
9.13634 1303561 1303560 1303563 1303559 9.38877127194 3.99481 1.43975 -3.37846
9.16182 1303560 1303559 1303563 1303558 9.00233985416 3.0928 3.19652 -1.75558
9.19848 1303559 1303558 1303563 1303557 8.9079991856 4.20954 4.05629 -6.1321
9.33566 1303558 1303557 1303563 1303556 8.44947629437 0.665476 7.48272 -1.45804
9.45376 1303557 1303556 1303563 1303555 8.01217294887 1.41692 1.43795 1.22182
9.67284 1303556 1303555 1303563 1303554 7.59510714987 13.1762 0.356382 -5.10843
9.81728 1303555 1303554 1303563 1303553 7.23627606617 14.7632 12.3258 -6.36653
9.82565 1303554 1303553 1303563 1303552 7.00541704554 12.7307 16.7057 -3.76965
9.87843 1303553 1303552 1303563 1303551 6.85511726265 14.0706 5.83265 -7.6783
9.93126 1303552 1303551 1303563 1303550 6.49159774567 31.4048 2.51511 -5.65926
10.079 1303551 1303550 1303563 1303549 6.14490120342 12.8821 -26.264 9.66616
9.0066 1303571 1303570 1303574 1303569 8.44947629437 0.677162 -1.26673 -2.76774
9.0098 1303608 1303607 1303612 1303606 7.59510714987 -2.34001 -7.19443 -3.20277
9.09898 1303607 1303606 1303612 1303605 7.23627606617 0.920927 -6.16803 4.599
9.03763 1303624 1303623 1303634 1303622 5.52976580795 -9.15949 -7.61756 -11.4378
9.03763 1303623 1303622 1303634 1303621 5.22758097313 -11.6339 -9.30993 -11.4583
9.05524 1303643 1303642 1303657 1303641 4.99593346816 -6.55117 0.203426 -1.94555
9.08038 1303642 1303641 1303657 1303640 4.93938066349 -10.4487 0.587853 -5.89847
9.00012 1303844 1303843 1303850 1303842 7.00541704554 2.92015 1.17069 -4.61775
9.00012 1303865 1303864 1303872 1303863 5.84661374788 4.05718 -0.776031 5.78364
9.02239 1303864 1303863 1303872 1303862 5.52976580795 6.85816 -0.69644 6.13451
9.0316 1303863 1303862 1303872 1303861 5.22758097313 3.86572 -0.299595 9.6197
9.08309 1304056 1304055 1304065 1304054 5.22758097313 4.44981 -9.86874 4.55545
9.09637 1304055 1304053 1304065 1304052 4.93938066349 3.08462 -6.31568 4.1099
9.10926 1304202 1304201 1304203 1304200 13.3382482898 -1.90365 0.731189 2.48779
9.18802 1304201 1304199 1304203 1304198 12.0418635439 2.00113 -2.46753 2.09497
9.37457 1304199 1304198 1304203 1304197 11.4973879548 -4.12393 -1.66664 5.8634
9.50158 1304198 1304197 1304203 1304196 10.9190331982 -3.49246 -4.34908 2.51551
9.60866 1304197 1304196 1304203 1304195 10.3674435724 -2.12546 -2.0718 9.68855
9.69383 1304196 1304195 1304203 1304194 9.99659046619 -4.78006 -0.924343 3.15094
9.73239 1304195 1304194 1304203 1304193 9.84138043947 -3.2041 -4.26262 -0.583438
9.84052 1304194 1304193 1304203 1304192 9.38877127194 4.03119 2.70026 3.91514
9.95254 1304193 1304192 1304203 1304191 9.00233985416 -6.61855 2.93344 16.5059
9.96582 1304192 1304191 1304203 1304190 8.9079991856 -8.42521 2.62095 18.6154
10.0708 1304191 1304190 1304203 1304189 8.44947629437 -21.3431 3.35182 34.9729
10.1773 1304190 1304189 1304203 1304188 8.01217294887 -9.99406 16.5993 34.5399
10.2187 1304189 1304188 1304203 1304187 7.59510714987 -13.7965 8.14816 27.7656
10.2934 1304188 1304187 1304203 1304186 7.23627606617 -11.3546 11.9195 34.9252
10.3704 1304187 1304186 1304203 1304185 7.00541704554 8.38854 2.50988 37.34
10.4137 1304186 1304185 1304203 1304184 6.85511726265 23.6562 7.16031 45.8378
10.4724 1304185 1304184 1304203 1304183 6.49159774567 28.359 11.4023 43.0692
10.5248 1304184 1304183 1304203 1304182 6.14490120342 14.6343 -0.435359 14.9188
10.6622 1304183 1304182 1304203 1304181 6.01075739884 5.14975 -72.144 -0.310132
10.6694 1304182 1304181 1304203 1304180 5.84661374788 -26.7105 -38.0114 32.3477
10.7479 1304181 1304180 1304203 1304179 5.52976580795 -29.0374 48.9722 69.6351
10.8398 1304180 1304179 1304203 1304178 5.22758097313 -14.0979 119.478 36.9368
10.8472 1304179 1304177 1304203 1304176 4.93938066349 -9.98396 120.127 108.178
10.9966 1304177 1304176 1304203 1304175 4.66451770247 164.236 267.702 16.2986
11.0647 1304176 1304175 1304203 1304174 4.42803373661 191.307 256.286 -0.954064
11.0877 1304175 1304174 1304203 1304173 4.17683491473 153.009 238.169 29.2002
9.07216 1304218 1304217 1304220 1304216 11.4973879548 5.66437 5.07768 -1.50728
9.19013 1304217 1304215 1304220 1304214 10.3674435724 2.32489 0.52474 -3.87514
9.20464 1304215 1304214 1304220 1304213 9.99659046619 2.47993 0.0545165 -4.53364
9.22066 1304214 1304213 1304220 1304212 9.84138043947 1.44842 -1.28734 -4.84228
9.02855 1304258 1304257 1304267 1304256 7.00541704554 -9.05019 -6.88528 1.19633
9.03463 1304295 1304294 1304301 1304293 9.00233985416 -3.73547 2.09698 -5.96809
9.03463 1304294 1304293 1304301 1304292 8.9079991856 -4.61749 2.76369 -6.07605
9.20464 1304293 1304292 1304301 1304291 8.44947629437 -1.59802 6.3774 -1.09898
9.28788 1304292 1304291 1304301 1304290 8.01217294887 -9.0638 15.2731 0.985424
9.29787 1304291 1304285 1304301 1304284 6.14490120342 -8.82877 -1.00026 7.32827
9.07216 1304392 1304391 1304399 1304390 8.01217294887 -0.782727 -1.48131 4.68264
9.09375 1304391 1304390 1304399 1304389 7.59510714987 0.175216 0.682259 2.09358
9.13154 1304390 1304389 1304399 1304388 7.23627606617 2.08766 -1.78668 3.02072
9.19641 1304389 1304388 1304399 1304387 7.00541704554 3.04765 0.637658 0.577293
9.19848 1304388 1304387 1304399 1304386 6.85511726265 2.32146 0.983836 0.414585
9.32342 1304387 1304386 1304399 1304385 6.49159774567 15.3981 6.34879 3.62062
9.24362 1304443 1304442 1304444 1304441 6.49159774567 18.4751 6.79242 15.4525
9.04358 1304482 1304481 1304491 1304480 7.00541704554 -2.72349 1.91553 5.75765
9.0316 1304565 1304564 1304567 1304563 5.84661374788 1.10011 9.28358 -9.77887
9.00012 1304653 1304652 1304663 1304651 6.14490120342 1.20466 -0.32474 -1.0189
9.00337 1304652 1304651 1304663 1304650 6.01075739884 1.53302 -1.34607 -1.84059
9.05811 1304651 1304650 1304663 1304649 5.84661374788 2.21358 -3.38601 -1.76054
9.09637 1304650 1304649 1304663 1304648 5.52976580795 -0.236429 -6.55577 -4.60406
9.13154 1304649 1304648 1304663 1304647 5.22758097313 -0.296836 -5.35181 -3.84932
9.15042 1304648 1304647 1304663 1304646 4.99593346816 -0.0470615 -5.8299 -4.7324
9.20668 1304647 1304645 1304663 1304644 4.66451770247 -1.29158 -2.1305 -3.85069
9.00012 1304756 1304755 1304770 1304754 4.93938066349 -1.46384 -5.01533 3.9391
9.01614 1304755 1304753 1304770 1304752 4.42803373661 -4.15896 -3.05131 1.99457
9.0316 1304753 1304751 1304770 1304750 4.00794511147 -5.38535 -1.53803 2.87482
9.11179 1304751 1304750 1304770 1304749 3.93726108473 -20.5945 13.7496 -2.08648
9.09637 1304908 1304907 1304911 1304906 10.3674435724 1.54343 -4.64199 4.60782
9.14344 1304907 1304903 1304911 1304902 9.00233985416 -8.95826 2.41448 6.57484
9.30278 1304903 1304901 1304911 1304900 8.44947629437 -9.36416 0.469693 4.55567
9.3156 1304901 1304900 1304911 1304899 8.01217294887 -8.53312 0.563882 5.58523
9.39346 1304900 1304899 1304911 1304898 7.59510714987 -7.8457 -3.04806 7.57634
9.45145 1304899 1304898 1304911 1304897 7.23627606617 -10.4166 -2.22675 0.0718329
9.48586 1304898 1304897 1304911 1304896 7.00541704554 -9.54387 -3.57769 -5.32941
9.53618 1304897 1304896 1304911 1304895 6.85511726265 -11.6949 -1.44748 -7.19975
9.56646 1304896 1304895 1304911 1304894 6.49159774567 -11.7885 -2.99432 -9.93563
9.7342 1304895 1304894 1304911 1304893 6.14490120342 -13.2536 9.65744 -19.6332
9.74842 1304894 1304893 1304911 1304892 6.01075739884 -14.312 11.8541 -23.4595
9.80261 1304893 1304891 1304911 1304890 5.52976580795 -20.3587 18.6052 -23.6855
9.1193 1305016 1305015 1305023 1305014 7.00541704554 -9.35847 -0.810477 -1.96967
9.18162 1305015 1305012 1305023 1305011 6.01075739884 -6.50057 1.39442 -5.31476
9.20055 1305012 1305011 1305023 1305010 5.84661374788 -6.689 0.318807 -4.08694
9.30278 1305011 1305009 1305023 1305008 5.22758097313 -10.2526 6.05273 -12.9977
9.31243 1305009 1305007 1305023 1305006 4.93938066349 -5.68397 -3.86141 -11.5581
9.33111 1305007 1305003 1305023 1305002 4.00794511147 -6.26085 -1.53499 -15.1853
9.37042 1305003 1305001 1305023 1305000 3.70877426464 -8.07115 -2.88152 -13.4136
9.41659 1305001 1305000 1305023 1304999 3.49086136926 -9.28938 -6.41485 -20.9937
9.46285 1305000 1304997 1305023 1304996 3.00813107163 -17.7217 -20.8559 -23.4302
9.01614 1305137 1305136 1305143 1305135 7.00541704554 -0.0719023 1.77589 -2.27109
9.08578 1305136 1305135 1305143 1305134 6.85511726265 4.44913 -0.852121 -1.08277
9.27938 1305135 1305134 1305143 1305133 6.49159774567 9.99629 -2.03979 7.30973
9.48692 1305134 1305128 1305143 1305127 4.99593346816 14.9299 -9.87841 16.2578
9.49221 1305128 1305126 1305143 1305125 4.66451770247 19.9085 -12.8104 -3.091
9.53428 1305126 1305122 1305143 1305121 3.93726108473 24.9997 -16.1464 -21.1207
9.04945 1305197 1305196 1305203 1305195 7.23627606617 -3.27944 -12.5903 -3.86038
9.12424 1305196 1305194 1305203 1305193 6.85511726265 0.0272314 -10.3665 -2.45491
9.1573 1305194 1305193 1305203 1305192 6.49159774567 -0.608396 -10.5091 -3.52544
9.25828 1305193 1305192 1305203 1305191 6.14490120342 -1.07519 -15.8376 -7.13806
9.33866 1305192 1305189 1305203 1305188 5.52976580795 -0.63177 -7.06987 -6.52494
9.34165 1305189 1305188 1305203 1305187 5.22758097313 -0.832786 -1.95928 1.5742
9.21472 1305342 1305341 1305346 1305340 10.3674435724 -5.61318 2.61176 -1.80233
9.31717 1305341 1305340 1305346 1305339 9.99659046619 0.741982 -2.5309 -4.38389
9.33111 1305340 1305339 1305346 1305338 9.84138043947 -0.460327 -2.75257 -4.29487
9.42157 1305339 1305338 1305346 1305337 9.38877127194 1.59445 -1.43946 -6.48881
9.43377 1305338 1305336 1305346 1305335 8.9079991856 2.57892 -3.14627 -5.0802
9.52948 1305336 1305335 1305346 1305334 8.44947629437 1.525 -3.29291 -5.07439
9.58723 1305335 1305334 1305346 1305333 8.01217294887 -0.854464 -2.10456 -4.73463
9.65297 1305334 1305333 1305346 1305332 7.59510714987 -4.63541 0.0656901 -8.02968
9.78368 1305333 1305332 1305346 1305331 7.23627606617 -14.4807 1.9249 -3.88932
9.80312 1305332 1305331 1305346 1305330 7.00541704554 -9.98429 -1.89034 -5.17544
9.88059 1305331 1305330 1305346 1305329 6.85511726265 -10.761 -1.91007 1.28911
9.92896 1305330 1305329 1305346 1305328 6.49159774567 -10.5416 0.155073 4.81509
10.0779 1305329 1305328 1305346 1305327 6.14490120342 9.46565 6.10514 22.2106
10.1916 1305328 1305325 1305346 1305324 5.52976580795 24.9453 12.3954 44.855
9.08309 1305403 1305402 1305412 1305401 6.49159774567 -1.86734 -0.524587 -2.21998
9.08845 1305402 1305401 1305412 1305400 6.14490120342 -2.00199 0.298515 -0.103161
9.10926 1305401 1305400 1305412 1305399 6.01075739884 -2.60785 -0.500884 -1.11425
9.14108 1305400 1305399 1305412 1305398 5.84661374788 -2.30353 -0.642368 -4.38691
9.14344 1305399 1305398 1305412 1305397 5.52976580795 -0.854899 -1.87841 -5.0732
9.17729 1305398 1305397 1305412 1305396 5.22758097313 -0.0180886 -2.38741 -3.05739
9.2026 1305397 1305396 1305412 1305395 4.99593346816 1.8617 -0.151995 -3.4807
9.2087 1305396 1305395 1305412 1305394 4.93938066349 1.08861 0.231333 -4.97732
9.23037 1305395 1305394 1305412 1305393 4.66451770247 3.44525 -0.54877 -4.09566
9.24362 1305394 1305393 1305412 1305392 4.42803373661 1.14449 0.349843 -2.79445
9.26896 1305393 1305392 1305412 1305391 4.17683491473 -4.05322 1.20746 -7.57119
9.0066 1305532 1305531 1305547 1305530 3.00813107163 2.44002 -3.33498 -4.21832
9.0098 1305771 1305770 1305773 1305769 4.42803373661 5.2202 5.00573 25.2507
9.00337 1305796 1305795 1305811 1305794 3.00813107163 11.7177 8.45636 2.10646
9.0316 1305945 1305944 1305960 1305943 6.14490120342 -5.46977 2.62565 3.57704
9.04653 1305944 1305943 1305960 1305942 6.01075739884 -2.90111 2.15658 3.64585
9.07766 1305943 1305942 1305960 1305941 5.84661374788 -0.536247 -1.09892 5.56061
9.12178 1305942 1305939 1305960 1305938 4.99593346816 -0.545406 -2.84048 2.1887
9.16407 1305939 1305938 1305960 1305937 4.93938066349 -2.6752 -0.201841 4.89087
9.18802 1305938 1305936 1305960 1305935 4.42803373661 1.30565 -3.66622 3.29234
9.19433 1305936 1305934 1305960 1305933 4.00794511147 -3.34372 -3.7761 3.47827
9.22457 1305934 1305933 1305960 1305932 3.93726108473 -0.961671 -3.00823 0.332734
9.06939 1306188 1306187 1306194 1306186 8.44947629437 -4.34973 -0.234243 -3.58971
9.13634 1306187 1306186 1306194 1306185 8.01217294887 -3.28688 -1.1243 -0.361855
9.13871 1306186 1306185 1306194 1306184 7.59510714987 -1.70663 -1.9367 -0.738479
9.15956 1306185 1306183 1306194 1306182 7.00541704554 -3.6137 -3.62665 -2.803
9.23037 1306183 1306182 1306194 1306181 6.85511726265 -1.10586 2.70805 -3.2322
9.35771 1306182 1306181 1306194 1306180 6.49159774567 1.91136 -0.60894 -21.1127
9.43257 1306181 1306179 1306194 1306178 6.01075739884 6.25844 1.8082 -17.2227
9.58638 1306179 1306177 1306194 1306176 5.52976580795 16.2567 4.56775 -27.1852
9.64044 1306177 1306176 1306194 1306175 5.22758097313 -4.65134 7.03638 -29.2278
9.6925 1306176 1306175 1306194 1306174 4.99593346816 9.48732 15.5096 -30.8033
9.73299 1306175 1306174 1306194 1306173 4.93938066349 15.8357 17.4804 -37.8457
9.83195 1306174 1306173 1306194 1306172 4.66451770247 19.5875 20.5124 -29.3921
9.89455 1306173 1306172 1306194 1306171 4.42803373661 34.3024 13.3009 -18.6585
9.96511 1306172 1306171 1306194 1306170 4.17683491473 22.5223 16.0517 -16.7577
9.96511 1306171 1306170 1306194 1306169 4.00794511147 23.923 12.1141 -14.7528
9.98786 1306170 1306169 1306194 1306168 3.93726108473 15.5945 18.542 -9.18936
10.0218 1306169 1306168 1306194 1306167 3.70877426464 20.8922 17.1625 -12.303
10.0276 1306168 1306167 1306194 1306166 3.49086136926 10.5543 11.8252 -8.49849
10.0474 1306167 1306166 1306194 1306165 3.28303305796 5.40088 -7.24838 -3.40504
9.00337 1306205 1306204 1306211 1306203 7.59510714987 -0.647984 -1.19354 -15.2516
9.06378 1306204 1306202 1306211 1306201 7.00541704554 0.770451 1.90117 -9.90598
9.07492 1306222 1306221 1306228 1306220 6.14490120342 4.2658 -7.50784 -8.49736
9.10415 1306221 1306220 1306228 1306219 6.01075739884 7.19169 -5.91133 -21.1044
9.24548 1306220 1306219 1306228 1306218 5.84661374788 3.33603 -11.611 -20.4591
9.09375 1306294 1306293 1306305 1306292 8.44947629437 2.66787 -3.82666 0.697772
9.13154 1306293 1306292 1306305 1306291 8.01217294887 2.03936 1.21146 2.17453
9.20055 1306292 1306291 1306305 1306290 7.59510714987 11.2615 -2.84093 3.19693
9.31717 1306291 1306290 1306305 1306289 7.23627606617 10.948 -2.83147 -6.93169
9.34756 1306290 1306289 1306305 1306288 7.00541704554 14.0512 -1.80532 -3.03849
9.36902 1306289 1306288 1306305 1306287 6.85511726265 10.0917 -4.50811 -5.434
9.39478 1306288 1306287 1306305 1306286 6.49159774567 12.2622 -3.72175 -4.73382
9.46621 1306287 1306286 1306305 1306285 6.14490120342 22.3898 0.200486 1.66756
9.4964 1306286 1306285 1306305 1306284 6.01075739884 23.3242 1.43722 -1.1223
9.50771 1306285 1306283 1306305 1306282 5.52976580795 22.3991 1.22217 -2.95435
9.63518 1306283 1306282 1306305 1306281 5.22758097313 29.8973 13.5637 7.48207
9.73057 1306282 1306280 1306305 1306279 4.93938066349 53.6401 11.2497 8.20077
9.83721 1306280 1306279 1306305 1306278 4.66451770247 55.6466 24.2145 -7.293
9.90157 1306279 1306278 1306305 1306277 4.42803373661 52.3397 30.6679 -13.8107
9.93202 1306278 1306277 1306305 1306276 4.17683491473 55.0228 31.0941 -18.5432
9.01614 1306316 1306315 1306328 1306314 6.49159774567 0.844608 0.244111 2.09253
9.12178 1306315 1306314 1306328 1306313 6.14490120342 1.38295 2.15064 0.623841
9.12912 1306314 1306313 1306328 1306312 6.01075739884 2.98741 0.503786 -0.526135
9.14344 1306313 1306312 1306328 1306311 5.84661374788 3.75643 0.715502 -2.87919
9.1573 1306312 1306311 1306328 1306310 5.52976580795 5.94434 1.07225 -1.57331
9.06939 1306377 1306376 1306385 1306375 6.85511726265 1.89226 -10.3609 2.74671
9.12424 1306376 1306375 1306385 1306374 6.49159774567 3.23747 -7.66865 3.28535
9.13871 1306375 1306374 1306385 1306373 6.14490120342 0.90315 -8.58896 1.22052
9.22651 1306374 1306373 1306385 1306372 6.01075739884 5.47444 -6.955 5.02652
9.27072 1306373 1306371 1306385 1306370 5.52976580795 5.85781 -6.6074 6.97532
9.11431 1306458 1306457 1306463 1306456 6.14490120342 -5.41034 3.02509 2.46641
9.11431 1306457 1306456 1306463 1306455 6.01075739884 -7.74114 0.927811 3.8824
9.17512 1306456 1306455 1306463 1306454 5.84661374788 -4.08812 1.15426 0.556251
9.19641 1306455 1306453 1306463 1306452 5.22758097313 -3.74346 -1.00938 1.77091
9.26187 1306453 1306452 1306463 1306451 4.99593346816 -7.64026 0.324564 9.54481
9.2672 1306452 1306451 1306463 1306450 4.93938066349 -2.88064 -0.0750032 6.78689
9.31083 1306451 1306450 1306463 1306449 4.66451770247 -2.01435 1.41984 6.21414
9.36622 1306450 1306448 1306463 1306447 4.17683491473 -4.05399 4.68418 1.92339
9.46285 1306448 1306447 1306463 1306446 4.00794511147 -5.41771 -5.32524 -0.728383
9.48799 1306447 1306446 1306463 1306445 3.93726108473 -0.175188 -10.7293 -3.96285
9.53902 1306446 1306445 1306463 1306444 3.70877426464 3.04362 -15.868 -9.35447
9.58383 1306445 1306444 1306463 1306443 3.49086136926 6.49068 -19.2463 -12.6033
9.23037 1306504 1306503 1306508 1306502 4.17683491473 13.2562 -6.35884 0.829535
9.2361 1306503 1306502 1306508 1306501 4.00794511147 12.2455 -7.55515 -0.569736
9.25466 1306502 1306500 1306508 1306499 3.70877426464 11.3132 -3.96888 2.04681
9.2845 1306500 1306499 1306508 1306498 3.49086136926 17.4756 -10.0427 -0.54772
9.2862 1306499 1306497 1306508 1306496 3.08482263583 20.0944 -5.73569 5.71602
9.0066 1306602 1306601 1306610 1306600 5.52976580795 0.42188 -0.129836 -4.73571
9.05811 1306601 1306600 1306610 1306599 5.22758097313 1.0388 -2.6694 -7.68162
9.06378 1306600 1306598 1306610 1306597 4.93938066349 2.82549 -1.98275 -5.36196
9.11681 1306598 1306597 1306610 1306596 4.66451770247 3.41183 -1.008 -4.88824
9.23037 1306597 1306595 1306610 1306594 4.17683491473 -4.0082 6.63531 -3.67097
9.29457 1306595 1306592 1306610 1306591 3.70877426464 1.7649 -1.10169 -4.88938
9.30115 1306592 1306588 1306610 1306587 2.89578500573 -3.1841 1.05547 -3.61518
9.0098 1306715 1306714 1306722 1306713 7.23627606617 -2.34123 -2.46955 -1.76951
9.0666 1306714 1306713 1306722 1306712 7.00541704554 -5.60848 -2.54844 -4.16909
9.07766 1306713 1306711 1306722 1306710 6.49159774567 -6.6293 -5.06974 -12.4479
9.11681 1306711 1306710 1306722 1306709 6.14490120342 -5.08635 -4.31383 -10.4112
9.17293 1306710 1306709 1306722 1306708 6.01075739884 -5.32097 -6.7326 -8.46681
9.22262 1306709 1306705 1306722 1306704 4.99593346816 -3.39863 -12.9624 -8.94581
9.22262 1306705 1306704 1306722 1306703 4.93938066349 -3.17024 -15.33 -7.67264
9.23799 1306704 1306703 1306722 1306702 4.66451770247 -2.69197 -8.34615 -9.28591
9.2672 1306703 1306702 1306722 1306701 4.42803373661 -6.2692 -11.5533 -11.7736
9.01614 1306781 1306780 1306783 1306779 10.3674435724 -0.461223 -0.0275781 -3.52108
9.08578 1306780 1306779 1306783 1306778 9.99659046619 -0.1548 0.30438 -3.75922
9.11179 1306779 1306778 1306783 1306777 9.84138043947 -0.715327 0.139238 -3.53857
9.19223 1306778 1306777 1306783 1306776 9.38877127194 0.966306 1.3608 -2.02109
9.22457 1306777 1306776 1306783 1306775 9.00233985416 -0.679549 3.12363 -1.62359
9.23037 1306776 1306775 1306783 1306774 8.9079991856 -0.639649 2.69152 -2.44789
9.2862 1306775 1306774 1306783 1306773 8.44947629437 1.74741 2.53795 -5.40392
9.44914 1306774 1306773 1306783 1306772 8.01217294887 6.15114 4.09656 2.62942
9.49848 1306773 1306772 1306783 1306771 7.59510714987 5.70228 4.76102 2.54158
9.52365 1306772 1306771 1306783 1306770 7.23627606617 4.64373 4.82105 0.769657
9.53618 1306771 1306770 1306783 1306769 7.00541704554 5.0436 5.21275 0.482203
9.72074 1306770 1306769 1306783 1306768 6.85511726265 -11.8448 23.1792 25.7196
9.78636 1306769 1306768 1306783 1306767 6.49159774567 12.8066 17.1031 -4.63582
10.0421 1306768 1306767 1306783 1306766 6.14490120342 -0.997067 13.9436 22.3856
10.1453 1306767 1306766 1306783 1306765 6.01075739884 16.404 8.88823 24.6063
10.2083 1306766 1306765 1306783 1306764 5.84661374788 -14.8351 9.65916 6.8944
10.403 1306765 1306763 1306783 1306762 5.22758097313 -22.8331 39.9904 -3.64536
10.42 1306763 1306762 1306783 1306761 4.99593346816 -15.3238 24.0774 -10.3824
10.4501 1306762 1306761 1306783 1306760 4.93938066349 5.31543 19.7198 -8.25857
10.692 1306761 1306760 1306783 1306759 4.66451770247 76.0704 42.5398 35.1604
10.75 1306760 1306758 1306783 1306757 4.17683491473 62.3418 15.98 35.6683
10.838 1306758 1306757 1306783 1306756 4.00794511147 77.5909 12.8106 31.9523
10.8729 1306757 1306756 1306783 1306755 3.93726108473 67.9197 -6.02631 33.8756
11.0672 1306756 1306755 1306783 1306754 3.70877426464 -24.1768 -109.177 -5.15149
11.0862 1306755 1306754 1306783 1306753 3.49086136926 -36.9152 -89.9664 5.80187
11.135 1306754 1306753 1306783 1306752 3.28303305796 -65.743 -115.127 7.1573
11.1823 1306753 1306752 1306783 1306751 3.08482263583 -12.4938 -50.9849 -49.139
9.0098 1306811 1306810 1306815 1306809 8.44947629437 3.4376 -2.87881 -2.48081
9.08038 1306810 1306809 1306815 1306808 8.01217294887 3.0169 -2.20431 -0.968793
9.23988 1306809 1306808 1306815 1306807 7.59510714987 8.37988 -3.09744 0.31709
9.41029 1306808 1306807 1306815 1306806 7.23627606617 13.0484 7.65024 4.63911
9.5629 1306807 1306806 1306815 1306805 7.00541704554 16.3204 19.1433 17.7596
9.626 1306806 1306805 1306815 1306804 6.85511726265 16.29 15.2664 15.3966
10.2777 1306805 1306800 1306815 1306763 5.52976580795 -18.0482 44.3733 -3.56228
9.00337 1306817 1306816 1306824 1306807 8.01217294887 3.86102 1.97933 -1.23453
9.00337 1306880 1306879 1306882 1306878 9.84138043947 0.0285469 2.12072 -1.75546
9.0098 1306879 1306878 1306882 1306877 9.38877127194 0.590982 0.810515 -0.84302
9.08309 1306878 1306877 1306882 1306876 9.00233985416 0.423206 0.93052 -0.289249
9.10926 1306877 1306876 1306882 1306875 8.9079991856 -0.0710124 0.257402 0.731562
9.2929 1306876 1306875 1306882 1306874 8.44947629437 -3.42637 4.00197 -3.38595
9.34313 1306875 1306874 1306882 1306873 8.01217294887 -3.50787 3.24705 3.1953
9.37319 1306874 1306873 1306882 1306872 7.59510714987 -4.43259 4.84731 -0.0559735
9.40774 1306873 1306872 1306882 1306871 7.23627606617 -3.27713 3.46192 0.397754
9.46955 1306872 1306871 1306882 1306870 7.00541704554 -8.30946 7.57169 -5.17149
9.48049 1306871 1306870 1306882 1306869 6.85511726265 -6.59405 7.33873 -3.76609
9.57349 1306870 1306869 1306882 1306868 6.49159774567 -1.40695 8.98221 -3.95433
9.62134 1306869 1306868 1306882 1306867 6.14490120342 7.23758 5.67892 -12.9934
9.02548 1306895 1306894 1306903 1306893 7.00541704554 -2.74442 -1.69775 -8.82162
9.07492 1306894 1306893 1306903 1306892 6.85511726265 -4.54407 -1.07876 -11.246
9.08309 1306893 1306892 1306903 1306891 6.49159774567 -5.53685 -3.89307 -10.6823
9.12178 1306892 1306891 1306903 1306890 6.14490120342 -2.1427 -6.10596 -6.44107
9.12424 1306891 1306890 1306903 1306889 6.01075739884 -0.695914 -4.0636 -7.92144
9.13634 1306890 1306889 1306903 1306888 5.84661374788 -2.64512 -4.32333 -5.45223
9.15273 1306889 1306888 1306903 1306887 5.52976580795 -2.79692 -4.54181 -5.83307
9.25648 1306955 1306954 1306959 1306953 9.38877127194 -3.78212 -3.23391 4.73399
9.31083 1306954 1306951 1306959 1306950 8.44947629437 -1.43787 2.30118 2.62083
9.43015 1306951 1306950 1306959 1306949 8.01217294887 2.64864 -0.0427193 0.302236
9.51375 1306950 1306949 1306959 1306948 7.59510714987 -0.0690054 -6.01366 4.2966
9.58298 1306949 1306948 1306959 1306947 7.23627606617 0.692981 -2.76895 1.31488
9.64785 1306948 1306947 1306959 1306946 7.00541704554 -0.963646 -4.36078 5.27319
9.65297 1306947 1306946 1306959 1306945 6.85511726265 -0.279093 -4.56206 5.15136
9.7342 1306946 1306945 1306959 1306944 6.49159774567 2.82753 -6.31902 7.30206
9.88656 1306945 1306944 1306959 1306943 6.14490120342 -11.343 -21.8523 27.8388
10.1564 1306944 1306941 1306959 1306940 5.52976580795 -4.27695 -5.26384 39.5711
10.1703 1306941 1306940 1306959 1306939 5.22758097313 -19.2247 -14.228 42.8768
10.1805 1306940 1306939 1306959 1306938 4.99593346816 -21.7465 -27.7862 40.5117
10.7133 1306939 1306936 1306959 1306935 4.42803373661 65.8534 34.058 36.7184
9.13394 1307004 1307003 1307008 1307002 9.00233985416 -1.74337 -3.29858 -6.40624
9.13634 1307003 1307002 1307008 1307001 8.9079991856 -1.92518 -2.1091 -6.8641
9.16182 1307002 1307000 1307008 1306999 8.01217294887 -2.85746 -0.904753 -9.93874
9.28788 1307000 1306999 1307008 1306998 7.59510714987 -1.90728 -4.69318 -6.06019
9.32651 1306999 1306998 1307008 1306997 7.23627606617 -4.26563 -0.252883 -4.9986
9.41156 1306998 1306997 1307008 1306996 7.00541704554 -24.1985 8.22422 -5.41932
9.45145 1306997 1306996 1307008 1306995 6.85511726265 -25.9835 9.36979 -3.97402
9.0098 1307018 1307017 1307028 1307016 6.49159774567 -2.3613 5.78495 -1.98903
9.28956 1307017 1307016 1307028 1307015 6.14490120342 -14.5365 -10.1476 22.2292
9.36056 1307016 1307014 1307028 1307013 5.84661374788 -8.32562 -7.36231 20.398
9.0098 1307149 1307148 1307152 1307147 10.3674435724 -4.63458 1.04214 -5.42856
9.01614 1307148 1307146 1307152 1307145 9.84138043947 -3.05227 -0.51219 -2.58667
9.14108 1307146 1307145 1307152 1307144 9.38877127194 -3.15439 0.323678 -4.74475
9.32342 1307145 1307144 1307152 1307143 9.00233985416 -2.66638 3.29318 -3.46074
9.39346 1307144 1307142 1307152 1307141 8.44947629437 -2.48684 2.2502 -3.12857
9.45719 1307142 1307141 1307152 1307140 8.01217294887 -7.17461 6.60999 -3.42025
9.5256 1307141 1307140 1307152 1307139 7.59510714987 -5.83227 8.27187 -3.99211
9.54836 1307140 1307139 1307152 1307138 7.23627606617 -6.07324 7.80101 -2.20338
9.56646 1307139 1307138 1307152 1307137 7.00541704554 -4.68255 8.41657 0.566419
9.60705 1307138 1307137 1307152 1307136 6.85511726265 -4.68595 9.66594 3.03245
9.80823 1307137 1307136 1307152 1307135 6.49159774567 -12.9326 17.9925 8.65529
10.1264 1307136 1307135 1307152 1307134 6.14490120342 -35.0698 37.2194 -4.33168
10.235 1307135 1307133 1307152 1307132 5.84661374788 -31.3758 25.3868 -7.7088
10.3322 1307133 1307132 1307152 1307131 5.52976580795 -30.9544 25.174 -0.365029
10.3749 1307132 1307131 1307152 1307130 5.22758097313 -30.9706 21.1178 1.95045
10.4113 1307131 1307130 1307152 1307129 4.99593346816 -27.4663 29.9613 1.08864
10.4265 1307130 1307129 1307152 1307128 4.93938066349 -28.4597 34.0865 2.76156
9.15502 1307169 1307168 1307173 1307167 7.59510714987 -0.236321 5.02149 -2.0429
9.46397 1307168 1307167 1307173 1307166 7.23627606617 -22.623 -29.7717 -3.01865
9.50465 1307167 1307166 1307173 1307165 7.00541704554 -29.608 -26.7562 2.94421
9.57349 1307166 1307165 1307173 1307164 6.85511726265 -34.0753 -12.7781 11.2001
9.00012 1307191 1307190 1307197 1307189 7.59510714987 -4.03308 -5.35808 1.83359
9.06096 1307190 1307189 1307197 1307188 7.23627606617 -3.77461 -2.6175 -3.18024
9.10926 1307189 1307186 1307197 1307135 6.49159774567 -5.35185 -6.28387 -9.18468
9.12178 1307211 1307210 1307218 1307209 6.49159774567 12.4346 -0.134243 -6.02157
9.01298 1307220 1307219 1307220 1307210 6.85511726265 9.2937 -2.22126 -3.23916
9.05811 1307241 1307240 1307246 1307239 9.38877127194 3.29312 -1.49434 -3.62345
9.12178 1307240 1307239 1307246 1307238 9.00233985416 3.63745 -1.53729 -2.91106
9.12912 1307239 1307238 1307246 1307237 8.9079991856 2.87548 -1.10654 -1.64977
9.17293 1307238 1307237 1307246 1307236 8.44947629437 3.70191 -1.3833 -1.41463
9.22845 1307237 1307236 1307246 1307235 8.01217294887 2.14997 -2.17736 -1.46791
9.35483 1307236 1307235 1307246 1307234 7.59510714987 4.77457 5.29681 2.1617
9.41534 1307235 1307234 1307246 1307233 7.23627606617 4.63864 4.9772 -0.405745
9.44914 1307234 1307233 1307246 1307232 7.00541704554 6.68878 5.91721 1.13652
9.4606 1307233 1307232 1307246 1307231 6.85511726265 6.60247 6.21379 1.07266
9.50669 1307232 1307231 1307246 1307230 6.49159774567 5.13777 12.0871 -6.72787
9.03463 1307340 1307339 1307345 1307338 8.44947629437 -1.03819 1.70879 3.1431
9.10157 1307339 1307338 1307345 1307337 8.01217294887 -3.67518 -0.849999 4.42016
9.30278 1307338 1307337 1307345 1307336 7.59510714987 6.14385 -4.8288 0.47453
9.47615 1307337 1307336 1307345 1307335 7.23627606617 3.78806 -6.01964 0.906051
9.52851 1307336 1307335 1307345 1307334 7.00541704554 1.51179 -1.61413 0.223457
9.53618 1307335 1307334 1307345 1307333 6.85511726265 -0.640673 -0.432268 2.64544
9.56735 1307334 1307333 1307345 1307332 6.49159774567 -2.95864 -3.83843 3.1228
9.61186 1307333 1307332 1307345 1307331 6.14490120342 -9.25271 1.03566 1.06267
9.63442 1307332 1307329 1307345 1307328 5.52976580795 -2.74409 1.08894 1.28485
9.63518 1307329 1307327 1307345 1307326 4.99593346816 -10.2072 -1.01685 0.280924
9.66159 1307327 1307325 1307345 1307324 4.66451770247 -2.81182 -0.00150256 -2.27503
9.71637 1307325 1307322 1307345 1307321 4.00794511147 -11.8468 1.82312 -0.702172
9.72874 1307322 1307321 1307345 1307320 3.93726108473 -10.0196 4.32844 10.0627
9.04358 1307385 1307384 1307392 1307383 4.42803373661 9.08612 2.08763 -10.5521
9.2026 1307384 1307383 1307392 1307382 4.17683491473 6.83498 -3.47047 -15.0233
9.35627 1307383 1307382 1307392 1307381 4.00794511147 -6.29774 12.6239 -2.4204
9.39871 1307382 1307381 1307392 1307380 3.93726108473 -6.2842 14.4559 0.17858
9.41029 1307381 1307380 1307392 1307379 3.70877426464 -6.34221 14.3143 3.38584
9.80415 1307380 1307377 1307392 1307376 3.08482263583 -17.5225 52.9734 4.89512
9.00337 1307467 1307466 1307477 1307465 6.49159774567 -4.48875 0.550522 0.157452
9.02239 1307466 1307465 1307477 1307464 6.14490120342 -3.90076 0.878045 0.172203
9.06378 1307465 1307464 1307477 1307463 6.01075739884 -5.64598 3.36217 -1.74095
9.07216 1307464 1307463 1307477 1307462 5.84661374788 -2.35437 2.14892 0.255726
9.10671 1307463 1307462 1307477 1307461 5.52976580795 -5.3588 4.75485 0.288761
9.1193 1307462 1307461 1307477 1307460 5.22758097313 -7.87925 6.89791 0.381182
9.21671 1307461 1307460 1307477 1307459 4.99593346816 -9.14808 1.14995 -0.252526
9.20055 1307528 1307527 1307536 1307526 4.99593346816 8.5364 4.68915 -9.37582
9.25828 1307527 1307526 1307536 1307525 4.93938066349 -2.71468 15.6465 -14.6452
9.27594 1307526 1307525 1307536 1307524 4.66451770247 0.371514 12.2999 -10.0061
9.31401 1307525 1307524 1307536 1307523 4.42803373661 2.91697 18.5618 -13.1059
9.36481 1307524 1307523 1307536 1307522 4.17683491473 26.7989 21.9286 -7.39234
9.50055 1307523 1307522 1307536 1307521 4.00794511147 -2.94765 31.9535 -36.1764
9.09898 1307578 1307577 1307595 1307576 2.20792547238 3.28843 -3.33224 -5.29923
9.12912 1307577 1307576 1307595 1307575 2.1032696526 5.2912 -13.6012 -2.15677
9.18376 1307576 1307575 1307595 1307574 2.00202813925 11.172 -9.56069 -7.09838
9.04945 1307659 1307658 1307660 1307657 7.23627606617 2.18071 17.2592 -12.0559
9.07492 1307658 1307657 1307660 1307656 7.00541704554 -0.900403 18.3677 -4.08316
9.21072 1307657 1307655 1307660 1307654 6.49159774567 -11.4297 -0.00796339 -14.4332
9.32958 1307655 1307654 1307660 1307653 6.14490120342 -7.94966 6.07477 -18.2189
9.37457 1307654 1307653 1307660 1307652 6.01075739884 -7.07693 3.46803 -22.3227
9.41029 1307653 1307652 1307660 1307651 5.84661374788 -11.1361 2.05091 -20.9038
9.45719 1307652 1307651 1307660 1307650 5.52976580795 -16.7589 0.834222 -25.851
9.53713 1307651 1307649 1307660 1307648 4.99593346816 -25.52 0.647851 -17.6985
9.58127 1307649 1307647 1307660 1307646 4.66451770247 -15.3947 0.309304 -17.0078
9.61977 1307647 1307646 1307660 1307645 4.42803373661 -14.6917 -4.13943 -11.1691
9.69051 1307646 1307645 1307660 1307644 4.17683491473 -26.4209 5.88938 -18.4529
9.75421 1307645 1307642 1307660 1307641 3.70877426464 -26.2541 4.38008 -16.9718
9.78528 1307642 1307641 1307660 1307640 3.49086136926 -30.3271 8.47755 -18.829
9.02239 1307789 1307788 1307792 1307787 11.4973879548 1.4043 0.890247 -1.59227
9.10415 1307788 1307787 1307792 1307786 10.9190331982 2.48274 2.01524 -0.800946
9.22066 1307787 1307786 1307792 1307785 10.3674435724 2.67285 6.6879 2.84046
9.25466 1307786 1307785 1307792 1307784 9.99659046619 2.56356 3.97753 4.58837
9.29951 1307785 1307784 1307792 1307783 9.84138043947 2.22879 6.12005 8.36895
9.32342 1307784 1307783 1307792 1307782 9.38877127194 5.4341 2.03705 8.73109
9.39609 1307783 1307782 1307792 1307781 9.00233985416 8.52092 0.925883 9.42064
9.4026 1307782 1307781 1307792 1307780 8.9079991856 5.8432 0.523847 9.40953
9.47066 1307781 1307780 1307792 1307779 8.44947629437 3.51625 -1.061 7.58136
9.47832 1307780 1307779 1307792 1307778 8.01217294887 3.04269 -4.31915 8.03771
9.58638 1307779 1307778 1307792 1307777 7.59510714987 4.03782 5.75186 2.73835
9.80925 1307778 1307777 1307792 1307776 7.23627606617 9.91888 43.3604 -6.16585
9.85763 1307777 1307775 1307792 1307774 6.85511726265 9.35626 36.0739 -2.24752
9.91169 1307775 1307774 1307792 1307773 6.49159774567 6.68116 29.4396 -4.84361
9.91726 1307774 1307773 1307792 1307772 6.14490120342 3.32331 26.2659 -4.13205
9.93772 1307773 1307772 1307792 1307771 6.01075739884 4.98596 27.06 -7.71406
9.95581 1307772 1307771 1307792 1307770 5.84661374788 -3.17159 20.3782 -13.7842
9.97801 1307771 1307766 1307792 1307765 4.66451770247 11.4988 9.74506 -3.62169
10.0746 1307766 1307765 1307792 1307764 4.42803373661 24.5853 24.9538 -1.43976
10.16 1307765 1307764 1307792 1307763 4.17683491473 21.3818 9.41706 2.9208
10.2083 1307764 1307763 1307792 1307762 4.00794511147 34.2789 14.1699 -23.8197
10.2171 1307763 1307762 1307792 1307761 3.93726108473 33.4953 15.8873 -19.5009
10.2302 1307762 1307761 1307792 1307760 3.70877426464 33.7002 12.0722 -12.4452
10.3105 1307761 1307760 1307792 1307759 3.49086136926 61.6363 -1.74579 -8.93252
10.3973 1307760 1307759 1307792 1307758 3.28303305796 48.7662 7.37562 -4.35057
9.03463 1307804 1307803 1307807 1307802 9.00233985416 5.79837 -2.01935 5.65224
9.16852 1307803 1307802 1307807 1307801 8.9079991856 -0.12299 0.294797 -22.2467
9.3044 1307802 1307800 1307807 1307799 8.01217294887 -1.67599 -2.52338 -13.4493
9.01928 1307824 1307823 1307829 1307822 7.00541704554 6.77863 -2.64847 0.223787
9.02239 1307823 1307822 1307829 1307821 6.85511726265 5.17091 -1.44551 -1.47002
9.06378 1307822 1307820 1307829 1307819 6.14490120342 7.23687 -1.94005 -2.68504
9.0666 1307820 1307819 1307829 1307818 6.01075739884 4.87837 -2.45137 -2.87812
9.08309 1307819 1307818 1307829 1307817 5.84661374788 7.16254 -3.3266 -2.79097
9.14578 1307818 1307817 1307829 1307816 5.52976580795 12.4596 -5.43871 -7.56583
9.00012 1307866 1307865 1307868 1307864 9.38877127194 0.838714 4.78332 5.20194
9.00012 1307865 1307864 1307868 1307863 9.00233985416 -0.652492 5.94908 2.81641
9.02548 1307864 1307863 1307868 1307862 8.9079991856 -0.51465 4.45249 3.55693
9.07492 1307863 1307862 1307868 1307861 8.44947629437 -0.619119 2.90953 0.641141
9.08038 1307862 1307861 1307868 1307860 8.01217294887 -0.847987 1.76961 1.34227
9.15042 1307861 1307856 1307868 1307855 6.49159774567 2.26461 5.92484 1.09131
9.15042 1307856 1307855 1307868 1307854 6.14490120342 5.42637 0.759924 2.42287
9.1663 1307855 1307854 1307868 1307853 6.01075739884 7.35531 3.20383 1.4104
9.19433 1307854 1307853 1307868 1307852 5.84661374788 1.21793 1.42601 3.05031
9.24733 1307853 1307851 1307868 1307850 5.22758097313 3.71416 2.47534 4.27803
9.28956 1307851 1307850 1307868 1307849 4.99593346816 11.6212 -2.32373 4.69526
9.2929 1307850 1307844 1307868 1307843 3.93726108473 5.9437 -6.70923 1.02707
9.00337 1307949 1307948 1307960 1307947 8.44947629437 0.135176 2.28584 -2.87326
9.01298 1307948 1307947 1307960 1307946 8.01217294887 -0.914012 1.50118 -1.33367
9.07766 1307947 1307945 1307960 1307944 7.23627606617 -2.16565 0.462853 2.50368
9.19433 1307945 1307944 1307960 1307943 7.00541704554 -2.87014 2.51445 -0.109689
9.24733 1307944 1307942 1307960 1307941 6.49159774567 -8.67406 0.537147 -3.14766
9.32651 1307942 1307941 1307960 1307940 6.14490120342 -12.1138 6.83135 -2.57236
9.32651 1307941 1307940 1307960 1307939 6.01075739884 -11.9892 7.44802 -2.06874
9.35194 1307940 1307939 1307960 1307938 5.84661374788 -13.5263 3.83808 2.14623
9.37042 1307939 1307938 1307960 1307937 5.52976580795 -12.8515 5.33527 0.5809
9.44564 1307938 1307937 1307960 1307936 5.22758097313 -10.1567 4.30295 -2.37238
9.44797 1307937 1307936 1307960 1307935 4.99593346816 -8.74742 5.32548 -2.83464
9.44914 1307936 1307935 1307960 1307934 4.93938066349 -9.367 4.33074 1.41819
9.48905 1307935 1307934 1307960 1307933 4.66451770247 -4.57932 2.08378 -3.12999
9.52657 1307934 1307933 1307960 1307932 4.42803373661 -7.46311 7.77507 -2.2
9.58298 1307933 1307928 1307960 1307927 3.49086136926 -11.1173 6.88266 1.53177
