logMh | fpID | subhaloID | main leaf ID | descID |  z
9.1193 80000190500000089 80000190500000088 80000190500000098 80000190500000087 5.52976580795 4.0898 3.20368 -3.56232
9.14578 80000190500000088 80000190500000087 80000190500000098 80000190500000086 5.22758097313 7.57102 5.2598 1.86645
9.39081 80000190500000087 80000190500000086 80000190500000098 80000190500000085 4.99593346816 -2.86117 8.8514 -9.82958
9.43257 80000190500000086 80000190500000085 80000190500000098 80000190500000084 4.93938066349 -1.89632 8.28449 -14.5001
9.57175 80000190500000085 80000190500000084 80000190500000098 80000190500000083 4.66451770247 -17.0061 18.5616 -25.2147
9.61425 80000190500000084 80000190500000083 80000190500000098 80000190500000082 4.42803373661 -12.1704 22.4025 -23.5387
9.68851 80000190500000083 80000190500000082 80000190500000098 80000190500000081 4.17683491473 -5.30768 27.2444 -4.00562
9.75479 80000190500000082 80000190500000080 80000190500000098 80000190500000079 3.93726108473 -9.18869 22.1969 -7.77724
9.79534 80000190500000080 80000190500000079 80000190500000098 80000190500000078 3.70877426464 -13.8509 5.63538 -21.2843
9.8666 80000190500000079 80000190500000078 80000190500000098 80000190500000077 3.49086136926 -11.0775 -9.74367 -22.0698
9.98483 80000190500000078 80000190500000077 80000190500000098 80000190500000076 3.28303305796 -17.2017 -23.3101 -35.7357
10.0117 80000190500000077 80000190500000076 80000190500000098 80000190500000075 3.08482263583 -13.3604 -20.5003 -33.5047
10.0202 80000190500000076 80000190500000075 80000190500000098 80000190500000074 3.00813107163 -7.01259 -18.5237 -24.5119
10.0524 80000190500000075 80000190500000074 80000190500000098 80000190500000073 2.89578500573 -24.4997 -32.195 -44.2944
10.0885 80000190500000074 80000190500000073 80000190500000098 80000190500000072 2.73314261732 -20.9362 -34.5251 -56.0548
10.2283 80000190500000073 80000190500000072 80000190500000098 80000190500000071 2.5772902716 -26.4405 -37.7561 -41.5969
10.324 80000190500000072 80000190500000071 80000190500000098 80000190500000070 2.44422570455 -17.4723 -53.2838 -38.1467
10.4836 80000190500000071 80000190500000070 80000190500000098 80000190500000069 2.31611074396 6.87901 -26.8148 -34.9905
10.5689 80000190500000070 80000190500000069 80000190500000098 80000190500000068 2.20792547238 25.2271 -40.3083 -28.3953
10.5825 80000190500000069 80000190500000068 80000190500000098 80000190500000067 2.1032696526 25.7555 -20.5493 -24.8711
10.6245 80000190500000068 80000190500000067 80000190500000098 80000190500000066 2.00202813925 36.2197 -29.3924 -17.0604
10.6469 80000190500000067 80000190500000066 80000190500000098 80000190500000065 1.90408954353 31.6871 -29.5833 -30.3462
10.6786 80000190500000066 80000190500000065 80000190500000098 80000190500000064 1.82268925262 22.2889 -24.3726 -28.2498
10.688 80000190500000065 80000190500000062 80000190500000098 80000190500000061 1.60423452207 32.5391 -54.7012 -15.2973
10.6953 80000190500000062 80000190500000061 80000190500000098 80000190500000060 1.53123902916 42.096 -44.2478 -42.0613
10.7052 80000190500000061 80000190500000060 80000190500000098 80000190500000059 1.47197484527 27.4347 -42.2989 -58.6777
10.7236 80000190500000060 80000190500000051 80000190500000098 80000190500000050 1.03551044566 20.2137 -85.8303 -24.3591
10.7353 80000190500000051 80000190500000050 80000190500000098 80000190500000049 0.997294225782 37.3095 -106.975 -42.165
10.7432 80000190500000050 80000190500000049 80000190500000098 80000190500000048 0.987852810816 40.0218 -104.317 -46.0642
10.7506 80000190500000049 80000190500000048 80000190500000098 80000190500000047 0.950531351585 32.059 -106.449 -43.0084
10.7737 80000190500000048 80000190500000046 80000190500000098 80000190500000045 0.886896937575 29.9146 -102.895 -62.8891
10.7798 80000190500000046 80000190500000045 80000190500000098 80000190500000044 0.851470900625 1.36828 -105.394 -90.3139
10.8085 80000190500000045 80000190500000044 80000190500000098 80000190500000043 0.816709979012 -12.8616 -113.793 -119.676
10.8331 80000190500000044 80000190500000043 80000190500000098 80000190500000042 0.791068248946 -1.81357 -111.109 -145.143
10.8664 80000190500000043 80000190500000042 80000190500000098 80000190500000041 0.757441372616 4.83309 -119.5 -123.056
10.8818 80000190500000042 80000190500000041 80000190500000098 80000190500000040 0.732636182022 -2.09755 -76.9327 -149.219
10.9051 80000190500000041 80000190500000040 80000190500000098 80000190500000039 0.700106353719 -16.6317 -93.5193 -140.305
10.9082 80000190500000040 80000190500000039 80000190500000098 80000190500000038 0.676110411213 0.743213 -100.261 -124.713
10.9322 80000190500000039 80000190500000038 80000190500000098 80000190500000037 0.644641840685 6.24859 -101.543 -117.598
10.9742 80000190500000038 80000190500000037 80000190500000098 80000190500000036 0.621428745243 -12.3423 -58.1327 -160.616
10.9959 80000190500000037 80000190500000036 80000190500000098 80000190500000035 0.598543288188 -24.176 -9.08419 -189.115
10.9996 80000190500000036 80000190500000035 80000190500000098 80000190500000034 0.575980845108 -12.4587 5.93205 -194.576
11.026 80000190500000035 80000190500000034 80000190500000098 80000190500000033 0.546392183141 -44.7351 69.5712 -237.487
11.0311 80000190500000034 80000190500000033 80000190500000098 80000190500000032 0.524565820434 -39.8689 95.7262 -267.157
11.0422 80000190500000033 80000190500000032 80000190500000098 80000190500000031 0.503047523245 1.40439 104.128 -274.521
11.0634 80000190500000032 80000190500000031 80000190500000098 80000190500000030 0.481832943421 -13.7933 132.544 -322.482
11.105 80000190500000031 80000190500000030 80000190500000098 80000190500000029 0.460917794181 -56.3081 187.831 -379.504
11.1558 80000190500000030 80000190500000029 80000190500000098 80000190500000028 0.440297849248 -125.423 235.706 -464.216
11.1653 80000190500000029 80000190500000027 80000190500000098 80000190500000026 0.399926964614 -114.842 255.61 -476.798
11.167 80000190500000027 80000190500000026 80000190500000098 80000190500000025 0.38016786726 -99.1485 256.462 -472.62
11.1829 80000190500000026 80000190500000025 80000190500000098 80000190500000024 0.360687657262 -115.876 264.734 -508.075
11.1903 80000190500000025 80000190500000024 80000190500000098 80000190500000023 0.347853841858 -119.356 261.278 -509.408
11.2174 80000190500000024 80000190500000023 80000190500000098 80000190500000022 0.328829724206 -134.627 263.408 -525.17
11.2338 80000190500000023 80000190500000022 80000190500000098 80000190500000021 0.310074120128 -142.09 255.735 -529.496
11.2471 80000190500000022 80000190500000021 80000190500000098 80000190500000020 0.291583239722 -157.428 263.544 -526.999
11.2751 80000190500000021 80000190500000020 80000190500000098 80000190500000019 0.273353346578 -139.595 248.298 -499.267
11.2863 80000190500000020 80000190500000019 80000190500000098 80000190500000018 0.261343256161 -111.091 254.948 -464.816
11.2973 80000190500000019 80000190500000018 80000190500000098 80000190500000017 0.243540181555 -70.5764 265.186 -444.662
11.2975 80000190500000018 80000190500000000 80000190500000098 -1 2.22044604925e-16 -150.941 246.55 -291.834
9.05524 80000190500000291 80000190500000290 80000190500000300 80000190500000289 4.17683491473 -9.7547 -9.77493 -6.31605
9.06096 80000190500000290 80000190500000289 80000190500000300 80000190500000288 4.00794511147 -11.3569 -7.48139 -5.73267
9.0666 80000190500000289 80000190500000288 80000190500000300 80000190500000287 3.93726108473 -12.9102 -7.64523 -8.61293
9.08038 80000190500000288 80000190500000287 80000190500000300 80000190500000286 3.70877426464 -10.8545 -8.24116 -9.9438
9.00012 80000190500000332 80000190500000331 80000190500000341 80000190500000330 3.93726108473 3.02958 -8.61033 -5.02649
9.13394 80000190500000331 80000190500000330 80000190500000341 80000190500000329 3.70877426464 1.21785 -5.01113 4.01167
9.29457 80000190500000330 80000190500000329 80000190500000341 80000190500000328 3.49086136926 -16.4294 -7.803 6.19322
9.55478 80000190500000329 80000190500000328 80000190500000341 80000190500000327 3.28303305796 -31.9519 9.78309 -2.8064
9.70621 80000190500000328 80000190500000327 80000190500000341 80000190500000326 3.08482263583 -11.8763 3.10601 15.2095
9.70621 80000190500000327 80000190500000326 80000190500000341 80000190500000325 3.00813107163 1.9498 -6.10712 18.7825
9.75822 80000190500000326 80000190500000325 80000190500000341 80000190500000324 2.89578500573 -15.1232 -1.051 18.4726
9.81328 80000190500000325 80000190500000324 80000190500000341 80000190500000323 2.73314261732 -12.7359 -0.371628 22.6897
9.84661 80000190500000324 80000190500000323 80000190500000341 80000190500000322 2.5772902716 -21.8027 5.99605 15.4003
9.01928 80000190500000405 80000190500000404 80000190500000416 80000190500000403 3.08482263583 1.2259 4.03119 -4.07823
9.08845 80000190500000404 80000190500000403 80000190500000416 80000190500000402 3.00813107163 4.57637 0.139574 -4.28699
9.00337 80000190500000451 80000190500000450 80000190500000460 80000190500000449 5.52976580795 -0.740406 -1.04057 1.1591
9.16852 80000190500000450 80000190500000449 80000190500000460 80000190500000448 5.22758097313 -2.29394 5.8705 -5.33429
9.21472 80000190500000449 80000190500000447 80000190500000460 80000190500000446 4.93938066349 -1.99162 6.60155 1.54245
9.32342 80000190500000447 80000190500000446 80000190500000460 80000190500000445 4.66451770247 2.22135 6.49757 2.31515
9.38948 80000190500000446 80000190500000445 80000190500000460 80000190500000444 4.42803373661 -1.62403 5.50217 6.14476
9.42893 80000190500000445 80000190500000444 80000190500000460 80000190500000443 4.17683491473 -6.25725 6.3788 3.3808
9.45946 80000190500000444 80000190500000443 80000190500000460 80000190500000442 4.00794511147 -5.12324 2.82384 -2.25983
9.46172 80000190500000443 80000190500000441 80000190500000460 80000190500000440 3.70877426464 -4.08739 7.19453 -7.08884
9.46733 80000190500000441 80000190500000440 80000190500000460 80000190500000439 3.49086136926 -7.76953 1.01629 -4.72311
9.04945 80000190500000497 80000190500000496 80000190500000509 80000190500000495 4.17683491473 -1.32108 -7.77521 28.4089
9.04945 80000190500000496 80000190500000495 80000190500000509 80000190500000494 4.00794511147 0.422873 -4.29594 29.9696
9.08038 80000190500000495 80000190500000494 80000190500000509 80000190500000493 3.93726108473 0.550912 -4.46099 32.2856
9.08845 80000190500000494 80000190500000493 80000190500000509 80000190500000492 3.70877426464 -2.77153 -4.11809 28.9982
9.15273 80000190500000493 80000190500000492 80000190500000509 80000190500000491 3.49086136926 -2.37927 -3.3133 26.3807
9.19013 80000190500000492 80000190500000491 80000190500000509 80000190500000490 3.28303305796 0.0574885 -2.55074 28.7372
9.23229 80000190500000491 80000190500000488 80000190500000509 80000190500000487 2.89578500573 -2.60162 7.20793 18.7018
9.02239 80000190500000616 80000190500000615 80000190500000633 80000190500000614 2.1032696526 -6.56413 12.331 6.39326
9.19013 80000190500000846 80000190500000845 80000190500000851 80000190500000844 5.52976580795 8.60081 -0.397811 16.9745
9.29457 80000190500000845 80000190500000844 80000190500000851 80000190500000843 5.22758097313 8.51587 -1.69539 16.3581
9.32342 80000190500000844 80000190500000843 80000190500000851 80000190500000842 4.99593346816 8.28333 -2.71855 15.4172
9.32651 80000190500000843 80000190500000842 80000190500000851 80000190500000841 4.93938066349 7.96276 -3.17786 16.2682
9.36481 80000190500000842 80000190500000841 80000190500000851 80000190500000840 4.66451770247 10.7511 -1.16333 17.9787
9.41534 80000190500000841 80000190500000840 80000190500000851 80000190500000839 4.42803373661 8.82906 -3.42308 18.6965
9.44093 80000190500000840 80000190500000839 80000190500000851 80000190500000838 4.17683491473 10.7773 -0.154811 25.2648
9.47505 80000190500000839 80000190500000838 80000190500000851 80000190500000837 4.00794511147 13.4377 1.95988 25.7068
9.47832 80000190500000838 80000190500000837 80000190500000851 80000190500000836 3.93726108473 11.3191 1.32119 19.1476
9.52462 80000190500000837 80000190500000836 80000190500000851 80000190500000835 3.70877426464 4.12298 -6.65195 25.1058
9.61106 80000190500000836 80000190500000835 80000190500000851 80000190500000834 3.49086136926 25.5056 14.7979 39.4747
9.67904 80000190500000835 80000190500000834 80000190500000851 80000190500000833 3.28303305796 7.97451 -2.73835 23.9376
9.68985 80000190500000834 80000190500000833 80000190500000851 80000190500000832 3.08482263583 2.63608 -5.59042 35.0246
9.72384 80000190500000833 80000190500000832 80000190500000851 80000190500000831 3.00813107163 -0.832454 -17.1788 34.6052
9.78902 80000190500000832 80000190500000831 80000190500000851 80000190500000830 2.89578500573 -9.87753 -22.5422 28.6691
9.79639 80000190500000831 80000190500000830 80000190500000851 80000190500000829 2.73314261732 -11.8498 -19.0245 29.846
9.82565 80000190500000830 80000190500000829 80000190500000851 80000190500000828 2.5772902716 -17.7743 -22.4709 33.6844
9.84334 80000190500000829 80000190500000828 80000190500000851 80000190500000827 2.44422570455 -11.2163 -29.1045 28.2425
9.87452 80000190500000828 80000190500000827 80000190500000851 80000190500000826 2.31611074396 -10.0595 -18.9815 31.7823
9.91089 80000190500000827 80000190500000825 80000190500000851 80000190500000824 2.1032696526 -13.2148 -21.8401 29.5846
9.95436 80000190500000825 80000190500000824 80000190500000851 80000190500000823 2.00202813925 -33.1577 -28.1454 15.8691
9.9756 80000190500000824 80000190500000822 80000190500000851 80000190500000821 1.82268925262 -30.8892 -26.9678 26.1624
9.02855 80000190500000892 80000190500000891 80000190500000905 80000190500000890 4.42803373661 -10.4093 0.915405 -2.70269
9.0666 80000190500000891 80000190500000888 80000190500000905 80000190500000887 3.93726108473 -11.6579 1.04659 -2.01146
9.0098 80000190500000992 80000190500000991 80000190500001010 80000190500000990 3.00813107163 -12.0791 0.0803246 7.31235
9.02855 80000190500000991 80000190500000990 80000190500001010 80000190500000989 2.89578500573 -10.678 1.0866 3.5507
9.08845 80000190500000990 80000190500000989 80000190500001010 80000190500000988 2.73314261732 -19.6303 2.14887 5.69057
9.09637 80000190500000989 80000190500000988 80000190500001010 80000190500000987 2.5772902716 -16.6637 2.16222 5.89061
9.11179 80000190500000988 80000190500000987 80000190500001010 80000190500000986 2.44422570455 -16.133 -2.19406 6.44584
9.11431 80000190500000987 80000190500000986 80000190500001010 80000190500000985 2.31611074396 -13.7213 1.3598 6.2691
9.20464 80000190500000986 80000190500000984 80000190500001010 80000190500000983 2.1032696526 -14.6527 -0.08712 7.62862
9.24918 80000190500000984 80000190500000983 80000190500001010 80000190500000982 2.00202813925 -17.274 -2.46609 6.59839
9.0316 80000190500001163 80000190500001162 80000190500001176 80000190500001161 2.73314261732 20.2971 3.1229 11.9243
9.08845 80000190500001162 80000190500001157 80000190500001176 80000190500001156 2.1032696526 9.03073 2.17284 17.5296
9.14108 80000190500001157 80000190500001156 80000190500001176 80000190500001155 2.00202813925 14.9635 0.980675 16.5389
9.16182 80000190500001156 80000190500001155 80000190500001176 80000190500001154 1.90408954353 16.7847 1.927 17.3609
9.17512 80000190500001155 80000190500001154 80000190500001176 80000190500001153 1.82268925262 17.7849 5.04039 16.1995
9.24175 80000190500001154 80000190500001153 80000190500001176 80000190500001152 1.74357057433 29.0289 7.02284 26.2068
9.30115 80000190500001153 80000190500001151 80000190500001176 80000190500001150 1.60423452207 14.346 8.32502 27.1741
9.0066 80000190500001274 80000190500001273 80000190500001281 80000190500001272 8.44947629437 -1.32031 5.31099 0.918156
9.03763 80000190500001273 80000190500001272 80000190500001281 80000190500001271 8.01217294887 -1.08664 5.75232 1.09911
9.19433 80000190500001272 80000190500001271 80000190500001281 80000190500001270 7.59510714987 3.68994 10.5216 -2.18998
9.29124 80000190500001271 80000190500001270 80000190500001281 80000190500001269 7.23627606617 0.229675 7.38904 0.396803
9.3974 80000190500001270 80000190500001269 80000190500001281 80000190500001268 7.00541704554 1.15978 8.96073 -2.96886
9.46844 80000190500001269 80000190500001267 80000190500001281 80000190500001266 6.49159774567 -2.70308 8.42881 -1.12434
9.54185 80000190500001267 80000190500001266 80000190500001281 80000190500001265 6.14490120342 5.77072 10.8422 -1.37375
9.57087 80000190500001266 80000190500001265 80000190500001281 80000190500001264 6.01075739884 8.73177 7.76441 -3.67148
9.58807 80000190500001265 80000190500001264 80000190500001281 80000190500001263 5.84661374788 9.62729 7.21104 -5.34652
9.66866 80000190500001264 80000190500001263 80000190500001281 80000190500001262 5.52976580795 8.62269 9.03406 -3.96136
9.6838 80000190500001263 80000190500001261 80000190500001281 80000190500001260 4.99593346816 3.31283 13.5286 -0.151297
9.72074 80000190500001261 80000190500001260 80000190500001281 80000190500001259 4.93938066349 -3.45356 17.1409 3.26508
9.80466 80000190500001260 80000190500001259 80000190500001281 80000190500001258 4.66451770247 -4.16782 12.9889 -2.82319
9.81177 80000190500001259 80000190500001258 80000190500001281 80000190500001257 4.42803373661 -4.36625 12.5776 -3.87969
9.91089 80000190500001258 80000190500001257 80000190500001281 80000190500001256 4.17683491473 -0.450637 18.235 0.418222
9.98618 80000190500001257 80000190500001256 80000190500001281 80000190500001255 4.00794511147 -2.22041 18.9397 -1.99059
10.1727 80000190500001256 80000190500001254 80000190500001281 80000190500001253 3.70877426464 -34.4668 41.7733 -28.7329
10.285 80000190500001254 80000190500001253 80000190500001281 80000190500001252 3.49086136926 -51.4086 45.1698 -17.7629
10.3244 80000190500001253 80000190500001252 80000190500001281 80000190500001251 3.28303305796 -51.4166 48.1787 -5.67562
10.3736 80000190500001252 80000190500001251 80000190500001281 80000190500001250 3.08482263583 -62.1864 52.7015 -18.049
10.3817 80000190500001251 80000190500001250 80000190500001281 80000190500001249 3.00813107163 -56.0385 49.5601 -23.0017
10.3853 80000190500001250 80000190500001245 80000190500001281 80000190500001244 2.31611074396 -28.0404 50.208 -26.6655
10.3889 80000190500001245 80000190500001241 80000190500001281 80000190500001240 1.90408954353 -42.7801 37.1171 -20.563
10.3974 80000190500001241 80000190500001240 80000190500001281 80000190500001239 1.82268925262 -49.2603 30.1336 -33.4072
10.4088 80000190500001240 80000190500001239 80000190500001281 80000190500001238 1.74357057433 -44.1392 34.1077 -30.6267
10.4187 80000190500001239 80000190500001237 80000190500001281 80000190500001236 1.60423452207 -49.5842 39.7862 -33.6616
10.4376 80000190500001237 80000190500001236 80000190500001281 80000190500001235 1.53123902916 -52.4665 39.0007 -41.8757
10.4519 80000190500001236 80000190500001235 80000190500001281 80000190500001234 1.47197484527 -62.4691 58.1231 -45.599
10.47 80000190500001235 80000190500001234 80000190500001281 80000190500001233 1.41409822037 -55.2255 50.5544 -33.3569
10.4725 80000190500001234 80000190500001233 80000190500001281 80000190500001232 1.3575766674 -62.8872 55.198 -46.4667
10.504 80000190500001233 80000190500001232 80000190500001281 80000190500001231 1.30237845991 -73.7998 59.426 -49.4843
10.5071 80000190500001232 80000190500001231 80000190500001281 80000190500001230 1.24847261425 -62.6058 56.527 -32.4334
10.5092 80000190500001231 80000190500001230 80000190500001281 80000190500001229 1.20625808078 -57.9809 51.5352 -36.4708
10.5353 80000190500001230 80000190500001229 80000190500001281 80000190500001228 1.15460271236 -66.2406 56.6524 -66.3592
10.554 80000190500001229 80000190500001228 80000190500001281 80000190500001227 1.11415056377 -62.4415 53.397 -67.4723
10.557 80000190500001228 80000190500001226 80000190500001281 80000190500001225 1.03551044566 -74.1355 53.334 -63.3781
10.5631 80000190500001226 80000190500001225 80000190500001281 80000190500001224 0.997294225782 -55.1211 58.4907 -45.7535
10.5797 80000190500001225 80000190500001223 80000190500001281 80000190500001222 0.950531351585 -77.4216 58.5228 -54.2717
10.5879 80000190500001223 80000190500001222 80000190500001281 80000190500001221 0.923000816178 -68.6791 61.7334 -46.5244
10.5973 80000190500001222 80000190500001221 80000190500001281 80000190500001220 0.886896937575 -72.3569 61.5397 -56.1168
10.5973 80000190500001221 80000190500001220 80000190500001281 80000190500001219 0.851470900625 -66.9678 59.2667 -38.8307
10.6062 80000190500001220 80000190500001219 80000190500001281 80000190500001218 0.816709979012 -82.8219 66.0198 -43.8233
10.6201 80000190500001219 80000190500001218 80000190500001281 80000190500001217 0.791068248946 -85.0643 74.0413 -53.7701
10.6272 80000190500001218 80000190500001217 80000190500001281 80000190500001216 0.757441372616 -108.454 86.0654 -70.1216
11.192 80000190500001217 80000190500001203 80000190500001281 80000190500001202 0.419968941997 -157.958 255.131 -505.413
9.00337 80000190500001300 80000190500001299 80000190500001312 80000190500001298 4.93938066349 -1.13651 -6.066 3.20994
9.05235 80000190500001299 80000190500001298 80000190500001312 80000190500001297 4.66451770247 4.53081 -1.60532 6.34344
9.14344 80000190500001359 80000190500001358 80000190500001362 80000190500001357 7.00541704554 -3.0359 9.19751 -1.14396
9.16182 80000190500001358 80000190500001357 80000190500001362 80000190500001356 6.85511726265 -1.47546 7.93007 0.0520278
9.20668 80000190500001357 80000190500001356 80000190500001362 80000190500001355 6.49159774567 -3.44435 9.29618 -1.71023
9.30602 80000190500001356 80000190500001355 80000190500001362 80000190500001354 6.14490120342 -5.10814 6.90391 2.42694
9.33566 80000190500001355 80000190500001353 80000190500001362 80000190500001352 5.84661374788 -3.03533 6.24301 5.17431
9.4026 80000190500001353 80000190500001352 80000190500001362 80000190500001351 5.52976580795 -1.41212 5.0496 2.3093
9.45605 80000190500001352 80000190500001351 80000190500001362 80000190500001350 5.22758097313 4.89892 6.31919 3.97866
9.51074 80000190500001351 80000190500001350 80000190500001362 80000190500001349 4.99593346816 2.98336 1.72241 -2.09388
9.52754 80000190500001350 80000190500001349 80000190500001362 80000190500001348 4.93938066349 1.69321 0.0571317 -1.84441
9.57523 80000190500001349 80000190500001348 80000190500001362 80000190500001347 4.66451770247 -2.47583 -0.784842 -0.134346
9.69515 80000190500001348 80000190500001347 80000190500001362 80000190500001346 4.42803373661 -3.15523 17.4937 -10.2203
9.87409 80000190500001347 80000190500001344 80000190500001362 80000190500001343 3.93726108473 -7.12757 24.1002 -0.406174
9.0098 80000190500001607 80000190500001606 80000190500001618 80000190500001605 2.73314261732 3.89591 6.54854 -1.98222
9.07216 80000190500001606 80000190500001605 80000190500001618 80000190500001604 2.5772902716 4.04974 4.60082 2.87066
9.02239 80000190500001742 80000190500001741 80000190500001745 80000190500001740 6.85511726265 -3.73696 6.89779 -10.6924
9.12912 80000190500001741 80000190500001740 80000190500001745 80000190500001739 6.49159774567 -3.36181 -6.244 -17.2468
9.18802 80000190500001740 80000190500001739 80000190500001745 80000190500001738 6.14490120342 -6.25161 -6.87588 -12.3617
9.21072 80000190500001739 80000190500001738 80000190500001745 80000190500001737 6.01075739884 -7.71178 -6.95557 -11.8366
9.22066 80000190500001738 80000190500001737 80000190500001745 80000190500001736 5.84661374788 -6.76537 -5.96815 -11.2113
9.24362 80000190500001737 80000190500001736 80000190500001745 80000190500001735 5.52976580795 -5.6164 -5.88716 -11.5456
9.25828 80000190500001736 80000190500001735 80000190500001745 80000190500001734 5.22758097313 -6.90912 -2.72166 -7.37476
9.25828 80000190500001735 80000190500001734 80000190500001745 80000190500001733 4.99593346816 -4.75198 -0.77347 -9.43325
9.29622 80000190500001734 80000190500001733 80000190500001745 80000190500001732 4.93938066349 -6.95276 2.86776 -9.61896
9.33263 80000190500001733 80000190500001732 80000190500001745 80000190500001731 4.66451770247 -3.74601 0.160516 -4.54007
9.37319 80000190500001732 80000190500001731 80000190500001745 80000190500001730 4.42803373661 -1.39228 6.52387 -9.32152
9.38815 80000190500001731 80000190500001727 80000190500001745 80000190500001726 3.70877426464 -1.12941 4.14992 -6.10328
9.41282 80000190500001727 80000190500001726 80000190500001745 80000190500001725 3.49086136926 -5.73124 7.57016 -11.1803
9.42157 80000190500001726 80000190500001725 80000190500001745 80000190500001724 3.28303305796 -6.62989 6.8472 -6.13126
9.45261 80000190500001725 80000190500001724 80000190500001745 80000190500001723 3.08482263583 -7.77644 8.91993 -14.9721
9.52169 80000190500001724 80000190500001721 80000190500001745 80000190500001720 2.73314261732 -15.3141 20.9561 -9.83505
9.65297 80000190500001721 80000190500001720 80000190500001745 80000190500001719 2.5772902716 -14.2763 31.3478 -2.48751
9.76557 80000190500001720 80000190500001719 80000190500001745 80000190500001718 2.44422570455 -15.4951 30.2389 13.0191
9.85944 80000190500001719 80000190500001718 80000190500001745 80000190500001717 2.31611074396 -13.1432 27.3466 10.4974
9.88783 80000190500001718 80000190500001717 80000190500001745 80000190500001716 2.20792547238 -3.56337 20.1598 19.0005
9.92315 80000190500001717 80000190500001716 80000190500001745 80000190500001715 2.1032696526 -1.46344 12.2664 7.61149
9.98347 80000190500001716 80000190500001711 80000190500001745 80000190500001710 1.66666955611 13.6068 -4.95067 4.59794
9.0316 80000190500001754 80000190500001753 80000190500001768 80000190500001752 3.28303305796 10.5935 0.695019 10.7961
9.0666 80000190500001753 80000190500001752 80000190500001768 80000190500001751 3.08482263583 12.1401 0.853126 7.80492
9.02548 80000190500001794 80000190500001793 80000190500001804 80000190500001792 2.5772902716 11.8573 0.525652 14.489
9.0066 80000190500001892 80000190500001891 80000190500001903 80000190500001890 3.08482263583 8.60669 -11.6975 25.4011
9.01298 80000190500001891 80000190500001883 80000190500001903 80000190500001882 2.1032696526 8.06476 -13.7196 24.0355
9.04945 80000190500001883 80000190500001881 80000190500001903 80000190500001880 1.90408954353 9.60168 -15.2886 24.3052
