logMh | fpID | subhaloID | main leaf ID | descID |  z
9.14811 90000319700000101 90000319700000100 90000319700000109 90000319700000099 9.00233985416 7.16739 14.5655 11.8175
9.55387 90000319700000100 90000319700000098 90000319700000109 90000319700000097 8.44947629437 11.4289 17.8123 -8.10795
9.57956 90000319700000098 90000319700000097 90000319700000109 90000319700000096 8.01217294887 7.42186 13.447 -11.2822
9.65514 90000319700000097 90000319700000096 90000319700000109 90000319700000095 7.59510714987 6.965 13.1599 -8.91257
9.84521 90000319700000096 90000319700000094 90000319700000109 90000319700000093 7.00541704554 5.56266 4.6786 -4.06655
9.97525 90000319700000094 90000319700000093 90000319700000109 90000319700000092 6.85511726265 6.32206 8.05775 1.19088
10.1993 90000319700000093 90000319700000092 90000319700000109 90000319700000091 6.49159774567 -3.04276 -1.51506 27.7681
10.2494 90000319700000092 90000319700000091 90000319700000109 90000319700000090 6.14490120342 -14.4545 -9.75724 25.377
10.2992 90000319700000091 90000319700000090 90000319700000109 90000319700000089 6.01075739884 -13.456 -7.91573 35.1531
10.3503 90000319700000090 90000319700000089 90000319700000109 90000319700000088 5.84661374788 -16.7624 -25.0912 42.361
10.466 90000319700000089 90000319700000088 90000319700000109 90000319700000087 5.52976580795 -8.81328 -38.3813 41.5333
10.5177 90000319700000088 90000319700000087 90000319700000109 90000319700000086 5.22758097313 -5.38455 -45.5012 36.9997
10.5367 90000319700000087 90000319700000086 90000319700000109 90000319700000085 4.99593346816 6.65719 -42.5476 28.7942
10.552 90000319700000086 90000319700000085 90000319700000109 90000319700000084 4.93938066349 8.48781 -49.5388 18.5944
10.5908 90000319700000085 90000319700000084 90000319700000109 90000319700000083 4.66451770247 -0.737462 -31.0628 13.6851
10.596 90000319700000084 90000319700000083 90000319700000109 90000319700000082 4.42803373661 -6.5112 -14.6568 14.7821
10.6526 90000319700000083 90000319700000082 90000319700000109 90000319700000081 4.17683491473 -6.17182 -22.5779 49.4305
10.6863 90000319700000082 90000319700000081 90000319700000109 90000319700000080 4.00794511147 -1.91935 -8.98712 70.8826
10.701 90000319700000081 90000319700000080 90000319700000109 90000319700000079 3.93726108473 -9.22345 -3.39219 57.9027
10.7314 90000319700000080 90000319700000079 90000319700000109 90000319700000078 3.70877426464 2.97138 -16.1062 68.1597
10.7704 90000319700000079 90000319700000078 90000319700000109 90000319700000077 3.49086136926 6.04906 -24.6466 83.8901
10.7886 90000319700000078 90000319700000077 90000319700000109 90000319700000076 3.28303305796 -7.78407 8.41965 74.5296
10.8711 90000319700000077 90000319700000076 90000319700000109 90000319700000075 3.08482263583 -19.2251 -20.7059 54.5344
10.8835 90000319700000076 90000319700000074 90000319700000109 90000319700000073 2.89578500573 -7.65562 -38.2794 103.081
10.9303 90000319700000074 90000319700000073 90000319700000109 90000319700000072 2.73314261732 -22.1067 -42.6076 89.7206
10.9581 90000319700000073 90000319700000072 90000319700000109 90000319700000071 2.5772902716 -28.182 -69.1906 117.895
10.9724 90000319700000072 90000319700000071 90000319700000109 90000319700000070 2.44422570455 -33.2402 -109.998 103.619
10.9877 90000319700000071 90000319700000070 90000319700000109 90000319700000069 2.31611074396 -23.5367 -139.821 127.229
11.016 90000319700000070 90000319700000069 90000319700000109 90000319700000068 2.20792547238 -40.0064 -135.127 107.129
11.0222 90000319700000069 90000319700000068 90000319700000109 90000319700000067 2.1032696526 -28.2204 -135.112 100.444
11.0592 90000319700000068 90000319700000067 90000319700000109 90000319700000066 2.00202813925 -34.5022 -140.253 161.892
11.0609 90000319700000067 90000319700000066 90000319700000109 90000319700000065 1.90408954353 -22.4884 -108.74 163.527
11.0661 90000319700000066 90000319700000065 90000319700000109 90000319700000064 1.82268925262 -28.8444 -85.9578 161.338
11.0716 90000319700000065 90000319700000063 90000319700000109 90000319700000062 1.66666955611 -44.0204 -47.8358 186.282
11.0766 90000319700000063 90000319700000060 90000319700000109 90000319700000059 1.47197484527 -44.3845 -61.6698 194.667
11.0837 90000319700000060 90000319700000059 90000319700000109 90000319700000058 1.41409822037 -38.255 -43.9014 200.231
11.0869 90000319700000059 90000319700000058 90000319700000109 90000319700000057 1.3575766674 -32.8951 -43.6653 187.244
11.0871 90000319700000058 90000319700000057 90000319700000109 90000319700000056 1.30237845991 -45.4872 -48.9518 185.852
11.0947 90000319700000057 90000319700000056 90000319700000109 90000319700000055 1.24847261425 -51.665 -39.4281 186.125
11.095 90000319700000056 90000319700000053 90000319700000109 90000319700000052 1.11415056377 -68.0467 -36.9857 136.434
11.101 90000319700000053 90000319700000051 90000319700000109 90000319700000050 1.03551044566 -61.5377 -48.8769 118.25
11.1314 90000319700000051 90000319700000050 90000319700000109 90000319700000049 0.997294225782 -65.7767 -71.772 57.3445
11.1386 90000319700000050 90000319700000049 90000319700000109 90000319700000048 0.987852810816 -64.5415 -68.3984 43.2944
11.1586 90000319700000049 90000319700000048 90000319700000109 90000319700000047 0.950531351585 -72.6869 -117.832 -34.5147
11.159 90000319700000048 90000319700000047 90000319700000109 90000319700000046 0.923000816178 -78.2022 -103.496 0.000833519
11.1755 90000319700000047 90000319700000046 90000319700000109 90000319700000045 0.886896937575 -80.8472 -129.787 -52.6008
11.1853 90000319700000046 90000319700000045 90000319700000109 90000319700000044 0.851470900625 -81.7403 -140.787 -56.0751
11.1943 90000319700000045 90000319700000044 90000319700000109 90000319700000043 0.816709979012 -95.1934 -140.601 -58.6058
11.2131 90000319700000044 90000319700000043 90000319700000109 90000319700000042 0.791068248946 -93.1871 -151.724 -81.9614
11.2351 90000319700000043 90000319700000042 90000319700000109 90000319700000041 0.757441372616 -87.2824 -173.45 -156.858
11.2521 90000319700000042 90000319700000041 90000319700000109 90000319700000040 0.732636182022 -87.1818 -205.301 -217.424
11.2972 90000319700000041 90000319700000040 90000319700000109 90000319700000039 0.700106353719 -81.1386 -244.132 -330.861
11.3029 90000319700000040 90000319700000038 90000319700000109 90000319700000037 0.644641840685 -97.281 -245.801 -291.432
11.3176 90000319700000038 90000319700000037 90000319700000109 90000319700000036 0.621428745243 -88.2703 -249.115 -315.043
11.3279 90000319700000037 90000319700000036 90000319700000109 90000319700000035 0.598543288188 -95.5087 -249.637 -310.055
11.3388 90000319700000036 90000319700000035 90000319700000109 90000319700000034 0.575980845108 -92.9354 -250.596 -316.033
11.3525 90000319700000035 90000319700000034 90000319700000109 90000319700000033 0.546392183141 -84.8245 -221.583 -278.713
11.3608 90000319700000034 90000319700000033 90000319700000109 90000319700000032 0.524565820434 -91.5105 -230.205 -288.639
11.3626 90000319700000033 90000319700000029 90000319700000109 90000319700000028 0.440297849248 -91.1604 -203.604 -278.827
11.3653 90000319700000029 90000319700000028 90000319700000109 90000319700000027 0.419968941997 -95.947 -199.323 -279.805
11.3661 90000319700000028 90000319700000027 90000319700000109 90000319700000026 0.399926964614 -97.2991 -201.836 -300.208
11.367 90000319700000027 90000319700000026 90000319700000109 90000319700000025 0.38016786726 -93.7148 -205.906 -303.952
11.3688 90000319700000026 90000319700000020 90000319700000109 90000319700000019 0.273353346578 -99.5473 -191.475 -277.871
11.3726 90000319700000020 90000319700000018 90000319700000109 90000319700000017 0.243540181555 -103.993 -191.831 -267.559
11.3731 90000319700000018 90000319700000012 90000319700000109 90000319700000011 0.152748768902 -135.095 -189.377 -241.43
11.3775 90000319700000012 90000319700000011 90000319700000109 90000319700000010 0.14187620397 -129.807 -203.066 -237.344
11.3804 90000319700000011 90000319700000010 90000319700000109 90000319700000009 0.125759332411 -129.62 -192.27 -237.986
11.3828 90000319700000010 90000319700000009 90000319700000109 90000319700000008 0.109869940459 -127.315 -205.399 -240.765
11.3877 90000319700000009 90000319700000008 90000319700000109 90000319700000007 0.0994018026302 -127.582 -219.227 -244.878
11.3941 90000319700000008 90000319700000007 90000319700000109 90000319700000006 0.0838844307975 -144.033 -203.277 -258.918
11.3944 90000319700000007 90000319700000006 90000319700000109 90000319700000005 0.0736613846564 -142.647 -205.611 -267.236
11.3973 90000319700000006 90000319700000005 90000319700000109 90000319700000004 0.0585073227945 -141.74 -207.656 -266.947
11.4019 90000319700000005 90000319700000004 90000319700000109 90000319700000003 0.0485236299818 -141.783 -209.878 -283.401
11.4038 90000319700000004 90000319700000003 90000319700000109 90000319700000002 0.0337243718735 -147.378 -209.387 -286.716
11.4074 90000319700000003 90000319700000002 90000319700000109 90000319700000001 0.0239744283828 -143.782 -214.491 -281.739
11.4116 90000319700000002 90000319700000000 90000319700000109 -1 2.22044604925e-16 -139.025 -214.567 -302.99
9.04653 90000319700000114 90000319700000113 90000319700000117 90000319700000112 9.84138043947 3.85933 11.6176 -0.91622
9.1193 90000319700000113 90000319700000112 90000319700000117 90000319700000111 9.38877127194 8.65602 17.5296 3.08761
9.33716 90000319700000119 90000319700000118 90000319700000123 90000319700000098 8.9079991856 10.7631 11.1265 -0.420537
9.05811 90000319700000155 90000319700000154 90000319700000158 90000319700000153 9.38877127194 -0.0902268 1.7463 -0.173185
9.15502 90000319700000154 90000319700000153 90000319700000158 90000319700000152 9.00233985416 -1.37383 -1.61185 0.393808
9.29124 90000319700000153 90000319700000152 90000319700000158 90000319700000151 8.9079991856 -9.89459 8.41943 2.95258
9.39214 90000319700000152 90000319700000151 90000319700000158 90000319700000150 8.44947629437 -9.93105 10.9109 1.40411
9.45719 90000319700000151 90000319700000150 90000319700000158 90000319700000149 8.01217294887 -8.0738 12.7124 0.221877
9.52948 90000319700000150 90000319700000149 90000319700000158 90000319700000148 7.59510714987 -10.7278 11.8317 2.58452
9.60054 90000319700000149 90000319700000148 90000319700000158 90000319700000147 7.23627606617 -8.206 9.35011 2.16257
9.10671 90000319700000173 90000319700000172 90000319700000180 90000319700000171 8.44947629437 0.542187 -6.38624 8.75187
9.13154 90000319700000172 90000319700000171 90000319700000180 90000319700000170 8.01217294887 0.579459 -3.18147 3.88328
9.28956 90000319700000171 90000319700000170 90000319700000180 90000319700000169 7.59510714987 8.92681 -1.13586 9.95139
9.2929 90000319700000170 90000319700000169 90000319700000180 90000319700000168 7.23627606617 10.7141 3.88626 7.50134
9.06096 90000319700000231 90000319700000230 90000319700000235 90000319700000229 10.3674435724 -1.26731 3.12197 -2.81607
9.2361 90000319700000230 90000319700000229 90000319700000235 90000319700000228 9.99659046619 -0.609465 3.2683 -2.09664
9.24548 90000319700000229 90000319700000228 90000319700000235 90000319700000227 9.84138043947 -0.0378758 4.12308 -2.25102
9.2672 90000319700000228 90000319700000227 90000319700000235 90000319700000226 9.38877127194 0.306538 6.01602 -3.4794
9.32805 90000319700000227 90000319700000226 90000319700000235 90000319700000225 9.00233985416 -3.82278 2.85805 -4.39342
9.54836 90000319700000226 90000319700000224 90000319700000235 90000319700000223 8.44947629437 -9.24609 -8.9507 3.17123
9.58469 90000319700000224 90000319700000221 90000319700000235 90000319700000220 7.23627606617 -5.59238 -8.51722 1.43245
9.09637 90000319700000320 90000319700000319 90000319700000329 90000319700000318 7.23627606617 5.85245 -2.19636 -8.0738
9.10157 90000319700000319 90000319700000318 90000319700000329 90000319700000317 7.00541704554 4.8924 -4.0618 -4.05969
9.11681 90000319700000318 90000319700000317 90000319700000329 90000319700000316 6.85511726265 5.47539 -6.85271 -4.0454
9.14811 90000319700000317 90000319700000314 90000319700000329 90000319700000313 6.01075739884 5.259 -2.57275 1.26458
9.18376 90000319700000314 90000319700000311 90000319700000329 90000319700000310 5.22758097313 5.04361 -7.32015 -8.61771
9.20668 90000319700000311 90000319700000310 90000319700000329 90000319700000309 4.99593346816 -0.590571 -8.0977 -8.35345
9.02548 90000319700000432 90000319700000431 90000319700000439 90000319700000430 8.9079991856 0.406154 2.56158 1.28274
9.07492 90000319700000431 90000319700000430 90000319700000439 90000319700000429 8.44947629437 4.42071 2.27047 1.53104
9.14108 90000319700000430 90000319700000429 90000319700000439 90000319700000428 8.01217294887 0.17678 -0.407527 0.82488
9.17293 90000319700000429 90000319700000428 90000319700000439 90000319700000427 7.59510714987 2.36039 1.71778 2.24903
9.2742 90000319700000428 90000319700000427 90000319700000439 90000319700000426 7.23627606617 4.04601 2.74307 -0.646912
9.2845 90000319700000427 90000319700000426 90000319700000439 90000319700000425 7.00541704554 3.45921 3.18673 -1.28621
9.32342 90000319700000426 90000319700000425 90000319700000439 90000319700000424 6.85511726265 4.09178 6.05778 2.40367
9.43617 90000319700000425 90000319700000424 90000319700000439 90000319700000423 6.49159774567 9.02911 10.6072 16.5019
9.45376 90000319700000424 90000319700000423 90000319700000439 90000319700000422 6.14490120342 13.1211 6.99018 15.8051
9.48157 90000319700000423 90000319700000422 90000319700000439 90000319700000421 6.01075739884 12.5247 8.09838 16.0904
9.51972 90000319700000422 90000319700000420 90000319700000439 90000319700000419 5.52976580795 11.6308 6.19989 4.04867
9.57262 90000319700000420 90000319700000419 90000319700000439 90000319700000418 5.22758097313 8.8934 11.0825 6.41035
9.58041 90000319700000419 90000319700000418 90000319700000439 90000319700000417 4.99593346816 -0.569231 5.17984 -0.723337
9.59642 90000319700000418 90000319700000416 90000319700000439 90000319700000415 4.66451770247 1.08394 10.2635 4.11741
9.61346 90000319700000416 90000319700000412 90000319700000439 90000319700000411 3.93726108473 4.42655 4.38373 2.8587
9.64119 90000319700000412 90000319700000410 90000319700000439 90000319700000409 3.49086136926 15.2901 -0.813939 2.78497
9.66655 90000319700000410 90000319700000409 90000319700000439 90000319700000408 3.28303305796 10.1533 -2.40188 3.61351
9.00337 90000319700000480 90000319700000479 90000319700000491 90000319700000478 4.99593346816 -2.84155 2.72578 -0.671891
9.02855 90000319700000479 90000319700000478 90000319700000491 90000319700000477 4.93938066349 -2.14706 5.23846 -3.05174
9.04062 90000319700000478 90000319700000476 90000319700000491 90000319700000475 4.42803373661 -2.54814 5.10873 -2.10898
9.04062 90000319700000476 90000319700000473 90000319700000491 90000319700000472 3.93726108473 -0.650987 2.08569 -1.87077
9.04358 90000319700000473 90000319700000472 90000319700000491 90000319700000471 3.70877426464 5.03114 -0.955494 -1.78751
9.04653 90000319700000472 90000319700000467 90000319700000491 90000319700000466 2.89578500573 -1.03996 3.47212 0.0261439
9.21272 90000319700000525 90000319700000524 90000319700000527 90000319700000523 7.23627606617 0.0944993 2.80107 -7.65836
9.26365 90000319700000524 90000319700000522 90000319700000527 90000319700000521 6.85511726265 0.739293 7.15616 -7.46905
9.27072 90000319700000522 90000319700000520 90000319700000527 90000319700000519 6.01075739884 -1.76266 -5.25421 -0.143682
9.37595 90000319700000520 90000319700000519 90000319700000527 90000319700000518 5.84661374788 -3.40226 -3.53037 -9.25997
9.53902 90000319700000519 90000319700000518 90000319700000527 90000319700000517 5.52976580795 -6.63831 -2.24955 -12.7477
9.58553 90000319700000518 90000319700000516 90000319700000527 90000319700000515 4.99593346816 -15.0156 -0.338008 -9.85701
9.65586 90000319700000516 90000319700000514 90000319700000527 90000319700000513 4.66451770247 -19.7577 3.08358 6.22277
9.42033 90000319700000529 90000319700000528 90000319700000533 90000319700000520 6.49159774567 -18.6444 -3.94835 -22.8751
9.50872 90000319700000536 90000319700000535 90000319700000539 90000319700000516 5.22758097313 -13.0117 1.44567 -4.18757
9.00337 90000319700000559 90000319700000558 90000319700000584 90000319700000557 2.89578500573 8.24817 6.70138 9.18371
9.18376 90000319700000668 90000319700000667 90000319700000678 90000319700000666 6.49159774567 -15.8675 5.80612 -3.32632
9.24918 90000319700000667 90000319700000666 90000319700000678 90000319700000665 6.14490120342 -2.27635 2.55151 12.328
9.34165 90000319700000666 90000319700000665 90000319700000678 90000319700000664 6.01075739884 9.59501 5.15418 22.0127
9.36622 90000319700000665 90000319700000664 90000319700000678 90000319700000663 5.84661374788 6.37059 -1.53193 19.2134
9.39081 90000319700000664 90000319700000663 90000319700000678 90000319700000662 5.52976580795 -7.86881 0.451487 4.98965
9.54465 90000319700000663 90000319700000662 90000319700000678 90000319700000661 5.22758097313 3.03431 10.4513 8.89128
9.55387 90000319700000662 90000319700000661 90000319700000678 90000319700000660 4.99593346816 0.546107 20.7003 4.57451
9.61266 90000319700000661 90000319700000659 90000319700000678 90000319700000658 4.66451770247 -14.8048 3.75129 -6.47258
9.62831 90000319700000659 90000319700000656 90000319700000678 90000319700000655 4.00794511147 -12.6919 5.20362 -8.76127
9.04358 90000319700000860 90000319700000859 90000319700000866 90000319700000858 3.00813107163 6.36169 -5.37588 13.6978
9.07766 90000319700000859 90000319700000858 90000319700000866 90000319700000857 2.89578500573 8.65411 -7.11826 8.71333
9.14344 90000319700000858 90000319700000857 90000319700000866 90000319700000856 2.73314261732 1.46723 -0.101114 0.271132
9.01298 90000319700001117 90000319700001116 90000319700001133 90000319700001115 2.44422570455 -2.51559 1.33376 0.212809
9.01928 90000319700001116 90000319700001113 90000319700001133 90000319700001112 2.1032696526 -7.11282 1.48321 0.419399
9.20464 90000319700001200 90000319700001199 90000319700001206 90000319700001198 8.44947629437 -6.14647 29.0239 -5.18671
9.36199 90000319700001199 90000319700001198 90000319700001206 90000319700001197 8.01217294887 -13.374 32.5436 -11.5037
9.48265 90000319700001198 90000319700001195 90000319700001206 90000319700001194 7.00541704554 -11.7369 27.022 0.12256
9.56379 90000319700001195 90000319700001193 90000319700001206 90000319700001192 6.49159774567 -12.5302 20.9236 -1.93081
10.1269 90000319700001193 90000319700001178 90000319700001206 90000319700001177 3.28303305796 5.71644 5.76568 -15.0886
10.2594 90000319700001178 90000319700001177 90000319700001206 90000319700001176 3.00813107163 17.063 17.9239 28.9954
10.3011 90000319700001177 90000319700001176 90000319700001206 90000319700001175 2.89578500573 21.1115 27.1782 52.6284
10.3726 90000319700001176 90000319700001175 90000319700001206 90000319700001174 2.73314261732 22.7944 18.8437 20.6675
10.4079 90000319700001175 90000319700001174 90000319700001206 90000319700001173 2.5772902716 21.558 18.8151 17.9098
10.4592 90000319700001174 90000319700001173 90000319700001206 90000319700001172 2.44422570455 21.0291 23.5713 7.85275
10.4673 90000319700001173 90000319700001172 90000319700001206 90000319700001171 2.31611074396 27.9312 31.2309 -0.00767413
10.4692 90000319700001172 90000319700001171 90000319700001206 90000319700001170 2.20792547238 33.9379 29.7767 -6.8882
10.476 90000319700001171 90000319700001170 90000319700001206 90000319700001169 2.1032696526 33.2646 31.1591 -5.95599
10.4865 90000319700001170 90000319700001169 90000319700001206 90000319700001168 2.00202813925 46.1966 51.7637 35.8724
10.4976 90000319700001169 90000319700001168 90000319700001206 90000319700001167 1.90408954353 49.1729 40.379 28.035
10.5146 90000319700001168 90000319700001166 90000319700001206 90000319700001165 1.74357057433 37.0495 37.6389 30.7265
10.5238 90000319700001166 90000319700001165 90000319700001206 90000319700001164 1.66666955611 43.1352 44.7704 29.9921
10.5354 90000319700001165 90000319700001164 90000319700001206 90000319700001163 1.60423452207 44.1277 46.4649 31.8417
10.5388 90000319700001164 90000319700001163 90000319700001206 90000319700001162 1.53123902916 53.3837 52.5886 54.9574
10.5494 90000319700001163 90000319700001162 90000319700001206 90000319700001161 1.47197484527 50.1678 58.3652 55.1161
10.5689 90000319700001162 90000319700001161 90000319700001206 90000319700001160 1.41409822037 61.215 51.5359 77.1488
10.5726 90000319700001161 90000319700001160 90000319700001206 90000319700001159 1.3575766674 60.7672 54.2397 83.7356
10.5752 90000319700001160 90000319700001158 90000319700001206 90000319700001157 1.24847261425 50.7363 34.6984 74.9081
10.5783 90000319700001158 90000319700001157 90000319700001206 90000319700001156 1.20625808078 47.9824 35.5237 72.3893
10.5908 90000319700001157 90000319700001156 90000319700001206 90000319700001155 1.15460271236 45.445 34.3416 63.4433
10.6027 90000319700001156 90000319700001154 90000319700001206 90000319700001153 1.07445789455 38.3146 23.7384 69.6011
10.6045 90000319700001154 90000319700001153 90000319700001206 90000319700001152 1.03551044566 21.3819 7.90858 50.4117
9.38005 90000319700001213 90000319700001212 90000319700001213 90000319700001211 7.59510714987 -15.6445 34.0339 -9.34131
9.47286 90000319700001212 90000319700001211 90000319700001213 90000319700001210 7.23627606617 -17.5226 28.2816 -2.29177
9.0066 90000319700001236 90000319700001235 90000319700001241 90000319700001234 8.01217294887 10.8469 -0.788451 1.96843
9.02855 90000319700001235 90000319700001233 90000319700001241 90000319700001232 7.23627606617 2.98056 1.90579 4.61767
9.02855 90000319700001233 90000319700001231 90000319700001241 90000319700001230 6.85511726265 6.09191 -1.31407 3.9964
9.03763 90000319700001231 90000319700001227 90000319700001241 90000319700001226 5.84661374788 2.7737 -1.17184 0.538865
9.10415 90000319700001268 90000319700001267 90000319700001271 90000319700001266 8.44947629437 34.0615 -22.7399 -13.7958
9.10926 90000319700001267 90000319700001261 90000319700001271 90000319700001260 6.14490120342 4.79202 -0.328633 -2.98209
9.12424 90000319700001261 90000319700001260 90000319700001271 90000319700001259 6.01075739884 3.19561 -1.27651 -2.14811
9.54744 90000319700001260 90000319700001256 90000319700001271 90000319700001255 4.99593346816 -1.42248 3.27854 7.87932
9.64044 90000319700001256 90000319700001255 90000319700001271 90000319700001254 4.93938066349 0.269167 2.65955 27.6977
9.73118 90000319700001255 90000319700001253 90000319700001271 90000319700001252 4.42803373661 9.40288 5.89775 34.9636
9.81728 90000319700001253 90000319700001252 90000319700001271 90000319700001251 4.17683491473 6.79084 -0.853344 23.9221
9.84754 90000319700001252 90000319700001251 90000319700001271 90000319700001250 4.00794511147 12.1101 0.391289 17.5336
9.8666 90000319700001251 90000319700001250 90000319700001271 90000319700001249 3.93726108473 13.496 -1.66342 16.115
9.94333 90000319700001250 90000319700001249 90000319700001271 90000319700001248 3.70877426464 12.3029 1.62559 3.30335
10.0316 90000319700001249 90000319700001248 90000319700001271 90000319700001247 3.49086136926 10.6251 -1.31178 -24.3817
9.17729 90000319700001292 90000319700001291 90000319700001296 90000319700001290 7.59510714987 30.8766 -57.9699 34.3938
9.18162 90000319700001291 90000319700001287 90000319700001296 90000319700001286 6.49159774567 2.70159 -8.63106 20.7227
9.26543 90000319700001287 90000319700001285 90000319700001296 90000319700001284 6.01075739884 51.1708 25.8088 26.4852
9.51175 90000319700001285 90000319700001282 90000319700001296 90000319700001281 5.22758097313 -1.35065 1.61203 24.9614
9.00337 90000319700001308 90000319700001307 90000319700001315 90000319700001306 5.84661374788 -2.8361 -1.0648 -0.166093
9.06096 90000319700001348 90000319700001347 90000319700001356 90000319700001346 8.9079991856 1.19369 -0.884692 5.94624
9.13871 90000319700001347 90000319700001346 90000319700001356 90000319700001345 8.44947629437 1.32087 -6.077 1.64697
9.14108 90000319700001346 90000319700001344 90000319700001356 90000319700001343 7.59510714987 0.239504 -2.9844 0.371236
9.31401 90000319700001344 90000319700001343 90000319700001356 90000319700001342 7.23627606617 -3.01414 4.29588 -7.77777
9.40001 90000319700001343 90000319700001342 90000319700001356 90000319700001341 7.00541704554 -7.3331 -1.32984 -15.2966
9.43497 90000319700001342 90000319700001341 90000319700001356 90000319700001340 6.85511726265 -9.98116 1.8394 -14.9806
9.49848 90000319700001341 90000319700001340 90000319700001356 90000319700001339 6.49159774567 -2.76871 1.27879 -10.1374
9.51074 90000319700001340 90000319700001339 90000319700001356 90000319700001338 6.14490120342 -7.57201 1.36146 -9.01
9.51675 90000319700001339 90000319700001338 90000319700001356 90000319700001337 6.01075739884 -5.83962 0.151698 -7.96806
9.55021 90000319700001338 90000319700001337 90000319700001356 90000319700001336 5.84661374788 -2.98678 1.91088 -6.54846
9.55387 90000319700001337 90000319700001335 90000319700001356 90000319700001334 5.22758097313 -5.50672 -1.53796 -18.7784
9.5629 90000319700001335 90000319700001334 90000319700001356 90000319700001333 4.99593346816 -8.26775 -6.43701 -19.0867
9.57436 90000319700001334 90000319700001333 90000319700001356 90000319700001332 4.93938066349 -8.18016 -8.01091 -20.471
9.5931 90000319700001333 90000319700001332 90000319700001356 90000319700001331 4.66451770247 -5.29638 -6.11883 -20.1524
9.59807 90000319700001332 90000319700001331 90000319700001356 90000319700001330 4.42803373661 -7.78446 -7.12409 -19.5644
9.64342 90000319700001331 90000319700001330 90000319700001356 90000319700001329 4.17683491473 -5.98417 -1.06687 -15.1898
9.68985 90000319700001330 90000319700001329 90000319700001356 90000319700001328 4.00794511147 -3.73695 0.163681 -14.7399
9.69184 90000319700001329 90000319700001326 90000319700001356 90000319700001325 3.49086136926 -0.23872 4.00017 -13.5241
9.02239 90000319700001395 90000319700001394 90000319700001407 90000319700001393 4.66451770247 -10.7584 -16.9836 -12.6128
9.0316 90000319700001394 90000319700001390 90000319700001407 90000319700001389 3.93726108473 -4.15118 -23.5421 -3.90657
9.04062 90000319700001390 90000319700001389 90000319700001407 90000319700001388 3.70877426464 -3.20799 -18.5498 -1.15054
9.05811 90000319700001389 90000319700001387 90000319700001407 90000319700001386 3.28303305796 2.24069 -18.0234 3.11595
9.01928 90000319700001465 90000319700001464 90000319700001478 90000319700001463 2.20792547238 -8.09092 -12.9319 -12.9628
9.03463 90000319700001709 90000319700001708 90000319700001733 90000319700001707 2.31611074396 -1.21384 10.5616 3.47028
