logMh | fpID | subhaloID | main leaf ID | descID |  z
9.04653 10000000021364543 10000000021364542 10000000021364546 10000000021364541 12.0418635439 -2.34346 -2.81702 1.94649
9.19433 10000000021364542 10000000021364541 10000000021364546 10000000021364540 11.4973879548 -3.36378 -2.4804 0.29743
9.35627 10000000021364541 10000000021364540 10000000021364546 10000000021364539 10.9190331982 -6.91136 0.746935 -12.1625
9.37732 10000000021364540 10000000021364539 10000000021364546 10000000021364538 10.3674435724 -3.1135 -4.10325 -1.3839
9.4606 10000000021364539 10000000021364538 10000000021364546 10000000021364537 9.99659046619 -8.18307 -0.3352 -8.06098
9.51972 10000000021364538 10000000021364537 10000000021364546 10000000021364536 9.84138043947 -7.96888 1.57564 -5.38886
9.58975 10000000021364537 10000000021364536 10000000021364546 10000000021364535 9.38877127194 -10.7849 4.25266 -9.37196
9.62368 10000000021364536 10000000021364535 10000000021364546 10000000021364534 9.00233985416 -9.95076 0.0165544 -7.73914
9.62368 10000000021364535 10000000021364534 10000000021364546 10000000021364533 8.9079991856 -11.4674 7.38969 -10.3505
9.68447 10000000021364534 10000000021364533 10000000021364546 10000000021364532 8.44947629437 -8.80017 3.97404 -3.49338
9.76557 10000000021364533 10000000021364532 10000000021364546 10000000021364531 8.01217294887 -18.72 -2.08375 -10.0763
9.79008 10000000021364532 10000000021364531 10000000021364546 10000000021364530 7.59510714987 -15.4792 -0.470765 -4.55198
9.84708 10000000021364531 10000000021364530 10000000021364546 10000000021364529 7.23627606617 -11.4104 -5.12654 0.412787
9.86616 10000000021364530 10000000021364529 10000000021364546 10000000021364528 7.00541704554 -11.4173 -4.95195 1.82399
9.99021 10000000021364529 10000000021364528 10000000021364546 10000000021364527 6.85511726265 -23.3842 -23.2618 1.54924
10.0264 10000000021364528 10000000021364527 10000000021364546 10000000021364526 6.49159774567 -26.0962 -31.2942 4.4978
10.086 10000000021364527 10000000021364526 10000000021364546 10000000021364525 6.14490120342 -40.2821 -19.5222 -17.6089
10.1488 10000000021364526 10000000021364523 10000000021364546 10000000021364522 5.52976580795 -18.845 -12.3001 5.13459
10.2087 10000000021364523 10000000021364522 10000000021364546 10000000021364521 5.22758097313 -28.0654 -25.2674 8.05027
10.2984 10000000021364522 10000000021364521 10000000021364546 10000000021364520 4.99593346816 -15.0531 -22.758 19.7756
10.4104 10000000021364521 10000000021364519 10000000021364546 10000000021364518 4.66451770247 -18.9654 -31.9156 8.29204
10.5392 10000000021364519 10000000021364517 10000000021364546 10000000021364516 4.17683491473 -24.246 -11.9509 -4.05
10.6325 10000000021364517 10000000021364516 10000000021364546 10000000021364515 4.00794511147 -75.3298 -89.3027 38.4113
10.6378 10000000021364516 10000000021364515 10000000021364546 10000000021364514 3.93726108473 -77.7421 -91.1479 59.2617
10.6919 10000000021364515 10000000021364514 10000000021364546 10000000021364513 3.70877426464 -87.5543 -103.484 68.472
10.8006 10000000021364514 10000000021364513 10000000021364546 10000000021364512 3.49086136926 -76.1285 -46.8647 97.6007
10.9109 10000000021364513 10000000021364512 10000000021364546 10000000021364511 3.28303305796 -57.8434 18.0445 101.568
10.9922 10000000021364512 10000000021364511 10000000021364546 10000000021364510 3.08482263583 -43.893 32.4524 76.6595
11.013 10000000021364511 10000000021364510 10000000021364546 10000000021364509 3.00813107163 -20.7659 56.8452 62.2106
11.0558 10000000021364510 10000000021364509 10000000021364546 10000000021364508 2.89578500573 -14.53 85.2876 29.5725
11.091 10000000021364509 10000000021364508 10000000021364546 10000000021364507 2.73314261732 -21.4834 76.8035 -10.6534
11.1207 10000000021364508 10000000021364507 10000000021364546 10000000021364506 2.5772902716 -20.1397 103.338 -25.63
11.135 10000000021364507 10000000021364506 10000000021364546 10000000021364505 2.44422570455 -16.3553 118.98 -36.9944
11.1506 10000000021364506 10000000021364505 10000000021364546 10000000021364504 2.31611074396 -14.8723 117.301 -16.4755
11.1566 10000000021364505 10000000021364504 10000000021364546 10000000021364503 2.20792547238 -25.5712 113.979 -32.5143
11.1576 10000000021364504 10000000021364502 10000000021364546 10000000021364501 2.00202813925 -35.3516 80.3965 -24.3099
11.161 10000000021364502 10000000021364501 10000000021364546 10000000021364500 1.90408954353 -46.2004 75.1092 -21.747
11.1655 10000000021364501 10000000021364500 10000000021364546 10000000021364499 1.82268925262 -46.6476 59.7252 -8.31105
11.1902 10000000021364500 10000000021364499 10000000021364546 10000000021364498 1.74357057433 -15.9308 143.049 -12.6072
11.1905 10000000021364499 10000000021364496 10000000021364546 10000000021364495 1.53123902916 -119.904 27.1193 3.30392
11.1999 10000000021364496 10000000021364495 10000000021364546 10000000021364494 1.47197484527 -118.385 19.0018 -22.6435
11.1999 10000000021364495 10000000021364494 10000000021364546 10000000021364493 1.41409822037 -120.489 -3.52126 -27.5209
11.203 10000000021364494 10000000021364493 10000000021364546 10000000021364492 1.3575766674 -107.269 3.72807 -18.3174
11.2075 10000000021364493 10000000021364492 10000000021364546 10000000021364491 1.30237845991 -115.793 6.33393 -22.578
11.2245 10000000021364492 10000000021364491 10000000021364546 10000000021364490 1.24847261425 -110.528 24.1479 -3.9921
11.2259 10000000021364491 10000000021364490 10000000021364546 10000000021364489 1.20625808078 -118.676 16.7815 -1.14514
11.231 10000000021364490 10000000021364489 10000000021364546 10000000021364488 1.15460271236 -121.172 13.6352 6.02912
11.2417 10000000021364489 10000000021364486 10000000021364546 10000000021364485 1.03551044566 -121.274 -8.73932 6.7304
11.2494 10000000021364486 10000000021364485 10000000021364546 10000000021364484 0.997294225782 -134.984 -16.1589 36.2909
11.2544 10000000021364485 10000000021364483 10000000021364546 10000000021364482 0.950531351585 -151.064 6.54301 10.6309
11.2624 10000000021364483 10000000021364482 10000000021364546 10000000021364481 0.923000816178 -168.463 8.84243 8.48104
11.2665 10000000021364482 10000000021364481 10000000021364546 10000000021364480 0.886896937575 -189.989 1.82628 20.6499
11.277 10000000021364481 10000000021364480 10000000021364546 10000000021364479 0.851470900625 -204.604 34.3035 18.4999
11.2787 10000000021364480 10000000021364479 10000000021364546 10000000021364478 0.816709979012 -221.013 12.7285 25.3067
11.2843 10000000021364479 10000000021364478 10000000021364546 10000000021364477 0.791068248946 -219.125 14.4902 36.8593
11.2933 10000000021364478 10000000021364477 10000000021364546 10000000021364476 0.757441372616 -234.085 21.3501 17.8639
11.2994 10000000021364477 10000000021364476 10000000021364546 10000000021364475 0.732636182022 -237.028 30.6264 24.0691
11.3069 10000000021364476 10000000021364475 10000000021364546 10000000021364474 0.700106353719 -263.471 24.9032 41.7889
11.3143 10000000021364475 10000000021364474 10000000021364546 10000000021364473 0.676110411213 -259.725 11.2549 78.1894
11.323 10000000021364474 10000000021364473 10000000021364546 10000000021364472 0.644641840685 -269.305 24.6288 85.5696
11.3295 10000000021364473 10000000021364472 10000000021364546 10000000021364471 0.621428745243 -284.823 47.4058 74.9422
11.3355 10000000021364472 10000000021364471 10000000021364546 10000000021364470 0.598543288188 -290.305 60.2044 78.7576
11.3387 10000000021364471 10000000021364470 10000000021364546 10000000021364469 0.575980845108 -302.897 69.257 61.9388
11.3398 10000000021364470 10000000021364469 10000000021364546 10000000021364468 0.546392183141 -316.455 71.019 48.1132
11.3472 10000000021364469 10000000021364468 10000000021364546 10000000021364467 0.524565820434 -352.923 113.05 34.0146
11.3528 10000000021364468 10000000021364467 10000000021364546 10000000021364466 0.503047523245 -381.506 141.449 38.1789
11.365 10000000021364467 10000000021364466 10000000021364546 10000000021364465 0.481832943421 -431.147 179.384 51.2702
11.3669 10000000021364466 10000000021364465 10000000021364546 10000000021364464 0.460917794181 -433.898 195.839 68.8249
11.3672 10000000021364465 10000000021364462 10000000021364546 10000000021364461 0.399926964614 -364.693 138.466 72.491
11.369 10000000021364462 10000000021364457 10000000021364546 10000000021364456 0.310074120128 -319.593 84.9239 108.481
11.3718 10000000021364457 10000000021364456 10000000021364546 10000000021364455 0.291583239722 -341.402 96.8822 100.675
11.3737 10000000021364456 10000000021364444 10000000021364546 10000000021364443 0.109869940459 -320.888 50.8838 115.6
11.3782 10000000021364444 10000000021364443 10000000021364546 10000000021364442 0.0994018026302 -414.137 120.587 146.286
11.383 10000000021364443 10000000021364442 10000000021364546 10000000021364441 0.0838844307975 -408.874 123.475 118.556
9.08845 10000000021364601 10000000021364600 10000000021364605 10000000021364599 7.23627606617 -7.39117 -23.8848 9.98187
9.00012 10000000021364670 10000000021364669 10000000021364676 10000000021364668 7.00541704554 4.1683 -10.4941 2.64511
9.08309 10000000021364669 10000000021364666 10000000021364676 10000000021364665 6.14490120342 2.68254 -5.16289 2.98311
9.09375 10000000021364666 10000000021364665 10000000021364676 10000000021364664 6.01075739884 1.42332 -7.99266 6.64061
9.18802 10000000021364665 10000000021364661 10000000021364676 10000000021364660 4.99593346816 -0.468133 0.220166 4.97038
9.05235 10000000021364765 10000000021364764 10000000021364774 10000000021364763 7.00541704554 4.00994 4.96267 0.682938
9.1193 10000000021364764 10000000021364763 10000000021364774 10000000021364762 6.85511726265 3.49966 8.80246 3.82517
9.16852 10000000021364763 10000000021364762 10000000021364774 10000000021364761 6.49159774567 -0.219917 0.44196 10.58
9.24918 10000000021364762 10000000021364761 10000000021364774 10000000021364760 6.14490120342 2.18377 -12.0551 12.3431
9.26896 10000000021364761 10000000021364757 10000000021364774 10000000021364756 5.22758097313 1.55621 -9.26832 8.87632
9.30115 10000000021364757 10000000021364756 10000000021364774 10000000021364755 4.99593346816 5.16653 -7.24882 7.56097
9.01928 10000000021364817 10000000021364816 10000000021364820 10000000021364815 8.01217294887 4.24954 -5.54099 8.05752
9.22845 10000000021364816 10000000021364815 10000000021364820 10000000021364814 7.59510714987 5.79353 -7.05926 17.3396
9.23799 10000000021364815 10000000021364814 10000000021364820 10000000021364813 7.23627606617 5.56783 -8.23695 17.4252
9.26896 10000000021364814 10000000021364813 10000000021364820 10000000021364812 7.00541704554 4.97267 -7.97871 15.9191
9.35771 10000000021364813 10000000021364812 10000000021364820 10000000021364811 6.85511726265 -4.98423 9.02063 26.4675
9.37732 10000000021364812 10000000021364811 10000000021364820 10000000021364810 6.49159774567 -3.12006 8.04181 24.7818
9.42157 10000000021364811 10000000021364810 10000000021364820 10000000021364809 6.14490120342 -2.18956 11.6313 26.881
9.4651 10000000021364810 10000000021364808 10000000021364820 10000000021364807 5.84661374788 -0.407528 4.60591 18.8263
9.47832 10000000021364808 10000000021364807 10000000021364820 10000000021364806 5.52976580795 -2.29756 8.06104 22.3884
9.50465 10000000021364807 10000000021364806 10000000021364820 10000000021364805 5.22758097313 -0.544951 11.2455 32.8426
9.53428 10000000021364806 10000000021364804 10000000021364820 10000000021364803 4.93938066349 -1.00733 9.3451 35.5906
9.55841 10000000021364804 10000000021364803 10000000021364820 10000000021364802 4.66451770247 3.18501 7.20689 29.9255
9.06378 10000000021364851 10000000021364850 10000000021364860 10000000021364849 7.59510714987 -2.28295 4.98937 1.87132
9.18589 10000000021364850 10000000021364849 10000000021364860 10000000021364848 7.23627606617 -2.0986 6.80378 -3.14169
9.28788 10000000021364849 10000000021364845 10000000021364860 10000000021364844 6.14490120342 -3.53993 5.56046 1.69832
9.29457 10000000021364845 10000000021364844 10000000021364860 10000000021364843 6.01075739884 -3.89666 6.78952 -1.5568
9.33866 10000000021364844 10000000021364842 10000000021364860 10000000021364841 5.52976580795 -2.53793 10.7086 -3.84663
9.34165 10000000021364842 10000000021364841 10000000021364860 10000000021364840 5.22758097313 -0.768614 9.60942 -3.31855
9.36199 10000000021364841 10000000021364840 10000000021364860 10000000021364839 4.99593346816 -1.90408 9.26223 -0.38181
9.37595 10000000021364840 10000000021364838 10000000021364860 10000000021364837 4.66451770247 3.89377 4.80159 2.70903
9.37869 10000000021364838 10000000021364837 10000000021364860 10000000021364836 4.42803373661 5.37445 8.3015 8.58084
9.02548 10000000021364917 10000000021364916 10000000021364922 10000000021364915 10.9190331982 2.19473 4.98982 -0.633905
9.06096 10000000021364916 10000000021364915 10000000021364922 10000000021364914 10.3674435724 2.11976 5.61159 -0.229953
9.09111 10000000021364915 10000000021364914 10000000021364922 10000000021364913 9.99659046619 1.62261 6.9691 0.977194
9.17293 10000000021364914 10000000021364913 10000000021364922 10000000021364912 9.84138043947 2.50281 6.93937 3.76919
9.18589 10000000021364913 10000000021364912 10000000021364922 10000000021364911 9.38877127194 3.38083 7.76995 3.99602
9.27072 10000000021364912 10000000021364911 10000000021364922 10000000021364910 9.00233985416 1.35578 6.50956 4.7118
9.27246 10000000021364911 10000000021364910 10000000021364922 10000000021364909 8.9079991856 3.09841 5.84555 3.0436
9.40001 10000000021364910 10000000021364909 10000000021364922 10000000021364908 8.44947629437 7.30784 8.36316 0.111871
9.53332 10000000021364909 10000000021364908 10000000021364922 10000000021364907 8.01217294887 8.87927 3.98847 -1.65653
9.58041 10000000021364908 10000000021364907 10000000021364922 10000000021364906 7.59510714987 6.50944 4.47716 0.319663
9.66866 10000000021364907 10000000021364906 10000000021364922 10000000021364905 7.23627606617 17.4915 -0.058367 8.55697
9.68108 10000000021364906 10000000021364905 10000000021364922 10000000021364904 7.00541704554 9.06836 7.07873 -7.65375
9.6838 10000000021364905 10000000021364904 10000000021364922 10000000021364903 6.85511726265 11.8607 3.56275 -2.37247
9.76892 10000000021364904 10000000021364903 10000000021364922 10000000021364902 6.49159774567 17.4371 2.77063 -3.72064
9.81976 10000000021364903 10000000021364902 10000000021364922 10000000021364901 6.14490120342 9.54459 0.797489 -11.8644
9.86749 10000000021364902 10000000021364901 10000000021364922 10000000021364900 6.01075739884 4.9142 -0.476735 -6.7237
9.91805 10000000021364901 10000000021364900 10000000021364922 10000000021364899 5.84661374788 10.666 -8.71853 -22.8998
9.95436 10000000021364900 10000000021364899 10000000021364922 10000000021364898 5.52976580795 5.05389 -6.07241 -9.17685
10.0319 10000000021364899 10000000021364898 10000000021364922 10000000021364897 5.22758097313 15.1904 -8.78745 -3.96173
10.0924 10000000021364898 10000000021364897 10000000021364922 10000000021364896 4.99593346816 25.7523 -11.0599 -2.13128
10.1018 10000000021364897 10000000021364896 10000000021364922 10000000021364895 4.93938066349 27.064 -18.1387 -4.83349
10.3399 10000000021364896 10000000021364894 10000000021364922 10000000021364893 4.42803373661 21.1376 19.8231 38.7326
9.01614 10000000021364943 10000000021364942 10000000021364947 10000000021364941 7.23627606617 -4.10817 -11.3738 0.933351
9.05235 10000000021364942 10000000021364941 10000000021364947 10000000021364940 7.00541704554 -3.06195 -7.91283 -2.15144
9.16182 10000000021364941 10000000021364940 10000000021364947 10000000021364939 6.85511726265 -10.4647 -10.1209 -7.84948
9.09898 10000000021364981 10000000021364980 10000000021364990 10000000021364979 6.49159774567 -1.34174 -0.239843 -3.90371
9.01298 10000000021365049 10000000021365048 10000000021365060 10000000021365047 4.99593346816 4.5818 -1.00781 -0.647629
9.04653 10000000021365048 10000000021365047 10000000021365060 10000000021365046 4.93938066349 6.77888 -3.12169 -0.753911
9.02548 10000000021365143 10000000021365142 10000000021365150 10000000021365141 8.44947629437 2.28556 0.0984513 0.118871
9.08038 10000000021365142 10000000021365141 10000000021365150 10000000021365140 8.01217294887 0.869388 -0.457865 -1.36505
9.16852 10000000021365141 10000000021365140 10000000021365150 10000000021365139 7.59510714987 2.19618 -3.66512 -2.93186
9.39081 10000000021365140 10000000021365139 10000000021365150 10000000021365138 7.23627606617 -12.0863 -6.84246 -13.2349
9.54372 10000000021365139 10000000021365138 10000000021365150 10000000021365137 7.00541704554 -21.0246 -11.7628 -6.22505
9.57436 10000000021365138 10000000021365137 10000000021365150 10000000021365136 6.85511726265 -18.6502 -9.44781 -5.55042
9.61899 10000000021365137 10000000021365136 10000000021365150 10000000021365135 6.49159774567 -10.4718 -8.29263 -0.549416
9.7263 10000000021365136 10000000021365135 10000000021365150 10000000021365134 6.14490120342 1.59799 -14.8597 14.265
9.76332 10000000021365135 10000000021365134 10000000021365150 10000000021365133 6.01075739884 -0.413799 -14.4304 14.5317
9.83958 10000000021365134 10000000021365133 10000000021365150 10000000021365132 5.84661374788 -5.93346 -13.6725 9.15456
9.8933 10000000021365133 10000000021365132 10000000021365150 10000000021365131 5.52976580795 -5.57 -14.7926 -8.95362
9.9892 10000000021365132 10000000021365131 10000000021365150 10000000021365130 5.22758097313 4.05284 -20.0437 -28.9824
10.018 10000000021365131 10000000021365125 10000000021365150 10000000021365124 4.00794511147 24.8445 -2.67839 -23.8902
10.0316 10000000021365125 10000000021365124 10000000021365150 10000000021365123 3.93726108473 29.8397 -4.32789 -29.536
10.0581 10000000021365124 10000000021365122 10000000021365150 10000000021365121 3.49086136926 16.6632 18.0651 -17.7626
10.0804 10000000021365122 10000000021365121 10000000021365150 10000000021365120 3.28303305796 21.6765 19.0544 -25.2963
9.15042 10000000021365178 10000000021365177 10000000021365190 10000000021365176 5.52976580795 38.1478 9.80288 -15.7253
9.02855 10000000021365242 10000000021365241 10000000021365248 10000000021365240 6.49159774567 9.98967 11.4772 2.64687
9.21671 10000000021365241 10000000021365240 10000000021365248 10000000021365239 6.14490120342 8.95354 -7.09353 7.95941
9.2672 10000000021365240 10000000021365235 10000000021365248 10000000021365234 4.99593346816 5.08579 -8.99692 -0.491398
9.29622 10000000021365235 10000000021365234 10000000021365248 10000000021365233 4.93938066349 3.46805 -9.34252 0.248658
9.37595 10000000021365234 10000000021365231 10000000021365248 10000000021365230 4.17683491473 8.58007 -15.5672 -28.5677
9.0316 10000000021365280 10000000021365279 10000000021365284 10000000021365278 7.59510714987 -1.0101 -7.58021 -1.4965
9.09637 10000000021365279 10000000021365278 10000000021365284 10000000021365277 7.23627606617 -1.54884 -4.37617 -1.93417
9.15042 10000000021365278 10000000021365277 10000000021365284 10000000021365276 7.00541704554 -3.01632 -4.14648 -0.820736
9.19433 10000000021365277 10000000021365276 10000000021365284 10000000021365275 6.85511726265 -2.92815 -0.832182 0.66715
9.22651 10000000021365276 10000000021365275 10000000021365284 10000000021365274 6.49159774567 -2.31067 3.63576 2.64512
9.26187 10000000021365275 10000000021365274 10000000021365284 10000000021365273 6.14490120342 -1.0416 4.8472 -0.520132
9.27594 10000000021365274 10000000021365273 10000000021365284 10000000021365272 6.01075739884 -1.55518 4.17907 -3.88759
9.29124 10000000021365273 10000000021365271 10000000021365284 10000000021365270 5.52976580795 -1.03708 -1.27069 6.56552
9.39478 10000000021365271 10000000021365270 10000000021365284 10000000021365269 5.22758097313 -2.59486 -2.19586 8.55825
9.41784 10000000021365270 10000000021365263 10000000021365284 10000000021365262 3.93726108473 -23.8984 0.534171 -7.07224
9.49848 10000000021365263 10000000021365262 10000000021365284 10000000021365261 3.70877426464 -21.7333 6.30355 -10.9267
9.01928 10000000021365617 10000000021365616 10000000021365625 10000000021365615 6.14490120342 -10.1465 -10.7932 -12.5994
9.09637 10000000021365616 10000000021365614 10000000021365625 10000000021365613 5.84661374788 -7.26994 -13.7066 -9.05165
9.13394 10000000021365614 10000000021365613 10000000021365625 10000000021365612 5.52976580795 -7.65594 -12.9604 -10.2213
9.16852 10000000021365613 10000000021365612 10000000021365625 10000000021365611 5.22758097313 -3.61151 -10.709 -7.34342
9.2087 10000000021365612 10000000021365601 10000000021365625 10000000021365600 3.08482263583 -15.2773 -8.95526 6.449
9.04062 10000000021365781 10000000021365780 10000000021365790 10000000021365779 7.23627606617 -9.56376 -2.08682 4.19878
9.0666 10000000021365780 10000000021365779 10000000021365790 10000000021365778 7.00541704554 -9.81869 -1.13399 3.42926
9.0666 10000000021365779 10000000021365776 10000000021365790 10000000021365775 6.14490120342 -12.468 -3.1485 1.52161
9.10926 10000000021365776 10000000021365774 10000000021365790 10000000021365773 5.84661374788 -10.2587 -2.05473 4.53453
9.16407 10000000021365774 10000000021365773 10000000021365790 10000000021365772 5.52976580795 -9.82525 -4.38235 0.963037
9.23229 10000000021365773 10000000021365772 10000000021365790 10000000021365771 5.22758097313 -9.16938 1.8054 1.3492
9.32497 10000000021365772 10000000021365769 10000000021365790 10000000021365768 4.66451770247 -10.1449 -1.28653 18.1772
9.34016 10000000021365769 10000000021365767 10000000021365790 10000000021365766 4.17683491473 -10.7445 7.82951 11.6787
9.35048 10000000021365767 10000000021365763 10000000021365790 10000000021365762 3.49086136926 -6.28018 0.152114 12.2856
9.37732 10000000021365763 10000000021365762 10000000021365790 10000000021365761 3.28303305796 -7.77533 -1.7656 10.1399
9.42281 10000000021365762 10000000021365761 10000000021365790 10000000021365760 3.08482263583 -14.0809 -4.84316 8.58224
