logMh | fpID | subhaloID | main leaf ID | descID |  z
9.01298 60000016300036849 60000016300036848 60000016300036852 60000016300036847 10.9190331982 -8.70277 2.48796 -3.31845
9.15502 60000016300036848 60000016300036847 60000016300036852 60000016300036846 10.3674435724 -3.94361 0.688112 -2.98697
9.36481 60000016300036847 60000016300036846 60000016300036852 60000016300036845 9.99659046619 -10.0324 5.34975 -5.38996
9.59972 60000016300036846 60000016300036844 60000016300036852 60000016300036843 9.38877127194 -12.5981 4.14472 -6.93257
10.0497 60000016300036844 60000016300036843 60000016300036852 60000016300036842 9.00233985416 75.2458 14.525 23.5108
10.0979 60000016300036843 60000016300036841 60000016300036852 60000016300036840 8.44947629437 26.6527 -10.5453 -5.72899
10.1511 60000016300036841 60000016300036840 60000016300036852 60000016300036839 8.01217294887 15.5307 -26.3627 -8.18309
10.3013 60000016300036840 60000016300036839 60000016300036852 60000016300036838 7.59510714987 17.8874 -8.43042 18.6749
10.4183 60000016300036839 60000016300036838 60000016300036852 60000016300036837 7.23627606617 62.5077 -1.1086 22.7527
10.4817 60000016300036838 60000016300036837 60000016300036852 60000016300036836 7.00541704554 46.4858 -7.75252 17.9115
10.5605 60000016300036837 60000016300036836 60000016300036852 60000016300036835 6.85511726265 31.3159 4.52762 61.9465
10.5796 60000016300036836 60000016300036835 60000016300036852 60000016300036834 6.49159774567 40.2269 -0.829935 23.8593
10.6798 60000016300036835 60000016300036834 60000016300036852 60000016300036833 6.14490120342 35.8969 -4.83677 47.5345
10.6875 60000016300036834 60000016300036833 60000016300036852 60000016300036832 6.01075739884 29.7665 -8.52376 43.0118
10.7243 60000016300036833 60000016300036832 60000016300036852 60000016300036831 5.84661374788 45.2027 -16.6951 34.414
10.7635 60000016300036832 60000016300036831 60000016300036852 60000016300036830 5.52976580795 9.2477 -6.15343 17.4122
10.8545 60000016300036831 60000016300036830 60000016300036852 60000016300036829 5.22758097313 -22.5619 -4.6864 41.0064
10.8889 60000016300036830 60000016300036829 60000016300036852 60000016300036828 4.99593346816 -18.2888 -15.7785 20.4693
10.8962 60000016300036829 60000016300036828 60000016300036852 60000016300036827 4.93938066349 -20.4887 -14.6252 9.72937
10.9439 60000016300036828 60000016300036827 60000016300036852 60000016300036826 4.66451770247 -52.7432 -8.3051 24.2159
10.997 60000016300036827 60000016300036826 60000016300036852 60000016300036825 4.42803373661 -102.61 -3.45739 68.0209
11.1338 60000016300036826 60000016300036825 60000016300036852 60000016300036824 4.17683491473 55.4584 56.41 252.677
11.192 60000016300036825 60000016300036824 60000016300036852 60000016300036823 4.00794511147 143.655 56.3858 206.444
11.3292 60000016300036824 60000016300036822 60000016300036852 60000016300036821 3.70877426464 301.001 36.8609 120.401
11.3936 60000016300036822 60000016300036821 60000016300036852 60000016300036820 3.49086136926 268.254 12.8951 107.632
11.4376 60000016300036821 60000016300036820 60000016300036852 60000016300036819 3.28303305796 203.051 21.5126 148.802
11.4854 60000016300036820 60000016300036819 60000016300036852 60000016300036818 3.08482263583 273.062 44.8883 153.191
11.5167 60000016300036819 60000016300036818 60000016300036852 60000016300036817 3.00813107163 295.358 49.9358 126.613
11.5348 60000016300036818 60000016300036817 60000016300036852 60000016300036816 2.89578500573 342.409 57.3531 163.09
11.5676 60000016300036817 60000016300036816 60000016300036852 60000016300036815 2.73314261732 419.926 31.82 113.764
11.594 60000016300036816 60000016300036815 60000016300036852 60000016300036814 2.5772902716 554.143 59.3478 86.9166
11.6065 60000016300036815 60000016300036814 60000016300036852 60000016300036813 2.44422570455 494.219 54.8885 117.119
11.6212 60000016300036814 60000016300036813 60000016300036852 60000016300036812 2.31611074396 484.621 79.0094 126.913
11.6258 60000016300036813 60000016300036810 60000016300036852 60000016300036809 2.00202813925 350.887 125.904 141.513
11.6315 60000016300036810 60000016300036809 60000016300036852 60000016300036808 1.90408954353 325.173 129.393 189.728
11.634 60000016300036809 60000016300036808 60000016300036852 60000016300036807 1.82268925262 269.011 99.2912 204.876
11.6415 60000016300036808 60000016300036807 60000016300036852 60000016300036806 1.74357057433 197.202 74.6541 204.361
11.6498 60000016300036807 60000016300036805 60000016300036852 60000016300036804 1.60423452207 138.035 14.3706 211.666
11.6583 60000016300036805 60000016300036804 60000016300036852 60000016300036803 1.53123902916 111.343 -9.26173 205.861
11.6659 60000016300036804 60000016300036803 60000016300036852 60000016300036802 1.47197484527 136.316 28.9914 193.192
11.6683 60000016300036803 60000016300036802 60000016300036852 60000016300036801 1.41409822037 155.178 31.5741 175.526
11.6785 60000016300036802 60000016300036801 60000016300036852 60000016300036800 1.3575766674 179.824 -1.11631 143.779
11.6839 60000016300036801 60000016300036800 60000016300036852 60000016300036799 1.30237845991 156.008 21.8852 125.003
11.6938 60000016300036800 60000016300036799 60000016300036852 60000016300036798 1.24847261425 190.079 64.7091 100.83
11.6966 60000016300036799 60000016300036798 60000016300036852 60000016300036797 1.20625808078 183.124 50.5594 94.9494
11.7065 60000016300036798 60000016300036797 60000016300036852 60000016300036796 1.15460271236 206.489 63.4818 83.4038
11.7092 60000016300036797 60000016300036795 60000016300036852 60000016300036794 1.07445789455 220.276 76.66 47.7655
11.7116 60000016300036795 60000016300036794 60000016300036852 60000016300036793 1.03551044566 222.15 76.2031 24.6675
11.7156 60000016300036794 60000016300036793 60000016300036852 60000016300036792 0.997294225782 229.183 77.9531 18.7632
11.7171 60000016300036793 60000016300036792 60000016300036852 60000016300036791 0.987852810816 228.005 70.2677 10.3037
11.7231 60000016300036792 60000016300036791 60000016300036852 60000016300036790 0.950531351585 245.32 62.585 1.76891
11.7278 60000016300036791 60000016300036790 60000016300036852 60000016300036789 0.923000816178 268.134 53.2718 2.43283
11.7339 60000016300036790 60000016300036789 60000016300036852 60000016300036788 0.886896937575 295.606 67.0967 -12.3589
11.734 60000016300036789 60000016300036787 60000016300036852 60000016300036786 0.816709979012 305.744 74.1375 -32.2266
11.74 60000016300036787 60000016300036786 60000016300036852 60000016300036785 0.791068248946 325.498 77.6782 -34.21
11.7442 60000016300036786 60000016300036785 60000016300036852 60000016300036784 0.757441372616 338.264 92.4758 -33.8427
11.7482 60000016300036785 60000016300036784 60000016300036852 60000016300036783 0.732636182022 342.445 88.2326 -33.6201
11.7492 60000016300036784 60000016300036783 60000016300036852 60000016300036782 0.700106353719 332.239 79.092 -20.1332
11.7546 60000016300036783 60000016300036782 60000016300036852 60000016300036781 0.676110411213 339.427 88.6879 -26.3512
11.7571 60000016300036782 60000016300036781 60000016300036852 60000016300036780 0.644641840685 322.426 77.3823 -11.1503
11.7598 60000016300036781 60000016300036780 60000016300036852 60000016300036779 0.621428745243 341.171 70.038 -15.4003
11.7636 60000016300036780 60000016300036779 60000016300036852 60000016300036778 0.598543288188 352.447 75.5221 -17.9171
11.7686 60000016300036779 60000016300036778 60000016300036852 60000016300036777 0.575980845108 357.906 64.6306 -15.3876
11.773 60000016300036778 60000016300036777 60000016300036852 60000016300036776 0.546392183141 350.709 75.3834 -22.7457
11.7755 60000016300036777 60000016300036776 60000016300036852 60000016300036775 0.524565820434 346.107 67.7887 -22.9834
11.7827 60000016300036776 60000016300036775 60000016300036852 60000016300036774 0.503047523245 363.049 55.1239 -14.7441
11.7891 60000016300036775 60000016300036774 60000016300036852 60000016300036773 0.481832943421 376.636 72.9899 -27.9917
11.7908 60000016300036774 60000016300036773 60000016300036852 60000016300036772 0.460917794181 384.968 76.0714 -33.6895
11.7938 60000016300036773 60000016300036772 60000016300036852 60000016300036771 0.440297849248 390.41 63.9547 -23.2218
11.7973 60000016300036772 60000016300036771 60000016300036852 60000016300036770 0.419968941997 393.818 59.2627 -16.2096
11.802 60000016300036771 60000016300036770 60000016300036852 60000016300036769 0.399926964614 410.156 64.085 -30.2923
11.8101 60000016300036770 60000016300036769 60000016300036852 60000016300036768 0.38016786726 466.736 77.8982 -34.8376
11.8153 60000016300036769 60000016300036768 60000016300036852 60000016300036767 0.360687657262 491.307 69.5113 -28.3956
11.816 60000016300036768 60000016300036767 60000016300036852 60000016300036766 0.347853841858 489.171 67.1763 -28.679
11.8245 60000016300036767 60000016300036766 60000016300036852 60000016300036765 0.328829724206 547.243 72.962 -41.852
11.8306 60000016300036766 60000016300036765 60000016300036852 60000016300036764 0.310074120128 580.196 81.7795 -39.0068
11.8392 60000016300036765 60000016300036764 60000016300036852 60000016300036763 0.291583239722 637.164 96.2252 -44.028
11.8442 60000016300036764 60000016300036763 60000016300036852 60000016300036762 0.273353346578 691.936 104.884 -51.1586
11.8459 60000016300036763 60000016300036762 60000016300036852 60000016300036761 0.261343256161 699.319 105.243 -41.374
11.8529 60000016300036762 60000016300036761 60000016300036852 60000016300036760 0.243540181555 759.565 136.433 -44.4097
11.8635 60000016300036761 60000016300036760 60000016300036852 60000016300036759 0.22598838626 862.997 179.714 -27.5816
11.8698 60000016300036760 60000016300036759 60000016300036852 60000016300036758 0.214425035514 938.027 194.634 -44.8214
11.8801 60000016300036759 60000016300036758 60000016300036852 60000016300036757 0.197284182376 1030.26 239.398 -16.9647
11.8984 60000016300036758 60000016300036757 60000016300036852 60000016300036756 0.180385261706 1189.81 291.468 -14.7105
11.904 60000016300036757 60000016300036756 60000016300036852 60000016300036755 0.169252033244 1215.83 302.158 -4.42999
11.9065 60000016300036756 60000016300036753 60000016300036852 60000016300036752 0.125759332411 1173.86 296.855 56.7821
11.9135 60000016300036753 60000016300036752 60000016300036852 60000016300036751 0.109869940459 1187.01 306.075 94.1781
11.9185 60000016300036752 60000016300036751 60000016300036852 60000016300036750 0.0994018026302 1186.54 322.459 121.605
11.9245 60000016300036751 60000016300036750 60000016300036852 60000016300036749 0.0838844307975 1169.8 342.669 156.206
11.9269 60000016300036750 60000016300036749 60000016300036852 60000016300036748 0.0736613846564 1157.53 362.647 188.066
11.9286 60000016300036749 60000016300036748 60000016300036852 60000016300036747 0.0585073227945 1156.43 361.667 162.394
11.9314 60000016300036748 60000016300036747 60000016300036852 60000016300036746 0.0485236299818 1158.89 375.98 162.59
11.9352 60000016300036747 60000016300036746 60000016300036852 60000016300036745 0.0337243718735 1127.56 385.884 172.348
11.9388 60000016300036746 60000016300036745 60000016300036852 60000016300036744 0.0239744283828 1112.28 386.591 173.976
9.03763 60000016300036867 60000016300036866 60000016300036872 60000016300036865 10.3674435724 -7.68251 -6.59382 -1.34109
9.04062 60000016300036866 60000016300036865 60000016300036872 60000016300036864 9.99659046619 -9.42736 -6.90446 -0.0166366
9.07216 60000016300036890 60000016300036889 60000016300036892 60000016300036888 11.4973879548 -3.8707 3.4693 -3.5062
9.11431 60000016300036889 60000016300036888 60000016300036892 60000016300036887 10.9190331982 -3.30881 -0.544688 -1.34228
9.27246 60000016300036888 60000016300036887 60000016300036892 60000016300036886 10.3674435724 -5.84282 0.144832 2.47141
9.37595 60000016300036887 60000016300036886 60000016300036892 60000016300036885 9.99659046619 -3.27219 2.53311 -0.789303
9.43015 60000016300036886 60000016300036885 60000016300036892 60000016300036884 9.84138043947 -2.28842 3.26108 -0.648841
9.06378 60000016300036903 60000016300036902 60000016300036908 60000016300036901 9.38877127194 1.17694 9.39283 6.69355
9.04062 60000016300036976 60000016300036975 60000016300036980 60000016300036974 9.99659046619 -2.8839 5.72821 -3.71984
9.12668 60000016300036975 60000016300036974 60000016300036980 60000016300036973 9.84138043947 -2.5475 5.77919 -1.72463
9.24733 60000016300036974 60000016300036973 60000016300036980 60000016300036972 9.38877127194 -2.63855 5.45997 -1.32377
9.31717 60000016300036973 60000016300036972 60000016300036980 60000016300036971 9.00233985416 -0.48796 0.984525 0.0724913
9.31874 60000016300036972 60000016300036971 60000016300036980 60000016300036970 8.9079991856 -0.744046 0.720934 -0.663201
9.56646 60000016300036971 60000016300036970 60000016300036980 60000016300036969 8.44947629437 -4.78878 1.5962 3.07212
9.0098 60000016300036986 60000016300036985 60000016300036993 60000016300036984 8.9079991856 1.12766 -1.14659 3.88815
9.37732 60000016300036985 60000016300036984 60000016300036993 60000016300036983 8.01217294887 5.25342 -4.62212 6.73578
9.47396 60000016300036984 60000016300036983 60000016300036993 60000016300036982 7.59510714987 -2.75712 -0.0291516 5.26501
9.53428 60000016300036983 60000016300036982 60000016300036993 60000016300036981 7.23627606617 -6.73404 9.41096 4.48111
9.19641 60000016300037050 60000016300037049 60000016300037053 60000016300037048 10.9190331982 -8.02179 1.25263 -0.841508
9.23037 60000016300037049 60000016300037047 60000016300037053 60000016300037046 9.99659046619 -1.55445 7.06437 11.2066
9.30923 60000016300037047 60000016300037046 60000016300037053 60000016300037045 9.84138043947 -7.10976 5.74213 12.9296
9.43737 60000016300037046 60000016300037045 60000016300037053 60000016300037044 9.38877127194 2.80077 10.2029 15.746
9.4651 60000016300037045 60000016300037043 60000016300037053 60000016300037042 8.44947629437 7.34809 8.11133 12.4944
9.56379 60000016300037043 60000016300037042 60000016300037053 60000016300037041 8.01217294887 8.90104 14.2087 14.1909
9.01614 60000016300037156 60000016300037155 60000016300037162 60000016300037154 8.9079991856 8.97358 0.854355 -0.574276
9.11179 60000016300037155 60000016300037154 60000016300037162 60000016300037153 8.44947629437 -8.34248 3.38005 -1.13968
9.22457 60000016300037154 60000016300037151 60000016300037162 60000016300037150 7.23627606617 4.54596 3.24914 4.33379
9.23229 60000016300037151 60000016300037149 60000016300037162 60000016300037148 6.85511726265 2.36569 1.39314 2.22527
9.3044 60000016300037149 60000016300037148 60000016300037162 60000016300037147 6.49159774567 -3.07377 -4.88034 0.414473
9.34902 60000016300037148 60000016300037147 60000016300037162 60000016300037146 6.14490120342 3.07208 -4.07201 8.27439
9.05235 60000016300037296 60000016300037295 60000016300037304 60000016300037294 6.85511726265 6.73041 -6.7098 -4.56645
9.25828 60000016300037295 60000016300037294 60000016300037304 60000016300037293 6.49159774567 7.0374 4.6913 7.79422
9.33716 60000016300037294 60000016300037293 60000016300037304 60000016300037292 6.14490120342 5.65019 20.139 6.2183
9.5956 60000016300037293 60000016300037290 60000016300037304 60000016300037289 5.52976580795 22.8874 0.48032 7.05438
9.71574 60000016300037290 60000016300037289 60000016300037304 60000016300037288 5.22758097313 33.9379 6.44317 23.4373
9.76275 60000016300037289 60000016300037288 60000016300037304 60000016300037287 4.99593346816 33.5822 10.9133 18.7329
9.78098 60000016300037288 60000016300037287 60000016300037304 60000016300037286 4.93938066349 45.4705 -3.63142 9.55091
9.90116 60000016300037287 60000016300037286 60000016300037304 60000016300037285 4.66451770247 35.2218 10.0828 3.72505
9.95072 60000016300037286 60000016300037285 60000016300037304 60000016300037284 4.42803373661 35.5666 21.0387 3.54418
9.98415 60000016300037285 60000016300037284 60000016300037304 60000016300037283 4.17683491473 45.6218 18.7647 -12.828
9.16852 60000016300037334 60000016300037333 60000016300037340 60000016300037332 6.14490120342 11.6412 10.7019 -1.84337
9.1193 60000016300037405 60000016300037404 60000016300037409 60000016300037403 9.38877127194 -1.98022 -1.71673 -2.49666
9.15502 60000016300037404 60000016300037403 60000016300037409 60000016300037402 9.00233985416 -6.56158 -5.08038 -1.56586
9.28956 60000016300037403 60000016300037400 60000016300037409 60000016300037399 8.01217294887 16.7076 -5.13492 7.9363
9.29457 60000016300037400 60000016300037397 60000016300037409 60000016300037396 7.00541704554 8.60008 -3.41078 3.39921
9.30923 60000016300037397 60000016300037396 60000016300037409 60000016300037395 6.85511726265 3.11602 -1.68453 6.0306
9.32805 60000016300037396 60000016300037395 60000016300037409 60000016300037394 6.49159774567 10.1669 -6.12911 2.21367
9.52462 60000016300037395 60000016300037393 60000016300037409 60000016300037392 6.01075739884 90.8209 -69.8248 -93.4891
9.0316 60000016300037432 60000016300037431 60000016300037439 60000016300037430 8.9079991856 -8.04846 -5.66014 6.41784
9.07492 60000016300037431 60000016300037429 60000016300037439 60000016300037428 8.01217294887 -6.35777 -0.555877 1.94153
9.12424 60000016300037429 60000016300037428 60000016300037439 60000016300037427 7.59510714987 -6.28558 0.869204 1.47788
9.15956 60000016300037428 60000016300037427 60000016300037439 60000016300037426 7.23627606617 -4.37559 -0.787288 2.43737
9.20055 60000016300037427 60000016300037425 60000016300037439 60000016300037424 6.85511726265 1.64309 -0.614587 0.830735
9.20464 60000016300037425 60000016300037423 60000016300037439 60000016300037422 6.14490120342 -2.1101 0.339131 5.21543
9.23037 60000016300037423 60000016300037421 60000016300037439 60000016300037420 5.84661374788 -3.32799 0.994094 4.79051
9.27766 60000016300037421 60000016300037420 60000016300037439 60000016300037419 5.52976580795 -1.7349 1.9188 -8.07495
9.98517 60000016300037453 60000016300037452 60000016300037457 60000016300037451 4.93938066349 20.6026 -21.5644 16.7805
9.14344 60000016300037476 60000016300037475 60000016300037480 60000016300037474 6.01075739884 -6.50054 3.94684 14.8977
9.14811 60000016300037475 60000016300037472 60000016300037480 60000016300037471 5.22758097313 -3.58533 3.68589 24.3093
9.15502 60000016300037472 60000016300037471 60000016300037480 60000016300037470 4.99593346816 2.59164 -0.0725807 19.9946
9.0666 60000016300037586 60000016300037585 60000016300037593 60000016300037584 7.00541704554 -13.6411 0.563853 21.945
9.10157 60000016300037585 60000016300037582 60000016300037593 60000016300037581 6.14490120342 -5.85683 9.56266 -17.6609
9.1573 60000016300037582 60000016300037579 60000016300037593 60000016300037578 5.52976580795 -1.35234 5.94923 -10.556
9.19433 60000016300037579 60000016300037578 60000016300037593 60000016300037577 5.22758097313 2.08919 6.82569 -16.6517
9.0066 60000016300037713 60000016300037712 60000016300037718 60000016300037711 7.23627606617 4.8274 -8.07742 4.4746
9.03463 60000016300037712 60000016300037711 60000016300037718 60000016300037710 7.00541704554 3.42713 -8.00856 4.80574
9.06378 60000016300037711 60000016300037710 60000016300037718 60000016300037709 6.85511726265 2.85106 -5.42288 4.36866
9.08578 60000016300037710 60000016300037709 60000016300037718 60000016300037708 6.49159774567 3.74501 -5.91034 4.04949
9.62908 60000016300037709 60000016300037706 60000016300037718 60000016300037705 5.84661374788 -10.6234 -4.44109 5.61916
9.90929 60000016300037706 60000016300037705 60000016300037718 60000016300037704 5.52976580795 10.1808 3.5198 14.8831
9.94296 60000016300037705 60000016300037704 60000016300037718 60000016300037703 5.22758097313 14.9427 -13.4209 40.0173
9.99717 60000016300037704 60000016300037703 60000016300037718 60000016300037702 4.99593346816 26.1889 -36.6948 33.8849
9.04945 60000016300037725 60000016300037724 60000016300037730 60000016300037723 6.49159774567 -19.6654 -6.67124 -21.3116
9.03763 60000016300037759 60000016300037758 60000016300037765 60000016300037757 7.59510714987 -0.420623 -1.89171 1.94011
9.08309 60000016300037758 60000016300037757 60000016300037765 60000016300037756 7.23627606617 -2.4268 -0.383887 -5.70907
9.10157 60000016300037757 60000016300037756 60000016300037765 60000016300037755 7.00541704554 -1.42365 5.50097 0.0296699
9.10671 60000016300037777 60000016300037776 60000016300037793 60000016300037775 5.22758097313 -4.67051 -1.23891 -4.08775
9.01298 60000016300037849 60000016300037848 60000016300037852 60000016300037847 7.59510714987 -8.97226 3.38151 1.46379
9.04062 60000016300037848 60000016300037846 60000016300037852 60000016300037845 7.00541704554 -7.9444 2.11188 1.94701
9.04062 60000016300037846 60000016300037845 60000016300037852 60000016300037844 6.85511726265 -8.42776 -0.0714709 0.843995
9.07766 60000016300037845 60000016300037844 60000016300037852 60000016300037843 6.49159774567 -7.81228 -2.33177 7.56871
9.15956 60000016300037844 60000016300037838 60000016300037852 60000016300037837 4.99593346816 -3.14912 0.165434 3.1059
9.21072 60000016300037838 60000016300037837 60000016300037852 60000016300037836 4.93938066349 -4.01449 -0.270126 3.97975
9.34756 60000016300037959 60000016300037958 60000016300037963 60000016300037957 12.0418635439 -9.74737 -3.75385 -1.72029
9.58213 60000016300037958 60000016300037957 60000016300037963 60000016300037956 11.4973879548 -7.92915 -10.7742 -15.4413
9.65514 60000016300037957 60000016300037956 60000016300037963 60000016300037955 10.9190331982 -11.2378 -14.2521 -13.5442
9.71132 60000016300037956 60000016300037955 60000016300037963 60000016300037954 10.3674435724 -8.04183 -12.8507 -10.3635
9.72691 60000016300037955 60000016300037954 60000016300037963 60000016300037953 9.99659046619 -2.75177 -10.4521 -7.54814
9.81026 60000016300037954 60000016300037952 60000016300037963 60000016300037951 9.38877127194 -0.899526 -5.24113 -7.67347
9.87146 60000016300037952 60000016300037951 60000016300037963 60000016300037950 9.00233985416 -2.39848 -1.10931 -5.58177
9.88952 60000016300037951 60000016300037950 60000016300037963 60000016300037949 8.9079991856 -4.01045 -1.32858 -7.60685
9.98449 60000016300037950 60000016300037949 60000016300037963 60000016300037948 8.44947629437 -2.77444 2.81926 -15.8272
10.0358 60000016300037949 60000016300037948 60000016300037963 60000016300037947 8.01217294887 -2.97514 2.23026 -17.6972
10.1148 60000016300037948 60000016300037947 60000016300037963 60000016300037946 7.59510714987 4.57227 2.16415 -12.7852
10.1479 60000016300037947 60000016300037946 60000016300037963 60000016300037945 7.23627606617 7.18037 2.04922 -11.871
10.1703 60000016300037946 60000016300037945 60000016300037963 60000016300037944 7.00541704554 6.77175 3.06849 -16.0205
10.2003 60000016300037945 60000016300037944 60000016300037963 60000016300037943 6.85511726265 0.463728 8.23988 -20.3062
10.2309 60000016300037944 60000016300037943 60000016300037963 60000016300037942 6.49159774567 -3.12212 3.98685 -19.8364
10.2725 60000016300037943 60000016300037942 60000016300037963 60000016300037941 6.14490120342 -0.395505 0.855824 -6.8485
10.2806 60000016300037942 60000016300037941 60000016300037963 60000016300037940 6.01075739884 -0.606404 -2.34877 -3.90166
10.285 60000016300037941 60000016300037940 60000016300037963 60000016300037939 5.84661374788 -2.66684 6.1663 -11.7874
10.3293 60000016300037940 60000016300037939 60000016300037963 60000016300037938 5.52976580795 7.07077 10.096 -15.6609
10.3424 60000016300037939 60000016300037938 60000016300037963 60000016300037937 5.22758097313 10.1922 12.5892 -15.0584
10.3911 60000016300037938 60000016300037937 60000016300037963 60000016300037936 4.99593346816 11.6937 11.1287 -1.1627
10.3983 60000016300037937 60000016300037936 60000016300037963 60000016300037935 4.93938066349 12.7355 6.87703 3.46827
10.6372 60000016300037936 60000016300037935 60000016300037963 60000016300037934 4.66451770247 -120.565 -31.3092 142.026
10.6506 60000016300037935 60000016300037934 60000016300037963 60000016300037933 4.42803373661 -168.292 -44.6774 171.224
11.2354 60000016300037934 60000016300037931 60000016300037963 60000016300037930 3.93726108473 422.984 46.5727 50.2203
9.07216 60000016300038042 60000016300038041 60000016300038051 60000016300038040 7.23627606617 -3.75569 -12.4807 4.19975
9.08309 60000016300038041 60000016300038040 60000016300038051 60000016300038039 7.00541704554 -1.80165 -11.1569 3.40313
9.12178 60000016300038040 60000016300038037 60000016300038051 60000016300038036 6.14490120342 4.29723 -21.3772 -0.97319
9.13394 60000016300038037 60000016300038036 60000016300038051 60000016300038035 6.01075739884 2.55886 -15.8057 0.142212
9.14811 60000016300038036 60000016300038035 60000016300038051 60000016300038034 5.84661374788 4.77993 -15.1503 0.2362
9.20668 60000016300038035 60000016300038034 60000016300038051 60000016300038033 5.52976580795 1.42465 -10.955 -2.30725
9.21072 60000016300038034 60000016300038033 60000016300038051 60000016300038032 5.22758097313 3.83347 -11.9791 -1.53593
9.44797 60000016300038033 60000016300038029 60000016300038051 60000016300037932 4.42803373661 -3.96179 13.7228 -8.94097
9.05524 60000016300038058 60000016300038057 60000016300038070 60000016300038056 5.84661374788 7.76647 18.4028 13.9663
9.31243 60000016300038057 60000016300038055 60000016300038070 60000016300038054 5.22758097313 -4.11219 26.3617 -4.23158
9.32497 60000016300038055 60000016300038054 60000016300038070 60000016300038053 4.99593346816 3.38643 29.0379 -3.22529
9.32497 60000016300038054 60000016300038053 60000016300038070 60000016300038029 4.93938066349 -1.4965 27.3676 -9.87343
9.08578 60000016300038146 60000016300038145 60000016300038152 60000016300038144 9.00233985416 -1.3173 3.83645 -5.81663
9.18802 60000016300038145 60000016300038143 60000016300038152 60000016300038142 8.44947629437 -0.334947 6.05866 -13.1956
9.21869 60000016300038143 60000016300038141 60000016300038152 60000016300038140 7.59510714987 4.98991 0.771526 -5.95132
9.26896 60000016300038141 60000016300038140 60000016300038152 60000016300038139 7.23627606617 4.94416 1.23871 -4.6124
9.38412 60000016300038140 60000016300038139 60000016300038152 60000016300038138 7.00541704554 -2.24388 6.76997 -8.64398
9.51575 60000016300038139 60000016300038137 60000016300038152 60000016300038136 6.49159774567 -6.62796 -16.6834 -6.98674
9.57869 60000016300038137 60000016300038136 60000016300038152 60000016300038135 6.14490120342 -12.7679 -13.8162 -7.10213
9.6756 60000016300038136 60000016300038135 60000016300038152 60000016300038134 6.01075739884 -17.9381 -18.7202 -30.821
9.69051 60000016300038135 60000016300038132 60000016300038152 60000016300038131 5.22758097313 -5.74486 -16.5079 -12.742
9.72813 60000016300038132 60000016300038131 60000016300038152 60000016300038130 4.99593346816 -5.04366 -10.1414 -17.4942
9.0098 60000016300038183 60000016300038182 60000016300038195 60000016300038181 5.52976580795 -2.94914 -3.13593 2.84531
9.03463 60000016300038182 60000016300038181 60000016300038195 60000016300038180 5.22758097313 -1.91293 -3.31449 2.35843
9.04062 60000016300038181 60000016300038180 60000016300038195 60000016300038179 4.99593346816 -1.67092 -3.35577 1.72584
9.04945 60000016300038180 60000016300038179 60000016300038195 60000016300038178 4.93938066349 -0.691866 -2.74696 1.84291
9.26008 60000016300038401 60000016300038400 60000016300038404 60000016300038399 8.9079991856 -6.2631 5.78514 11.4218
9.03763 60000016300038549 60000016300038548 60000016300038557 60000016300038547 5.52976580795 2.8849 9.91324 1.42564
9.08845 60000016300038548 60000016300038547 60000016300038557 60000016300038546 5.22758097313 -3.02297 11.6489 -7.58083
9.05235 60000016300038618 60000016300038617 60000016300038627 60000016300038616 4.42803373661 3.73876 3.52429 0.927128
9.07766 60000016300038617 60000016300038616 60000016300038627 60000016300038615 4.17683491473 2.48414 4.73163 -1.59616
9.08309 60000016300038649 60000016300038648 60000016300038655 60000016300038647 5.22758097313 -5.83638 -23.5853 -5.43544
9.1193 60000016300038648 60000016300038642 60000016300038655 60000016300038641 4.00794511147 -1.45133 -1.31751 -0.23426
9.24175 60000016300038642 60000016300038639 60000016300038655 60000016300038638 3.49086136926 -5.7415 -11.425 -5.74851
9.12668 60000016300038663 60000016300038662 60000016300038670 60000016300038661 4.17683491473 1.01716 -9.72548 2.42729
9.15956 60000016300038662 60000016300038660 60000016300038670 60000016300038659 3.93726108473 0.372652 -8.09489 -3.17044
9.20668 60000016300038660 60000016300038659 60000016300038670 60000016300038639 3.70877426464 -5.97533 -13.6242 -3.5095
9.02548 60000016300038771 60000016300038770 60000016300038776 60000016300038769 9.99659046619 -0.686106 -4.96314 1.11672
9.0316 60000016300038770 60000016300038769 60000016300038776 60000016300038768 9.84138043947 -1.06163 -4.85989 1.43823
9.20464 60000016300038769 60000016300038767 60000016300038776 60000016300038766 9.00233985416 0.413414 -6.93714 8.82382
9.23037 60000016300038767 60000016300038766 60000016300038776 60000016300038765 8.9079991856 0.227378 -5.70758 5.40646
9.35194 60000016300038766 60000016300038765 60000016300038776 60000016300038764 8.44947629437 -2.85917 -8.36106 7.31292
9.51575 60000016300038765 60000016300038764 60000016300038776 60000016300038763 8.01217294887 -15.7814 1.97405 -7.21509
9.626 60000016300038764 60000016300038763 60000016300038776 60000016300038762 7.59510714987 -21.6759 5.27418 -8.08068
9.70749 60000016300038763 60000016300038762 60000016300038776 60000016300038761 7.23627606617 1.19977 12.838 -6.54118
9.72507 60000016300038762 60000016300038760 60000016300038776 60000016300038759 6.85511726265 6.07707 6.56979 -11.1707
9.81628 60000016300038760 60000016300038759 60000016300038776 60000016300038758 6.49159774567 -1.05317 6.35323 -14.5272
9.91884 60000016300038759 60000016300038758 60000016300038776 60000016300038757 6.14490120342 -1.12515 1.31691 -12.2758
9.93355 60000016300038758 60000016300038747 60000016300038776 60000016300038746 3.93726108473 -22.5894 -8.75003 3.354
10.0027 60000016300038747 60000016300038746 60000016300038776 60000016300038745 3.70877426464 -25.439 -21.3044 2.5909
10.013 60000016300038746 60000016300038745 60000016300038776 60000016300038744 3.49086136926 -24.2274 -17.9175 -13.0437
10.0713 60000016300038745 60000016300038744 60000016300038776 60000016300038743 3.28303305796 -12.8492 -22.3564 -33.9975
9.04945 60000016300038851 60000016300038850 60000016300038853 60000016300038849 6.85511726265 3.71182 -0.842052 13.1479
9.13394 60000016300038850 60000016300038849 60000016300038853 60000016300038848 6.49159774567 -5.47977 2.37962 -2.26722
9.33111 60000016300038849 60000016300038848 60000016300038853 60000016300038847 6.14490120342 -21.4542 34.1584 18.2781
9.36763 60000016300038848 60000016300038845 60000016300038853 60000016300038844 5.52976580795 3.0798 8.51012 -7.42282
9.40518 60000016300038845 60000016300038842 60000016300038853 60000016300038841 4.93938066349 10.1853 -0.191355 0.0614673
9.42281 60000016300038842 60000016300038840 60000016300038853 60000016300038839 4.42803373661 16.9564 1.179 12.9888
9.07766 60000016300038887 60000016300038886 60000016300038901 60000016300038885 4.17683491473 -2.47527 29.192 3.12135
9.09111 60000016300038886 60000016300038877 60000016300038901 60000016300038876 2.73314261732 -5.52897 16.8562 0.998358
9.00012 60000016300038959 60000016300038958 60000016300038976 60000016300038957 5.22758097313 2.73127 1.70134 -1.98649
9.01614 60000016300038958 60000016300038956 60000016300038976 60000016300038955 4.93938066349 2.52199 2.34513 -2.09864
9.02855 60000016300038956 60000016300038955 60000016300038976 60000016300038954 4.66451770247 0.0781243 -0.106043 -0.715608
9.07216 60000016300038955 60000016300038949 60000016300038976 60000016300038948 3.49086136926 5.57133 -3.08814 -5.51142
9.12668 60000016300038949 60000016300038947 60000016300038976 60000016300038946 3.08482263583 3.28783 -7.46944 -16.0502
9.02855 60000016300039018 60000016300039017 60000016300039027 60000016300039016 5.52976580795 1.03476 -5.58092 -2.43256
9.03463 60000016300039017 60000016300039016 60000016300039027 60000016300039015 5.22758097313 2.89719 -4.34074 -1.73806
9.16852 60000016300039016 60000016300039015 60000016300039027 60000016300039014 4.99593346816 -4.28038 -4.14235 -1.0921
9.19641 60000016300039015 60000016300039014 60000016300039027 60000016300039013 4.93938066349 -1.04334 3.4628 0.106808
9.31717 60000016300039014 60000016300039013 60000016300039027 60000016300039012 4.66451770247 6.79344 -7.33611 3.5434
9.36199 60000016300039013 60000016300039012 60000016300039027 60000016300039011 4.42803373661 1.07977 3.22904 2.25141
9.37595 60000016300039012 60000016300039011 60000016300039027 60000016300039010 4.17683491473 -0.520796 3.39785 4.20361
9.38948 60000016300039011 60000016300039010 60000016300039027 60000016300039009 4.00794511147 -3.6529 3.63205 1.85236
9.14811 60000016300039073 60000016300039072 60000016300039089 60000016300039071 5.52976580795 15.2586 -3.86465 6.31412
9.17293 60000016300039072 60000016300039071 60000016300039089 60000016300039070 5.22758097313 16.9423 -4.47107 3.59124
9.18376 60000016300039071 60000016300039070 60000016300039089 60000016300039069 4.99593346816 19.8723 -3.4561 3.39896
9.2087 60000016300039070 60000016300039068 60000016300039089 60000016300039067 4.66451770247 21.6216 3.84184 1.78979
9.22262 60000016300039068 60000016300039067 60000016300039089 60000016300039066 4.42803373661 28.2012 -3.63213 -0.824899
9.3156 60000016300039067 60000016300039066 60000016300039089 60000016300039065 4.17683491473 17.23 2.19689 -7.84566
9.44093 60000016300039066 60000016300039065 60000016300039089 60000016300039064 4.00794511147 4.82541 2.2636 -13.3951
9.47832 60000016300039065 60000016300039064 60000016300039089 60000016300039063 3.93726108473 4.38255 -0.215685 -18.7731
9.51475 60000016300039064 60000016300039063 60000016300039089 60000016300039062 3.70877426464 2.72305 2.75725 -21.6242
9.5256 60000016300039063 60000016300039062 60000016300039089 60000016300039061 3.49086136926 4.17359 3.09387 -25.3756
9.04358 60000016300039101 60000016300039100 60000016300039112 60000016300039099 4.42803373661 -5.87186 4.25729 -2.89163
9.03463 60000016300039182 60000016300039181 60000016300039189 60000016300039180 6.85511726265 -3.65152 -0.407766 -6.83893
9.09111 60000016300039181 60000016300039180 60000016300039189 60000016300039179 6.49159774567 -5.48972 1.08297 -7.22696
9.12424 60000016300039180 60000016300039179 60000016300039189 60000016300039178 6.14490120342 -12.4741 -0.825764 -7.35105
9.13634 60000016300039179 60000016300039174 60000016300039189 60000016300039173 4.99593346816 3.76669 -0.961505 -9.28781
9.14108 60000016300039174 60000016300039173 60000016300039189 60000016300039172 4.93938066349 3.32604 -0.712805 -14.7602
9.16407 60000016300039173 60000016300039172 60000016300039189 60000016300039171 4.66451770247 -4.06869 -0.571563 -12.7526
9.22845 60000016300039172 60000016300039171 60000016300039189 60000016300039170 4.42803373661 -2.79671 0.489936 -16.1066
9.32958 60000016300039171 60000016300039170 60000016300039189 60000016300039169 4.17683491473 -13.9496 -3.02957 -10.045
9.37181 60000016300039170 60000016300039169 60000016300039189 60000016300039168 4.00794511147 -22.2455 0.935816 -10.8826
9.43136 60000016300039169 60000016300039168 60000016300039189 60000016300039167 3.93726108473 -22.3323 -4.6055 -6.82887
9.43974 60000016300039168 60000016300039167 60000016300039189 60000016300039166 3.70877426464 -16.6192 -12.9457 0.382077
9.04945 60000016300039196 60000016300039195 60000016300039209 60000016300039194 4.42803373661 -4.20792 -9.52639 -3.67249
9.02239 60000016300039290 60000016300039289 60000016300039294 60000016300039288 6.85511726265 -8.16915 1.01537 5.88211
9.18162 60000016300039289 60000016300039287 60000016300039294 60000016300039286 6.14490120342 -7.26768 -2.4386 6.79915
9.19223 60000016300039287 60000016300039284 60000016300039294 60000016300039283 5.52976580795 6.4689 2.52063 5.29506
9.26187 60000016300039284 60000016300039283 60000016300039294 60000016300039282 5.22758097313 4.52043 3.62899 5.41769
9.2742 60000016300039283 60000016300039282 60000016300039294 60000016300039281 4.99593346816 6.5063 4.85208 3.03039
9.32497 60000016300039282 60000016300039280 60000016300039294 60000016300039279 4.66451770247 16.2573 9.24491 -5.23344
9.1573 60000016300039571 60000016300039570 60000016300039579 60000016300039569 8.01217294887 -6.98291 -1.91526 4.07775
9.21869 60000016300039570 60000016300039569 60000016300039579 60000016300039568 7.59510714987 -5.96139 -1.51465 7.76725
9.28788 60000016300039569 60000016300039568 60000016300039579 60000016300039567 7.23627606617 -5.73765 -1.89133 7.65829
9.31243 60000016300039568 60000016300039567 60000016300039579 60000016300039566 7.00541704554 -4.35063 -0.67318 9.19399
9.32651 60000016300039567 60000016300039566 60000016300039579 60000016300039565 6.85511726265 -4.60996 -0.0551977 9.60999
9.38547 60000016300039566 60000016300039565 60000016300039579 60000016300039564 6.49159774567 -5.69261 0.336814 10.2197
9.42893 60000016300039565 60000016300039564 60000016300039579 60000016300039563 6.14490120342 -4.8876 -0.183764 8.67944
9.44447 60000016300039564 60000016300039562 60000016300039579 60000016300039561 5.84661374788 -4.12646 -0.258898 7.67436
9.46397 60000016300039562 60000016300039561 60000016300039579 60000016300039560 5.52976580795 -7.12165 -1.26169 6.40364
9.52365 60000016300039561 60000016300039560 60000016300039579 60000016300039559 5.22758097313 -8.0091 -0.735784 7.45169
9.52365 60000016300039560 60000016300039559 60000016300039579 60000016300039558 4.99593346816 -6.05935 -0.689769 8.91845
9.52754 60000016300039559 60000016300039558 60000016300039579 60000016300039557 4.93938066349 -6.34632 1.88222 10.8499
9.60381 60000016300039558 60000016300039557 60000016300039579 60000016300039556 4.66451770247 -21.2397 5.95672 21.3518
9.6623 60000016300039557 60000016300039556 60000016300039579 60000016300039555 4.42803373661 -16.1055 11.9939 29.4038
9.75133 60000016300039556 60000016300039555 60000016300039579 60000016300039554 4.17683491473 -9.93831 16.2886 37.4719
9.77003 60000016300039555 60000016300039554 60000016300039579 60000016300039553 4.00794511147 -13.1845 19.6461 47.5302
9.82222 60000016300039554 60000016300039550 60000016300039579 60000016300039549 3.28303305796 -41.8319 27.79 78.9707
9.96369 60000016300039550 60000016300039549 60000016300039579 60000016300039548 3.08482263583 -23.8879 43.7734 78.8554
9.0066 60000016300039643 60000016300039642 60000016300039650 60000016300039641 6.49159774567 4.34127 0.224901 6.08789
9.10671 60000016300039642 60000016300039640 60000016300039650 60000016300039639 6.01075739884 6.85482 1.16505 9.16075
9.11681 60000016300039640 60000016300039639 60000016300039650 60000016300039638 5.84661374788 5.85315 0.26797 8.48474
9.15502 60000016300039639 60000016300039638 60000016300039650 60000016300039637 5.52976580795 5.9424 -1.71901 7.53905
9.29951 60000016300039638 60000016300039637 60000016300039650 60000016300039636 5.22758097313 8.40465 1.46011 12.1578
9.78044 60000016300039637 60000016300039629 60000016300039650 60000016300039628 3.70877426464 -29.7735 29.0322 69.1069
9.02855 60000016300039694 60000016300039693 60000016300039707 60000016300039692 4.42803373661 2.46904 -5.34937 3.4228
9.13634 60000016300039693 60000016300039688 60000016300039707 60000016300039687 3.49086136926 9.93189 -3.11936 5.20323
9.1573 60000016300039688 60000016300039687 60000016300039707 60000016300039686 3.28303305796 11.349 -4.386 -1.45275
9.30763 60000016300039687 60000016300039686 60000016300039707 60000016300039685 3.08482263583 16.4318 -6.51047 -3.46189
9.32958 60000016300039686 60000016300039685 60000016300039707 60000016300039684 3.00813107163 20.0842 -9.13679 -3.48584
9.10157 60000016300039856 60000016300039855 60000016300039873 60000016300039854 3.70877426464 -8.33826 -5.73373 4.78944
9.17512 60000016300039855 60000016300039854 60000016300039873 60000016300039853 3.49086136926 -3.63299 -5.43304 19.2198
9.20055 60000016300039854 60000016300039853 60000016300039873 60000016300039852 3.28303305796 -5.56981 -3.3154 19.2936
9.2087 60000016300039853 60000016300039852 60000016300039873 60000016300039851 3.08482263583 -1.84881 -4.88489 18.6234
9.21072 60000016300039852 60000016300039848 60000016300039873 60000016300039847 2.5772902716 -2.41961 -2.52255 12.0731
9.21472 60000016300039848 60000016300039847 60000016300039873 60000016300039846 2.44422570455 -3.01465 -3.08019 12.7529
9.21472 60000016300039847 60000016300039844 60000016300039873 60000016300039843 2.1032696526 -5.38835 -0.26629 10.1885
9.0098 60000016300039932 60000016300039931 60000016300039945 60000016300039930 4.42803373661 -0.407046 12.031 19.2792
9.05235 60000016300039931 60000016300039930 60000016300039945 60000016300039929 4.17683491473 1.2472 12.3091 19.4324
9.08309 60000016300039930 60000016300039929 60000016300039945 60000016300039928 4.00794511147 0.947247 13.9587 17.801
9.08309 60000016300039929 60000016300039924 60000016300039945 60000016300039923 3.08482263583 -1.21352 14.7631 20.9946
9.09637 60000016300039924 60000016300039922 60000016300039945 60000016300039921 2.89578500573 -2.62756 12.4183 16.2445
9.04945 60000016300040062 60000016300040061 60000016300040077 60000016300040060 2.31611074396 13.443 14.7554 -17.8333
9.23988 60000016300040061 60000016300040058 60000016300040077 60000016300040057 2.00202813925 -24.3768 -17.9915 -23.5273
9.05811 60000016300040107 60000016300040106 60000016300040126 60000016300040105 2.89578500573 -11.1763 -1.60312 -36.7275
9.0098 60000016300040200 60000016300040199 60000016300040209 60000016300040198 7.23627606617 -5.79383 6.01529 -2.10711
9.09111 60000016300040199 60000016300040198 60000016300040209 60000016300040197 7.00541704554 -7.7408 4.0189 -2.55758
9.29124 60000016300040198 60000016300040197 60000016300040209 60000016300040196 6.85511726265 -23.9201 26.6476 0.416008
9.32958 60000016300040197 60000016300040196 60000016300040209 60000016300040195 6.49159774567 -25.1322 18.7738 1.28256
9.38412 60000016300040196 60000016300040195 60000016300040209 60000016300040194 6.14490120342 -25.798 25.3851 5.80077
9.41156 60000016300040195 60000016300040193 60000016300040209 60000016300040192 5.84661374788 -22.2725 20.7772 3.71715
9.44211 60000016300040193 60000016300040192 60000016300040209 60000016300040191 5.52976580795 -19.0709 17.2437 2.106
9.46621 60000016300040192 60000016300040191 60000016300040209 60000016300040190 5.22758097313 -5.64201 27.6405 2.47587
9.51774 60000016300040191 60000016300040190 60000016300040209 60000016300040189 4.99593346816 -12.0979 18.0365 -1.47582
9.52169 60000016300040190 60000016300040185 60000016300040209 60000016300040184 4.00794511147 0.704648 21.5267 -1.21248
9.52754 60000016300040185 60000016300040184 60000016300040209 60000016300040183 3.93726108473 -2.78098 22.5058 2.70489
9.5761 60000016300040184 60000016300040183 60000016300040209 60000016300040182 3.70877426464 -4.51012 21.3022 -2.40381
9.57869 60000016300040183 60000016300040182 60000016300040209 60000016300040181 3.49086136926 -7.66729 25.8989 -5.17943
9.59477 60000016300040182 60000016300040181 60000016300040209 60000016300040180 3.28303305796 -1.62976 23.379 -4.3302
9.62212 60000016300040181 60000016300040180 60000016300040209 60000016300040179 3.08482263583 -0.78334 18.9937 -4.75974
9.62985 60000016300040180 60000016300040179 60000016300040209 60000016300040178 3.00813107163 0.777253 23.2121 -7.7536
9.63969 60000016300040179 60000016300040176 60000016300040209 60000016300040175 2.5772902716 1.01716 23.8134 -8.77935
9.65442 60000016300040176 60000016300040174 60000016300040209 60000016300040173 2.31611074396 1.88284 15.2759 -11.1004
9.01298 60000016300040368 60000016300040367 60000016300040386 60000016300040366 3.08482263583 -2.77359 -7.54156 0.919371
9.01614 60000016300040367 60000016300040366 60000016300040386 60000016300040365 3.00813107163 -3.66494 -6.90161 1.00483
9.02239 60000016300040366 60000016300040363 60000016300040386 60000016300040362 2.5772902716 -0.570626 -1.49981 0.806172
9.05235 60000016300040363 60000016300040361 60000016300040386 60000016300040360 2.31611074396 4.75054 0.820199 0.375303
9.05235 60000016300040361 60000016300040359 60000016300040386 60000016300040358 2.1032696526 10.4988 2.68584 -3.95031
9.02239 60000016300040543 60000016300040542 60000016300040558 60000016300040541 2.5772902716 -11.1206 7.90406 -14.824
9.04945 60000016300040542 60000016300040541 60000016300040558 60000016300040540 2.44422570455 -12.5476 10.6503 -19.9066
9.16407 60000016300040541 60000016300040540 60000016300040558 60000016300040539 2.31611074396 -18.2917 13.4457 -19.937
9.17293 60000016300040540 60000016300040533 60000016300040558 60000016300040532 1.66666955611 -20.9745 16.6239 -12.4598
9.17729 60000016300040533 60000016300040531 60000016300040558 60000016300040530 1.53123902916 -12.9454 7.53317 -6.63962
