logMh | fpID | subhaloID | main leaf ID | descID |  z
9.02239 80000042400000105 80000042400000104 80000042400000106 80000042400000103 10.3674435724 0.0526589 -4.56562 2.94267
9.12424 80000042400000104 80000042400000101 80000042400000106 80000042400000100 9.38877127194 1.59216 -1.06676 0.0124282
9.23229 80000042400000101 80000042400000100 80000042400000106 80000042400000099 9.00233985416 2.25745 1.04096 -4.85514
9.29457 80000042400000100 80000042400000099 80000042400000106 80000042400000098 8.9079991856 3.66196 -2.61415 -10.5368
9.41784 80000042400000099 80000042400000098 80000042400000106 80000042400000097 8.44947629437 4.82722 -2.82965 8.0858
9.7342 80000042400000098 80000042400000097 80000042400000106 80000042400000096 8.01217294887 1.22922 -10.5898 17.0923
9.94667 80000042400000097 80000042400000096 80000042400000106 80000042400000095 7.59510714987 -24.4974 -30.5678 25.5173
10.182 80000042400000096 80000042400000094 80000042400000106 80000042400000093 7.00541704554 14.3799 -23.6883 14.8337
10.2919 80000042400000094 80000042400000093 80000042400000106 80000042400000092 6.85511726265 37.9343 -19.6992 7.46029
10.432 80000042400000093 80000042400000092 80000042400000106 80000042400000091 6.49159774567 52.4784 -1.14039 -7.16544
10.4828 80000042400000092 80000042400000091 80000042400000106 80000042400000090 6.14490120342 38.7463 0.955559 -0.743825
10.512 80000042400000091 80000042400000090 80000042400000106 80000042400000089 6.01075739884 38.8042 5.068 2.62121
10.559 80000042400000090 80000042400000089 80000042400000106 80000042400000088 5.84661374788 42.0342 12.3524 -2.48615
10.5925 80000042400000089 80000042400000088 80000042400000106 80000042400000087 5.52976580795 39.1373 19.1339 3.35084
10.6193 80000042400000088 80000042400000087 80000042400000106 80000042400000086 5.22758097313 34.9835 12.5563 13.1591
10.638 80000042400000087 80000042400000086 80000042400000106 80000042400000085 4.99593346816 44.2033 9.26473 10.7621
10.6704 80000042400000086 80000042400000084 80000042400000106 80000042400000083 4.66451770247 55.0227 21.1099 -5.61422
10.6988 80000042400000084 80000042400000083 80000042400000106 80000042400000082 4.42803373661 54.4151 13.8449 -4.83656
10.766 80000042400000083 80000042400000082 80000042400000106 80000042400000081 4.17683491473 55.8734 23.0195 -24.4228
10.8103 80000042400000082 80000042400000081 80000042400000106 80000042400000080 4.00794511147 76.7016 5.94328 -40.2663
10.8309 80000042400000081 80000042400000080 80000042400000106 80000042400000079 3.93726108473 80.464 7.0111 -45.3624
10.9583 80000042400000080 80000042400000079 80000042400000106 80000042400000078 3.70877426464 101.899 187.621 7.93431
11.0307 80000042400000079 80000042400000078 80000042400000106 80000042400000077 3.49086136926 88.5022 251.65 59.5145
11.1517 80000042400000078 80000042400000077 80000042400000106 80000042400000076 3.28303305796 106.53 286.488 98.6787
11.2413 80000042400000077 80000042400000076 80000042400000106 80000042400000075 3.08482263583 169.607 302.875 147.555
11.2813 80000042400000076 80000042400000075 80000042400000106 80000042400000074 3.00813107163 156.843 281.82 140.996
11.3568 80000042400000075 80000042400000074 80000042400000106 80000042400000073 2.89578500573 20.2546 237.516 93.992
11.4461 80000042400000074 80000042400000073 80000042400000106 80000042400000072 2.73314261732 -135.772 133.629 98.8417
11.4928 80000042400000073 80000042400000072 80000042400000106 80000042400000071 2.5772902716 -172.909 117.997 89.3409
11.5327 80000042400000072 80000042400000071 80000042400000106 80000042400000070 2.44422570455 -163.326 90.0806 35.0872
11.5424 80000042400000071 80000042400000070 80000042400000106 80000042400000069 2.31611074396 -119.653 119.44 -1.01153
11.5457 80000042400000070 80000042400000061 80000042400000106 80000042400000060 1.53123902916 -75.9646 76.0912 -33.845
11.5676 80000042400000061 80000042400000060 80000042400000106 80000042400000059 1.47197484527 -58.5344 46.0456 -16.4145
11.5773 80000042400000060 80000042400000059 80000042400000106 80000042400000058 1.41409822037 -76.3786 36.5676 3.49697
11.5821 80000042400000059 80000042400000058 80000042400000106 80000042400000057 1.3575766674 -92.7329 43.217 36.5024
11.5907 80000042400000058 80000042400000057 80000042400000106 80000042400000056 1.30237845991 -163.409 -12.9943 93.8904
11.6097 80000042400000057 80000042400000056 80000042400000106 80000042400000055 1.24847261425 -77.36 55.9931 54.2296
11.6166 80000042400000056 80000042400000055 80000042400000106 80000042400000054 1.20625808078 -43.2867 91.7881 32.4669
11.6363 80000042400000055 80000042400000054 80000042400000106 80000042400000053 1.15460271236 -38.3258 105.796 65.6312
11.6509 80000042400000054 80000042400000053 80000042400000106 80000042400000052 1.11415056377 -71.981 68.8479 91.1012
11.6649 80000042400000053 80000042400000052 80000042400000106 80000042400000051 1.07445789455 -76.7126 64.9627 132.083
11.6784 80000042400000052 80000042400000051 80000042400000106 80000042400000050 1.03551044566 -15.0573 115.224 108.681
11.7096 80000042400000051 80000042400000050 80000042400000106 80000042400000049 0.997294225782 -2.29603 105.982 67.5564
11.7198 80000042400000050 80000042400000049 80000042400000106 80000042400000048 0.987852810816 -3.23837 125.801 52.3775
11.742 80000042400000049 80000042400000048 80000042400000106 80000042400000047 0.950531351585 -21.5589 97.0458 38.8975
11.7513 80000042400000048 80000042400000047 80000042400000106 80000042400000046 0.923000816178 -48.8874 107.987 37.2453
11.7742 80000042400000047 80000042400000046 80000042400000106 80000042400000045 0.886896937575 -132.866 47.843 42.7234
11.7969 80000042400000046 80000042400000045 80000042400000106 80000042400000044 0.851470900625 -168.865 34.3545 51.0094
11.8105 80000042400000045 80000042400000044 80000042400000106 80000042400000043 0.816709979012 -147.143 73.9294 -6.31213
11.8296 80000042400000044 80000042400000043 80000042400000106 80000042400000042 0.791068248946 -152.261 124.913 -36.0478
11.8438 80000042400000043 80000042400000042 80000042400000106 80000042400000041 0.757441372616 -158.804 166.183 -67.9453
11.8481 80000042400000042 80000042400000041 80000042400000106 80000042400000040 0.732636182022 -191.469 91.1642 9.52575
11.8632 80000042400000041 80000042400000040 80000042400000106 80000042400000039 0.700106353719 -199.809 149.335 16.8004
11.8775 80000042400000040 80000042400000039 80000042400000106 80000042400000038 0.676110411213 -204.196 162.027 -6.10547
11.894 80000042400000039 80000042400000038 80000042400000106 80000042400000037 0.644641840685 -206.564 178.794 -15.3066
11.9005 80000042400000038 80000042400000037 80000042400000106 80000042400000036 0.621428745243 -194.865 192.1 -23.8221
11.9032 80000042400000037 80000042400000016 80000042400000106 80000042400000015 0.214425035514 -321.994 48.475 282.144
11.9045 80000042400000016 80000042400000015 80000042400000106 80000042400000014 0.197284182376 -321.813 55.2134 252.979
11.9102 80000042400000015 80000042400000014 80000042400000106 80000042400000013 0.180385261706 -350.313 46.5188 263.992
11.9132 80000042400000014 80000042400000013 80000042400000106 80000042400000012 0.169252033244 -338.163 37.9447 273.207
11.9152 80000042400000013 80000042400000012 80000042400000106 80000042400000011 0.152748768902 -372.384 37.3118 268.382
11.92 80000042400000012 80000042400000011 80000042400000106 80000042400000010 0.14187620397 -373.571 35.1328 253.825
11.9221 80000042400000011 80000042400000010 80000042400000106 80000042400000009 0.125759332411 -412.646 68.1668 244.654
11.9271 80000042400000010 80000042400000009 80000042400000106 80000042400000008 0.109869940459 -399.865 58.3126 247.0
11.9326 80000042400000009 80000042400000008 80000042400000106 80000042400000007 0.0994018026302 -385.618 31.674 244.297
11.9393 80000042400000008 80000042400000007 80000042400000106 80000042400000006 0.0838844307975 -394.957 26.5341 246.913
11.9411 80000042400000007 80000042400000006 80000042400000106 80000042400000005 0.0736613846564 -408.004 30.2562 242.37
11.9479 80000042400000006 80000042400000005 80000042400000106 80000042400000004 0.0585073227945 -446.914 17.9466 244.514
11.9587 80000042400000005 80000042400000004 80000042400000106 80000042400000003 0.0485236299818 -540.985 -42.0522 338.592
11.9644 80000042400000004 80000042400000003 80000042400000106 80000042400000002 0.0337243718735 -576.978 -73.1584 379.247
11.97 80000042400000003 80000042400000002 80000042400000106 80000042400000001 0.0239744283828 -647.959 -110.592 456.113
11.9754 80000042400000002 80000042400000001 80000042400000106 80000042400000000 0.00952166696794 -675.244 -140.405 508.511
11.9776 80000042400000001 80000042400000000 80000042400000106 -1 2.22044604925e-16 -661.568 -123.803 483.759
9.13871 80000042400000156 80000042400000155 80000042400000159 80000042400000154 10.9190331982 -1.35577 -10.4176 0.600916
9.23229 80000042400000155 80000042400000154 80000042400000159 80000042400000153 10.3674435724 -1.05783 -14.3813 -2.45511
9.26896 80000042400000154 80000042400000153 80000042400000159 80000042400000152 9.99659046619 -4.01355 -11.1777 1.76713
9.34902 80000042400000153 80000042400000151 80000042400000159 80000042400000150 9.38877127194 -5.99883 -5.51528 6.77543
9.43136 80000042400000151 80000042400000150 80000042400000159 80000042400000149 9.00233985416 0.75428 -13.8613 3.49915
9.47724 80000042400000150 80000042400000149 80000042400000159 80000042400000148 8.9079991856 -1.81448 -13.897 1.1435
9.61742 80000042400000149 80000042400000148 80000042400000159 80000042400000147 8.44947629437 -0.267384 -6.40481 -3.90253
9.23229 80000042400000186 80000042400000185 80000042400000192 80000042400000184 9.38877127194 4.69589 1.33032 2.72225
9.23229 80000042400000185 80000042400000184 80000042400000192 80000042400000183 9.00233985416 -0.287146 3.40187 -3.31268
9.41408 80000042400000184 80000042400000183 80000042400000192 80000042400000182 8.9079991856 11.9472 6.63115 7.14198
9.74842 80000042400000183 80000042400000182 80000042400000192 80000042400000181 8.44947629437 12.9855 7.5218 17.6541
9.76836 80000042400000182 80000042400000181 80000042400000192 80000042400000180 8.01217294887 11.3934 8.34091 16.281
9.88699 80000042400000181 80000042400000180 80000042400000192 80000042400000179 7.59510714987 8.19254 6.81346 17.832
10.0352 80000042400000180 80000042400000179 80000042400000192 80000042400000178 7.23627606617 14.8464 -1.55292 18.8966
9.0066 80000042400000221 80000042400000220 80000042400000227 80000042400000219 9.00233985416 -1.90351 2.8645 -1.37663
9.13394 80000042400000220 80000042400000219 80000042400000227 80000042400000218 8.9079991856 1.902 -0.669489 -5.20845
9.00012 80000042400000294 80000042400000293 80000042400000302 80000042400000292 5.52976580795 -2.00367 -2.23067 7.62036
9.17946 80000042400000293 80000042400000292 80000042400000302 80000042400000291 5.22758097313 -7.1779 -2.79591 6.17356
9.2862 80000042400000292 80000042400000291 80000042400000302 80000042400000290 4.99593346816 -6.66638 -1.7297 8.95225
9.29787 80000042400000291 80000042400000290 80000042400000302 80000042400000289 4.93938066349 -4.93209 -1.79628 9.1682
9.30278 80000042400000290 80000042400000289 80000042400000302 80000042400000288 4.66451770247 -2.01762 -0.824697 7.87968
9.00012 80000042400000349 80000042400000348 80000042400000358 80000042400000347 6.85511726265 -0.875451 -4.59926 -5.73724
9.0098 80000042400000348 80000042400000345 80000042400000358 80000042400000344 6.01075739884 -3.22353 -3.55827 -4.02292
9.02855 80000042400000345 80000042400000343 80000042400000358 80000042400000342 5.52976580795 -2.25789 -1.78471 -2.88304
9.10415 80000042400000343 80000042400000342 80000042400000358 80000042400000341 5.22758097313 -2.78343 -1.68592 -3.44001
9.04062 80000042400000409 80000042400000408 80000042400000418 80000042400000407 8.01217294887 -11.977 2.50931 -3.78891
9.05524 80000042400000408 80000042400000407 80000042400000418 80000042400000406 7.59510714987 -11.2653 2.35093 -5.57768
9.07766 80000042400000407 80000042400000406 80000042400000418 80000042400000405 7.23627606617 -8.29492 6.3248 -0.679217
9.09898 80000042400000406 80000042400000405 80000042400000418 80000042400000404 7.00541704554 -9.60424 4.70239 -2.69696
9.10671 80000042400000405 80000042400000404 80000042400000418 80000042400000403 6.85511726265 -9.34974 5.60992 -2.23576
9.16182 80000042400000404 80000042400000403 80000042400000418 80000042400000402 6.49159774567 -8.2371 9.12087 -2.10175
9.21472 80000042400000403 80000042400000402 80000042400000418 80000042400000401 6.14490120342 -4.55245 11.7401 -6.71714
9.30923 80000042400000402 80000042400000399 80000042400000418 80000042400000398 5.52976580795 -0.30653 13.0798 -18.7039
9.34016 80000042400000399 80000042400000397 80000042400000418 80000042400000396 4.99593346816 -3.345 11.0142 -1.10578
9.38681 80000042400000397 80000042400000396 80000042400000418 80000042400000395 4.93938066349 -4.19462 9.7128 -0.281508
9.0316 80000042400000544 80000042400000543 80000042400000552 80000042400000542 5.22758097313 -8.4081 9.77341 9.95287
9.10415 80000042400000543 80000042400000542 80000042400000552 80000042400000541 4.99593346816 -5.34395 5.26926 9.40323
9.11179 80000042400000542 80000042400000541 80000042400000552 80000042400000540 4.93938066349 -4.83516 8.59359 5.64361
9.06378 80000042400000622 80000042400000621 80000042400000627 80000042400000620 9.99659046619 -0.804435 -2.83472 -1.54457
9.09637 80000042400000621 80000042400000620 80000042400000627 80000042400000619 9.84138043947 -0.81867 -2.70134 -3.69891
9.1193 80000042400000620 80000042400000619 80000042400000627 80000042400000618 9.38877127194 6.37715 -2.40922 -0.567182
9.22066 80000042400000619 80000042400000618 80000042400000627 80000042400000617 9.00233985416 6.12033 -3.16914 -0.37701
9.2862 80000042400000618 80000042400000617 80000042400000627 80000042400000616 8.9079991856 6.40257 -1.1019 -4.11474
9.43856 80000042400000617 80000042400000616 80000042400000627 80000042400000615 8.44947629437 9.11311 -2.52435 -5.63845
9.61186 80000042400000616 80000042400000615 80000042400000627 80000042400000614 8.01217294887 2.0544 -3.15948 -7.23083
9.85853 80000042400000615 80000042400000614 80000042400000627 80000042400000613 7.59510714987 1.89059 -1.28996 -6.13254
9.86438 80000042400000614 80000042400000612 80000042400000627 80000042400000611 7.00541704554 -8.52929 -1.30583 -13.0577
9.89663 80000042400000612 80000042400000611 80000042400000627 80000042400000610 6.85511726265 -7.43678 -3.00702 -13.9904
10.0117 80000042400000611 80000042400000610 80000042400000627 80000042400000609 6.49159774567 4.20096 -2.96105 -10.4149
10.0612 80000042400000610 80000042400000609 80000042400000627 80000042400000608 6.14490120342 8.37305 -2.97987 -9.36443
10.0885 80000042400000609 80000042400000608 80000042400000627 80000042400000607 6.01075739884 4.20868 -1.47475 -8.44962
10.122 80000042400000608 80000042400000607 80000042400000627 80000042400000606 5.84661374788 7.18977 0.216421 -8.9814
10.1596 80000042400000607 80000042400000606 80000042400000627 80000042400000605 5.52976580795 6.31765 0.181388 -6.16412
10.184 80000042400000606 80000042400000605 80000042400000627 80000042400000604 5.22758097313 13.0297 -1.04457 -4.03233
10.2005 80000042400000605 80000042400000604 80000042400000627 80000042400000603 4.99593346816 15.3693 -7.95692 -9.52348
10.262 80000042400000604 80000042400000602 80000042400000627 80000042400000601 4.66451770247 9.93441 -12.8233 4.54675
10.2845 80000042400000602 80000042400000601 80000042400000627 80000042400000600 4.42803373661 4.74899 -15.1 5.65887
9.07216 80000042400000647 80000042400000646 80000042400000654 80000042400000645 9.38877127194 0.929055 -0.0421455 0.0962962
9.11681 80000042400000646 80000042400000645 80000042400000654 80000042400000644 9.00233985416 1.64015 1.24548 3.05165
9.14344 80000042400000645 80000042400000643 80000042400000654 80000042400000642 8.44947629437 -0.432114 1.52023 2.17801
9.10157 80000042400000666 80000042400000665 80000042400000674 80000042400000664 7.23627606617 19.9231 -1.67835 2.182
9.0666 80000042400000817 80000042400000816 80000042400000824 80000042400000815 6.14490120342 -1.32153 -5.73363 3.16191
9.14344 80000042400000816 80000042400000815 80000042400000824 80000042400000814 6.01075739884 -9.82278 -15.9533 5.09796
9.27766 80000042400000815 80000042400000811 80000042400000824 80000042400000810 4.99593346816 -8.38327 -7.86122 4.20739
9.29622 80000042400000811 80000042400000809 80000042400000824 80000042400000808 4.66451770247 -8.20844 -8.60881 3.59683
9.32805 80000042400000809 80000042400000807 80000042400000824 80000042400000806 4.17683491473 -5.85628 -3.94097 1.62023
9.3974 80000042400000807 80000042400000806 80000042400000824 80000042400000805 4.00794511147 -9.20565 -3.78991 1.93815
9.41784 80000042400000806 80000042400000805 80000042400000824 80000042400000804 3.93726108473 -12.8019 -5.54461 4.43853
9.4503 80000042400000805 80000042400000804 80000042400000824 80000042400000803 3.70877426464 -16.4901 -6.7801 8.52891
9.05524 80000042400000876 80000042400000875 80000042400000876 80000042400000874 16.2484932799 -1.00812 -0.0393629 -4.01295
9.14811 80000042400000875 80000042400000874 80000042400000876 80000042400000873 15.4502666289 2.61352 -3.86785 -7.02048
9.27072 80000042400000874 80000042400000873 80000042400000876 80000042400000872 14.7634960164 -0.739052 -0.229411 -3.53221
9.37319 80000042400000873 80000042400000872 80000042400000876 80000042400000871 14.0339921445 -0.660992 -1.72028 -5.43037
9.42893 80000042400000872 80000042400000871 80000042400000876 80000042400000870 13.3382482898 1.35566 -0.849445 -3.94585
9.5207 80000042400000871 80000042400000870 80000042400000876 80000042400000869 12.6747021048 1.56739 -1.81809 -2.3031
9.63214 80000042400000870 80000042400000868 80000042400000876 80000042400000867 11.4973879548 -1.16285 -0.147422 -2.93931
9.71385 80000042400000868 80000042400000867 80000042400000876 80000042400000866 10.9190331982 0.575732 2.77163 2.85046
9.79534 80000042400000867 80000042400000866 80000042400000876 80000042400000865 10.3674435724 0.327465 3.46556 2.25853
9.84334 80000042400000866 80000042400000865 80000042400000876 80000042400000864 9.99659046619 1.61052 0.719866 1.57786
9.87452 80000042400000865 80000042400000864 80000042400000876 80000042400000863 9.84138043947 4.26863 4.865 7.78018
9.93583 80000042400000864 80000042400000863 80000042400000876 80000042400000862 9.38877127194 10.5784 -2.76724 8.5838
9.96793 80000042400000863 80000042400000862 80000042400000876 80000042400000861 9.00233985416 10.8009 1.23079 9.62992
9.97213 80000042400000862 80000042400000861 80000042400000876 80000042400000860 8.9079991856 11.1286 0.0635313 9.98874
10.003 80000042400000861 80000042400000860 80000042400000876 80000042400000859 8.44947629437 10.2844 -0.565184 9.64587
10.0379 80000042400000860 80000042400000859 80000042400000876 80000042400000858 8.01217294887 12.5058 -3.24668 12.3468
10.0992 80000042400000859 80000042400000858 80000042400000876 80000042400000857 7.59510714987 18.3311 -5.93897 11.5833
10.1141 80000042400000858 80000042400000857 80000042400000876 80000042400000856 7.23627606617 18.0503 -2.74697 11.3881
10.132 80000042400000857 80000042400000856 80000042400000876 80000042400000855 7.00541704554 18.1512 -4.57203 10.6838
10.1493 80000042400000856 80000042400000855 80000042400000876 80000042400000854 6.85511726265 19.9467 -1.53752 15.6801
10.1878 80000042400000855 80000042400000854 80000042400000876 80000042400000853 6.49159774567 14.0611 -10.6604 18.1218
10.2099 80000042400000854 80000042400000853 80000042400000876 80000042400000852 6.14490120342 11.8053 -13.2604 13.3709
10.2212 80000042400000853 80000042400000852 80000042400000876 80000042400000851 6.01075739884 16.671 -12.3374 18.0688
10.2449 80000042400000852 80000042400000851 80000042400000876 80000042400000850 5.84661374788 21.2877 -10.8969 10.5127
10.2808 80000042400000851 80000042400000850 80000042400000876 80000042400000849 5.52976580795 26.4674 -14.038 6.1855
10.3508 80000042400000850 80000042400000849 80000042400000876 80000042400000848 5.22758097313 19.1645 -10.7137 16.1608
10.3861 80000042400000849 80000042400000848 80000042400000876 80000042400000847 4.99593346816 26.4477 -7.36353 11.7199
10.388 80000042400000848 80000042400000847 80000042400000876 80000042400000846 4.93938066349 30.9485 -3.10639 33.5742
10.4163 80000042400000847 80000042400000846 80000042400000876 80000042400000845 4.66451770247 28.7213 -6.16735 33.432
10.4649 80000042400000846 80000042400000845 80000042400000876 80000042400000844 4.42803373661 23.9337 -9.20681 29.0376
10.504 80000042400000845 80000042400000844 80000042400000876 80000042400000843 4.17683491473 22.2894 -10.7409 29.0196
10.5346 80000042400000844 80000042400000843 80000042400000876 80000042400000842 4.00794511147 18.9967 3.25939 34.963
10.5464 80000042400000843 80000042400000842 80000042400000876 80000042400000841 3.93726108473 22.1942 7.74477 31.0598
10.5882 80000042400000842 80000042400000841 80000042400000876 80000042400000840 3.70877426464 19.23 13.7496 36.7774
10.5906 80000042400000841 80000042400000840 80000042400000876 80000042400000839 3.49086136926 27.514 7.75343 28.7657
9.04653 80000042400000999 80000042400000998 80000042400001007 80000042400000997 5.22758097313 5.60032 -18.7798 -0.388234
9.19848 80000042400000998 80000042400000997 80000042400001007 80000042400000996 4.99593346816 23.8594 8.50409 -9.30258
9.08309 80000042400001109 80000042400001108 80000042400001118 80000042400001107 6.85511726265 3.41561 -6.98471 3.94827
9.3044 80000042400001108 80000042400001106 80000042400001118 80000042400001105 6.14490120342 8.1163 -3.53583 -9.79693
9.76219 80000042400001106 80000042400001105 80000042400001118 80000042400001104 6.01075739884 -28.2251 8.49208 -39.012
9.90361 80000042400001105 80000042400001104 80000042400001118 80000042400001103 5.84661374788 -19.0145 3.24137 -22.5285
9.95545 80000042400001104 80000042400001103 80000042400001118 80000042400001102 5.52976580795 -19.8926 13.0666 -28.5226
10.0056 80000042400001103 80000042400001102 80000042400001118 80000042400001101 5.22758097313 -21.9097 15.8433 -22.1587
10.0442 80000042400001102 80000042400001101 80000042400001118 80000042400001100 4.99593346816 -18.9266 8.29306 -14.281
10.0454 80000042400001101 80000042400001100 80000042400001118 80000042400001099 4.93938066349 -17.1531 13.6118 -21.2063
10.0615 80000042400001100 80000042400001099 80000042400001118 80000042400001098 4.66451770247 -28.244 9.04677 2.45497
10.1062 80000042400001099 80000042400001098 80000042400001118 80000042400001097 4.42803373661 -14.3604 17.0945 15.6771
10.1123 80000042400001098 80000042400001095 80000042400001118 80000042400001094 3.93726108473 -12.214 -2.06838 14.1845
10.1912 80000042400001095 80000042400001094 80000042400001118 80000042400001093 3.70877426464 1.24504 17.4433 27.305
9.19433 80000042400001138 80000042400001137 80000042400001142 80000042400001136 7.59510714987 -19.5668 8.36575 -8.05992
9.22845 80000042400001137 80000042400001135 80000042400001142 80000042400001134 7.00541704554 -5.23631 3.59174 -4.46717
9.31083 80000042400001135 80000042400001134 80000042400001142 80000042400001133 6.85511726265 -10.852 5.0168 -7.29216
9.43974 80000042400001134 80000042400001133 80000042400001142 80000042400001132 6.49159774567 -20.4922 8.01266 -9.49967
9.11431 80000042400001158 80000042400001157 80000042400001163 80000042400001156 6.49159774567 3.97376 6.38202 9.22077
9.07492 80000042400001185 80000042400001184 80000042400001193 80000042400001183 5.52976580795 -0.55331 -7.20625 -21.1292
9.09111 80000042400001184 80000042400001183 80000042400001193 80000042400001182 5.22758097313 -1.78775 -6.28184 -18.6796
9.0316 80000042400001249 80000042400001248 80000042400001260 80000042400001247 6.49159774567 -5.1712 -0.317336 -4.49369
9.08578 80000042400001248 80000042400001247 80000042400001260 80000042400001246 6.14490120342 -6.7397 0.137124 -5.44071
9.10671 80000042400001247 80000042400001246 80000042400001260 80000042400001245 6.01075739884 -9.71579 3.51143 -1.04485
9.12668 80000042400001246 80000042400001245 80000042400001260 80000042400001244 5.84661374788 -7.28284 1.30998 -3.84712
9.17073 80000042400001245 80000042400001239 80000042400001260 80000042400001238 4.42803373661 -3.95663 -3.89516 1.14066
9.17729 80000042400001239 80000042400001238 80000042400001260 80000042400001237 4.17683491473 -4.98591 -2.30065 1.52791
9.19223 80000042400001238 80000042400001237 80000042400001260 80000042400001236 4.00794511147 -4.56295 -0.835403 -2.2825
9.20668 80000042400001237 80000042400001236 80000042400001260 80000042400001235 3.93726108473 -4.2114 0.356002 0.531417
9.21869 80000042400001236 80000042400001235 80000042400001260 80000042400001234 3.70877426464 -7.10343 0.663446 -2.20585
9.23988 80000042400001235 80000042400001234 80000042400001260 80000042400001233 3.49086136926 -8.60344 -2.60726 -2.9003
9.0066 80000042400001359 80000042400001358 80000042400001369 80000042400001357 4.93938066349 -4.17524 -8.56956 5.16353
9.14108 80000042400001358 80000042400001356 80000042400001369 80000042400001355 4.42803373661 2.26939 2.86818 -1.43372
9.03763 80000042400001527 80000042400001526 80000042400001532 80000042400001525 8.9079991856 -11.8657 0.755304 -2.78348
9.06096 80000042400001526 80000042400001525 80000042400001532 80000042400001524 8.44947629437 -12.5001 2.36262 -3.3356
9.13871 80000042400001525 80000042400001524 80000042400001532 80000042400001523 8.01217294887 -12.5509 2.06128 -3.27325
9.20668 80000042400001524 80000042400001523 80000042400001532 80000042400001522 7.59510714987 -9.48203 0.792792 -1.9563
9.30602 80000042400001523 80000042400001522 80000042400001532 80000042400001521 7.23627606617 -9.43543 0.991982 -1.99559
9.34461 80000042400001522 80000042400001521 80000042400001532 80000042400001520 7.00541704554 -11.6422 -0.99981 -2.87559
9.35771 80000042400001521 80000042400001520 80000042400001532 80000042400001519 6.85511726265 -10.7454 -2.28998 -2.68675
9.41282 80000042400001520 80000042400001519 80000042400001532 80000042400001518 6.49159774567 -8.98021 -0.594482 -2.81079
9.44914 80000042400001519 80000042400001518 80000042400001532 80000042400001517 6.14490120342 -9.35285 -3.428 -2.90662
9.46285 80000042400001518 80000042400001517 80000042400001532 80000042400001516 6.01075739884 -8.54618 -4.6974 -2.78365
9.5026 80000042400001517 80000042400001516 80000042400001532 80000042400001515 5.84661374788 -10.9725 -6.55965 -4.26239
9.53808 80000042400001516 80000042400001515 80000042400001532 80000042400001514 5.52976580795 -9.23658 -4.9119 -4.53412
9.58723 80000042400001515 80000042400001514 80000042400001532 80000042400001513 5.22758097313 -8.56955 -3.34717 -6.74901
9.60218 80000042400001514 80000042400001513 80000042400001532 80000042400001512 4.99593346816 -8.28733 -2.94701 -11.6168
9.99453 80000042400001513 80000042400001509 80000042400001532 80000042400001508 4.17683491473 -33.5252 61.919 -90.5779
10.0436 80000042400001509 80000042400001507 80000042400001532 80000042400001506 3.93726108473 -28.7835 74.8635 -99.8338
10.0632 80000042400001507 80000042400001506 80000042400001532 80000042400001505 3.70877426464 -16.4728 57.7874 -84.5817
10.0686 80000042400001506 80000042400001505 80000042400001532 80000042400001504 3.49086136926 -15.6044 58.9602 -76.7155
10.139 80000042400001505 80000042400001503 80000042400001532 80000042400001502 3.08482263583 -0.725708 49.9151 -41.1476
9.01298 80000042400001587 80000042400001586 80000042400001589 80000042400001585 7.00541704554 -3.64323 6.22114 -5.67302
9.01298 80000042400001586 80000042400001584 80000042400001589 80000042400001583 6.49159774567 -0.56652 5.59823 -4.94111
9.19641 80000042400001584 80000042400001583 80000042400001589 80000042400001582 6.14490120342 -1.48756 3.57539 -2.43073
9.20668 80000042400001583 80000042400001582 80000042400001589 80000042400001581 6.01075739884 5.50005 5.15506 -0.429128
9.32187 80000042400001582 80000042400001581 80000042400001589 80000042400001580 5.84661374788 -1.33485 7.23782 -10.2106
9.37595 80000042400001581 80000042400001580 80000042400001589 80000042400001579 5.52976580795 -0.742228 16.4733 -3.22687
9.44447 80000042400001580 80000042400001579 80000042400001589 80000042400001578 5.22758097313 -1.74839 14.2187 -8.05095
9.51972 80000042400001579 80000042400001578 80000042400001589 80000042400001577 4.99593346816 -4.10629 11.58 -12.3278
9.55478 80000042400001578 80000042400001577 80000042400001589 80000042400001576 4.93938066349 -8.87936 7.69502 -7.08664
9.71825 80000042400001577 80000042400001576 80000042400001589 80000042400001575 4.66451770247 4.09632 13.271 -18.8936
9.736 80000042400001576 80000042400001575 80000042400001589 80000042400001574 4.42803373661 13.4982 9.73841 -13.2036
9.02548 80000042400001697 80000042400001696 80000042400001701 80000042400001695 9.99659046619 -3.59305 -2.76605 -2.05478
9.05524 80000042400001696 80000042400001695 80000042400001701 80000042400001694 9.84138043947 -3.29268 -1.93245 -3.73002
9.15956 80000042400001695 80000042400001694 80000042400001701 80000042400001693 9.38877127194 -4.73106 0.219297 -6.24804
9.25101 80000042400001694 80000042400001693 80000042400001701 80000042400001692 9.00233985416 -4.18809 -4.19832 -9.49184
9.26896 80000042400001693 80000042400001692 80000042400001701 80000042400001691 8.9079991856 -4.74544 -5.71864 -8.56394
9.38815 80000042400001692 80000042400001691 80000042400001701 80000042400001690 8.44947629437 -3.48571 -3.9544 -8.83631
9.49951 80000042400001691 80000042400001690 80000042400001701 80000042400001689 8.01217294887 0.515659 -0.898974 -10.368
9.57349 80000042400001690 80000042400001689 80000042400001701 80000042400001688 7.59510714987 0.836437 -3.20249 -11.3575
9.6229 80000042400001689 80000042400001688 80000042400001701 80000042400001687 7.23627606617 -0.423908 -2.63353 -12.6845
9.66372 80000042400001688 80000042400001687 80000042400001701 80000042400001686 7.00541704554 -0.300047 -3.6365 -11.2304
9.67491 80000042400001687 80000042400001686 80000042400001701 80000042400001685 6.85511726265 -0.780768 -2.7997 -12.8121
9.71259 80000042400001686 80000042400001685 80000042400001701 80000042400001684 6.49159774567 -1.12665 0.440423 -17.9261
9.74314 80000042400001685 80000042400001684 80000042400001701 80000042400001683 6.14490120342 1.53317 -2.0001 -17.8271
9.81026 80000042400001684 80000042400001683 80000042400001701 80000042400001682 6.01075739884 -8.75276 -1.64461 -21.6395
9.84939 80000042400001683 80000042400001682 80000042400001701 80000042400001681 5.84661374788 -5.80367 6.7479 -20.8172
9.89911 80000042400001682 80000042400001681 80000042400001701 80000042400001680 5.52976580795 -7.95877 9.04854 -25.5341
9.95472 80000042400001681 80000042400001680 80000042400001701 80000042400001679 5.22758097313 -5.63116 -2.27153 -23.6616
10.006 80000042400001680 80000042400001679 80000042400001701 80000042400001678 4.99593346816 -19.5361 -17.8047 -25.8087
10.0095 80000042400001679 80000042400001678 80000042400001701 80000042400001677 4.93938066349 -19.2861 -16.1964 -26.6233
10.0893 80000042400001678 80000042400001677 80000042400001701 80000042400001676 4.66451770247 -31.1709 -17.8233 -34.3445
10.1168 80000042400001677 80000042400001676 80000042400001701 80000042400001675 4.42803373661 -25.3874 -21.7328 -34.2928
10.1416 80000042400001676 80000042400001675 80000042400001701 80000042400001674 4.17683491473 -22.0546 -18.4717 -35.2644
10.1718 80000042400001675 80000042400001674 80000042400001701 80000042400001673 4.00794511147 -22.9549 -23.1857 -31.3865
10.184 80000042400001674 80000042400001673 80000042400001701 80000042400001672 3.93726108473 -25.7913 -21.9647 -33.5833
10.2173 80000042400001673 80000042400001672 80000042400001701 80000042400001671 3.70877426464 -24.6924 -21.6175 -33.9837
10.2565 80000042400001672 80000042400001671 80000042400001701 80000042400001670 3.49086136926 -31.3609 -24.0999 -42.8662
10.2984 80000042400001671 80000042400001670 80000042400001701 80000042400001669 3.28303305796 -36.3926 -15.1094 -46.5259
10.3352 80000042400001670 80000042400001669 80000042400001701 80000042400001668 3.08482263583 -34.2859 -2.96548 -62.7793
10.3431 80000042400001669 80000042400001668 80000042400001701 80000042400001667 3.00813107163 -37.5525 7.41422 -70.7336
9.00012 80000042400001784 80000042400001783 80000042400001787 80000042400001782 3.00813107163 12.4357 -3.1539 11.173
9.02239 80000042400001783 80000042400001782 80000042400001787 80000042400001781 2.89578500573 13.1234 -6.16284 14.6562
9.08845 80000042400001782 80000042400001779 80000042400001787 80000042400001778 2.44422570455 14.7699 6.35286 -5.77404
9.09898 80000042400001779 80000042400001773 80000042400001787 80000042400001772 1.82268925262 -1.5767 18.3812 -5.30721
9.0098 80000042400001915 80000042400001914 80000042400001931 80000042400001913 4.66451770247 -1.27517 5.32649 -0.520458
9.08578 80000042400001914 80000042400001913 80000042400001931 80000042400001912 4.42803373661 1.13035 8.29316 -3.27422
9.12912 80000042400001913 80000042400001912 80000042400001931 80000042400001911 4.17683491473 1.87298 3.25081 -3.96116
9.24175 80000042400001912 80000042400001911 80000042400001931 80000042400001910 4.00794511147 5.2219 3.90865 -3.15376
9.27246 80000042400001911 80000042400001909 80000042400001931 80000042400001908 3.49086136926 -2.31802 1.53354 -3.44726
9.30602 80000042400001909 80000042400001908 80000042400001931 80000042400001907 3.28303305796 -3.62931 -0.469649 -1.86548
9.17073 80000042400001936 80000042400001935 80000042400001956 80000042400001934 3.93726108473 -3.2511 -10.8335 -7.23523
9.34461 80000042400001935 80000042400001934 80000042400001956 80000042400001933 3.70877426464 -4.48372 -6.17218 -8.13443
9.05524 80000042400002031 80000042400002030 80000042400002043 80000042400002029 4.66451770247 1.26434 0.316164 -3.07844
9.09375 80000042400002030 80000042400002029 80000042400002043 80000042400002028 4.42803373661 -3.40215 0.331598 2.14454
9.21869 80000042400002029 80000042400002028 80000042400002043 80000042400002027 4.17683491473 0.0220215 10.8179 7.33742
9.2342 80000042400002028 80000042400002026 80000042400002043 80000042400002025 3.93726108473 -0.974591 7.71043 2.77957
9.2361 80000042400002026 80000042400002025 80000042400002043 80000042400002024 3.70877426464 -4.88152 5.56453 3.58718
9.0066 80000042400002111 80000042400002110 80000042400002121 80000042400002109 5.22758097313 0.754585 0.0489273 2.42109
9.13394 80000042400002110 80000042400002109 80000042400002121 80000042400002108 4.99593346816 2.92435 -0.237673 -6.15675
9.21869 80000042400002109 80000042400002107 80000042400002121 80000042400002106 4.66451770247 1.29763 -5.13687 -11.9463
9.23988 80000042400002107 80000042400002106 80000042400002121 80000042400002105 4.42803373661 5.13833 -12.5122 -12.0402
9.24918 80000042400002106 80000042400002105 80000042400002121 80000042400002104 4.17683491473 8.40826 -8.37609 -16.4443
9.29124 80000042400002105 80000042400002104 80000042400002121 80000042400002103 4.00794511147 4.48979 -7.49274 -7.84873
9.33716 80000042400002104 80000042400002103 80000042400002121 80000042400002102 3.93726108473 11.1661 0.124113 -14.1558
9.36056 80000042400002103 80000042400002099 80000042400002121 80000042400002098 3.08482263583 -0.606039 -15.3975 -14.9871
9.36763 80000042400002099 80000042400002098 80000042400002121 80000042400002097 3.00813107163 -2.45258 -18.8724 -10.4236
9.08038 80000042400002192 80000042400002191 80000042400002213 80000042400002190 2.73314261732 3.99449 -6.43727 -3.35226
9.13634 80000042400002191 80000042400002189 80000042400002213 80000042400002188 2.44422570455 4.23078 2.7051 -11.1402
9.15956 80000042400002189 80000042400002188 80000042400002213 80000042400002187 2.31611074396 -1.61331 4.29572 -4.65049
9.05235 80000042400002246 80000042400002245 80000042400002263 80000042400002244 2.44422570455 0.643534 -7.62947 -6.11285
9.05811 80000042400002245 80000042400002244 80000042400002263 80000042400002243 2.31611074396 -1.435 -9.75225 -7.10588
9.01614 80000042400002381 80000042400002380 80000042400002385 80000042400002379 6.14490120342 -2.77964 -0.108565 5.35819
9.09111 80000042400002380 80000042400002379 80000042400002385 80000042400002378 6.01075739884 6.83189 -2.21891 -2.97769
9.14344 80000042400002379 80000042400002377 80000042400002385 80000042400002376 5.52976580795 14.4094 -4.60049 -6.52119
9.15502 80000042400002377 80000042400002376 80000042400002385 80000042400002375 5.22758097313 16.1746 -1.77962 -10.838
9.2087 80000042400002376 80000042400002375 80000042400002385 80000042400002374 4.99593346816 14.0919 -3.06151 -7.60167
9.27072 80000042400002375 80000042400002373 80000042400002385 80000042400002372 4.66451770247 12.686 -3.48391 -7.64621
9.2811 80000042400002373 80000042400002371 80000042400002385 80000042400002370 4.17683491473 2.39422 -6.83681 -16.4805
9.34756 80000042400002371 80000042400002370 80000042400002385 80000042400002369 4.00794511147 2.1839 -12.1267 -19.3129
9.35338 80000042400002370 80000042400002364 80000042400002385 80000042400002363 3.00813107163 10.1775 -7.72041 -19.44
9.36199 80000042400002364 80000042400002362 80000042400002385 80000042400002361 2.73314261732 7.2542 -7.21421 -15.6435
9.40001 80000042400002362 80000042400002361 80000042400002385 80000042400002360 2.5772902716 11.5971 -6.74661 -9.26508
9.0066 80000042400002622 80000042400002621 80000042400002635 80000042400002620 1.82268925262 -7.16337 19.9336 9.98735
9.06378 80000042400002621 80000042400002620 80000042400002635 80000042400002619 1.74357057433 -8.86267 18.8649 11.5193
9.07492 80000042400002620 80000042400002619 80000042400002635 80000042400002618 1.66666955611 -9.5901 17.3697 9.3704
9.08309 80000042400002619 80000042400002617 80000042400002635 80000042400002616 1.47197484527 -9.93434 13.3498 9.30398
9.00337 80000042400002765 80000042400002764 80000042400002770 80000042400002763 3.70877426464 21.9486 -13.3705 -22.0832
9.04062 80000042400002764 80000042400002763 80000042400002770 80000042400002762 3.49086136926 26.8179 -12.6268 -20.4365
9.22651 80000042400002763 80000042400002762 80000042400002770 80000042400002761 3.28303305796 45.0629 -23.0683 11.8361
9.26008 80000042400002762 80000042400002752 80000042400002770 80000042400002751 2.00202813925 38.4397 -8.97536 8.64207
9.27072 80000042400002752 80000042400002749 80000042400002770 80000042400002748 1.74357057433 32.8708 -4.31931 6.30285
9.27072 80000042400002749 80000042400002745 80000042400002770 80000042400002744 1.47197484527 33.8871 -7.34503 8.29122
9.28956 80000042400002745 80000042400002742 80000042400002770 80000042400002741 1.30237845991 35.4673 -2.02369 7.04937
9.34016 80000042400002742 80000042400002741 80000042400002770 80000042400002740 1.24847261425 33.3787 -1.35693 11.8649
9.00012 80000042400002843 80000042400002842 80000042400002854 80000042400002841 5.84661374788 5.30097 -8.51685 2.39961
9.07492 80000042400002842 80000042400002840 80000042400002854 80000042400002839 5.22758097313 9.66516 -11.4516 2.73383
9.17073 80000042400002840 80000042400002836 80000042400002854 80000042400002835 4.42803373661 6.3213 -10.2908 1.43452
9.2342 80000042400002836 80000042400002835 80000042400002854 80000042400002834 4.17683491473 5.17603 -9.10603 1.08766
9.26187 80000042400002835 80000042400002834 80000042400002854 80000042400002833 4.00794511147 4.60077 -9.86372 1.42847
9.27072 80000042400002834 80000042400002833 80000042400002854 80000042400002832 3.93726108473 5.3615 -10.3137 1.21252
9.28956 80000042400002833 80000042400002832 80000042400002854 80000042400002831 3.70877426464 6.80564 -7.36898 1.53142
9.32342 80000042400002832 80000042400002828 80000042400002854 80000042400002827 3.00813107163 11.6153 -7.36934 -3.64283
9.34756 80000042400002828 80000042400002827 80000042400002854 80000042400002826 2.89578500573 15.8312 -9.00584 -8.19633
9.11179 80000042400002860 80000042400002859 80000042400002869 80000042400002858 4.99593346816 13.4625 -10.1172 -0.287469
9.03763 80000042400002964 80000042400002963 80000042400002988 80000042400002962 1.82268925262 0.679876 -6.08321 8.54679
9.04358 80000042400002963 80000042400002957 80000042400002988 80000042400002956 1.41409822037 1.02173 -2.13223 8.44061
9.06096 80000042400002957 80000042400002954 80000042400002988 80000042400002953 1.24847261425 -1.37566 -3.6494 12.5303
9.19848 80000042400003063 80000042400003062 80000042400003079 80000042400003061 1.53123902916 -33.3717 21.4498 49.5097
9.13394 80000042400003208 80000042400003207 80000042400003242 80000042400003206 0.757441372616 -4.63138 -16.3645 -13.1476
9.13871 80000042400003207 80000042400003206 80000042400003242 80000042400003205 0.732636182022 -7.96592 -11.9837 -15.3057
9.2087 80000042400003206 80000042400003200 80000042400003242 80000042400003199 0.575980845108 5.44619 -15.0857 -9.12881
9.2087 80000042400003200 80000042400003199 80000042400003242 80000042400003198 0.546392183141 24.556 5.46198 -11.6536
9.18589 80000042400003259 80000042400003258 80000042400003292 80000042400003257 0.676110411213 28.124 8.61067 -20.6852
9.01614 80000042400003570 80000042400003569 80000042400003578 80000042400003568 7.23627606617 -0.1777 3.31304 -4.95698
9.05235 80000042400003569 80000042400003568 80000042400003578 80000042400003567 7.00541704554 0.929045 4.55627 -5.87251
9.07766 80000042400003568 80000042400003567 80000042400003578 80000042400003566 6.85511726265 2.8627 5.61503 -5.73075
9.12178 80000042400003567 80000042400003566 80000042400003578 80000042400003565 6.49159774567 3.10261 3.72653 -5.68306
9.41784 80000042400003566 80000042400003565 80000042400003578 80000042400003564 6.14490120342 -17.1715 -9.15911 -5.94285
9.50567 80000042400003565 80000042400003564 80000042400003578 80000042400003563 6.01075739884 -12.8024 -9.565 -3.99087
9.64268 80000042400003564 80000042400003563 80000042400003578 80000042400003562 5.84661374788 -11.8086 0.874345 -14.2166
9.76947 80000042400003563 80000042400003562 80000042400003578 80000042400003561 5.52976580795 -19.5296 9.53111 -17.0139
9.83339 80000042400003562 80000042400003561 80000042400003578 80000042400003560 5.22758097313 -19.3663 4.57021 -19.0109
9.90848 80000042400003561 80000042400003560 80000042400003578 80000042400003559 4.99593346816 -24.9538 1.17264 -21.5575
9.94296 80000042400003560 80000042400003559 80000042400003578 80000042400003558 4.93938066349 -28.2148 -2.33576 -24.5783
9.99585 80000042400003559 80000042400003558 80000042400003578 80000042400003557 4.66451770247 -27.8077 5.68084 -25.4185
10.0298 80000042400003558 80000042400003557 80000042400003578 80000042400003556 4.42803373661 -29.0345 3.42279 -23.5521
10.0724 80000042400003557 80000042400003556 80000042400003578 80000042400003555 4.17683491473 -42.597 0.251661 -32.2352
10.125 80000042400003556 80000042400003555 80000042400003578 80000042400003554 4.00794511147 -38.8689 -12.7156 -13.2152
10.1771 80000042400003555 80000042400003554 80000042400003578 80000042400003553 3.93726108473 -50.5849 -18.0417 -22.2386
10.2055 80000042400003554 80000042400003552 80000042400003578 80000042400003551 3.49086136926 -47.9075 -8.36222 -17.6658
10.2867 80000042400003552 80000042400003551 80000042400003578 80000042400003550 3.28303305796 -67.503 -12.9635 -13.9209
10.3202 80000042400003551 80000042400003547 80000042400003578 80000042400003546 2.73314261732 -51.4151 -2.87555 -15.2985
10.3446 80000042400003547 80000042400003546 80000042400003578 80000042400003545 2.5772902716 -42.0228 2.81535 -28.7045
10.3679 80000042400003546 80000042400003545 80000042400003578 80000042400003544 2.44422570455 -50.4497 -1.22253 -15.2756
10.374 80000042400003545 80000042400003543 80000042400003578 80000042400003542 2.20792547238 -38.187 -19.3123 -20.472
10.3905 80000042400003543 80000042400003542 80000042400003578 80000042400003541 2.1032696526 -41.0098 -12.2177 -18.5613
10.4042 80000042400003542 80000042400003541 80000042400003578 80000042400003540 2.00202813925 -43.3243 -22.5478 -12.2798
10.4137 80000042400003541 80000042400003539 80000042400003578 80000042400003538 1.82268925262 -37.1292 -17.5882 -16.2537
10.4277 80000042400003539 80000042400003538 80000042400003578 80000042400003537 1.74357057433 -42.6929 -13.5321 -14.5784
10.4728 80000042400003538 80000042400003537 80000042400003578 80000042400003536 1.66666955611 -43.9226 -29.202 13.8211
10.5021 80000042400003537 80000042400003536 80000042400003578 80000042400003535 1.60423452207 -51.3337 -28.2618 1.45303
10.5451 80000042400003536 80000042400003535 80000042400003578 80000042400003534 1.53123902916 -45.1877 -38.9405 12.1201
10.5742 80000042400003535 80000042400003534 80000042400003578 80000042400003533 1.47197484527 -32.0023 -37.2376 20.6963
10.5776 80000042400003534 80000042400003533 80000042400003578 80000042400003532 1.41409822037 -24.0246 -34.6917 -2.06448
10.6173 80000042400003533 80000042400003532 80000042400003578 80000042400003531 1.3575766674 1.09663 -22.4091 7.46386
10.6481 80000042400003532 80000042400003531 80000042400003578 80000042400003530 1.30237845991 13.5605 -26.0312 -3.54792
9.02239 80000042400003595 80000042400003594 80000042400003601 80000042400003593 6.85511726265 5.6914 4.10062 2.87842
9.09637 80000042400003594 80000042400003593 80000042400003601 80000042400003592 6.49159774567 2.28251 0.285143 4.0226
9.0066 80000042400003634 80000042400003633 80000042400003646 80000042400003632 3.70877426464 -16.6014 4.8929 -4.41033
9.01298 80000042400003756 80000042400003755 80000042400003767 80000042400003754 4.66451770247 11.5227 3.2673 3.75535
9.02239 80000042400003755 80000042400003754 80000042400003767 80000042400003753 4.42803373661 16.9509 1.05748 4.25854
9.12912 80000042400003754 80000042400003753 80000042400003767 80000042400003752 4.17683491473 11.7003 -2.26058 3.10306
9.13394 80000042400003753 80000042400003752 80000042400003767 80000042400003751 4.00794511147 12.2913 -3.47675 1.97519
9.17729 80000042400003752 80000042400003751 80000042400003767 80000042400003750 3.93726108473 3.59183 -10.8192 0.730284
9.2342 80000042400003751 80000042400003748 80000042400003767 80000042400003747 3.28303305796 11.8455 -17.0352 2.44317
9.33111 80000042400003748 80000042400003745 80000042400003767 80000042400003744 2.89578500573 13.9936 -24.9514 1.26455
9.58041 80000042400003745 80000042400003738 80000042400003767 80000042400003737 2.00202813925 66.3325 -15.8606 31.7713
9.60299 80000042400003738 80000042400003737 80000042400003767 80000042400003736 1.90408954353 73.4021 -18.5483 36.0998
9.72136 80000042400003737 80000042400003736 80000042400003767 80000042400003735 1.82268925262 89.0929 -21.8044 25.4408
9.56911 80000042400003792 80000042400003791 80000042400003792 80000042400003790 1.74357057433 58.628 -32.8166 -16.5267
9.04062 80000042400003827 80000042400003826 80000042400003836 80000042400003825 4.99593346816 -0.962691 4.43767 4.72536
9.04358 80000042400003826 80000042400003823 80000042400003836 80000042400003822 4.42803373661 3.44475 3.0151 3.11569
9.21072 80000042400003823 80000042400003822 80000042400003836 80000042400003821 4.17683491473 6.01719 -11.43 -5.45652
9.31083 80000042400003822 80000042400003821 80000042400003836 80000042400003820 4.00794511147 1.89719 -13.2301 0.539248
9.32031 80000042400003821 80000042400003820 80000042400003836 80000042400003819 3.93726108473 4.08165 -14.6869 -6.64944
9.44211 80000042400003820 80000042400003818 80000042400003836 80000042400003817 3.49086136926 0.479246 -12.224 2.13728
9.47724 80000042400003818 80000042400003811 80000042400003836 80000042400003810 2.44422570455 24.4464 -0.820521 -7.0252
9.49848 80000042400003811 80000042400003810 80000042400003836 80000042400003809 2.31611074396 25.8662 -5.56432 -6.10897
9.51774 80000042400003810 80000042400003809 80000042400003836 80000042400003808 2.20792547238 28.8963 1.08388 -4.43254
9.75075 80000042400003809 80000042400003808 80000042400003836 80000042400003807 2.1032696526 101.257 -43.2233 -65.589
9.0098 80000042400003842 80000042400003841 80000042400003848 80000042400003840 4.42803373661 3.36244 0.222999 12.4108
9.32958 80000042400003841 80000042400003837 80000042400003848 80000042400003818 3.70877426464 -1.65749 -9.61446 -1.94094
9.01928 80000042400003865 80000042400003864 80000042400003886 80000042400003863 1.74357057433 9.65023 -13.9344 1.74969
9.03463 80000042400003864 80000042400003861 80000042400003886 80000042400003860 1.53123902916 4.32684 -17.1393 4.57574
9.0666 80000042400003861 80000042400003860 80000042400003886 80000042400003859 1.47197484527 5.19303 -13.2741 5.87022
9.01928 80000042400003938 80000042400003937 80000042400003963 80000042400003936 2.20792547238 -0.352936 0.434621 -1.13785
9.01928 80000042400003937 80000042400003935 80000042400003963 80000042400003934 2.00202813925 0.519879 3.4511 0.147524
9.02548 80000042400003935 80000042400003934 80000042400003963 80000042400003933 1.90408954353 0.0497401 3.69035 2.4876
9.0316 80000042400003934 80000042400003933 80000042400003963 80000042400003932 1.82268925262 -1.15898 3.66388 4.16623
9.04062 80000042400003933 80000042400003925 80000042400003963 80000042400003924 1.30237845991 -4.05548 1.09619 -0.926825
9.04653 80000042400003925 80000042400003921 80000042400003963 80000042400003920 1.11415056377 -5.01007 5.01986 -1.34495
9.05524 80000042400004036 80000042400004035 80000042400004042 80000042400004034 6.14490120342 4.29294 -8.90687 -7.57899
9.08845 80000042400004035 80000042400004034 80000042400004042 80000042400004033 6.01075739884 2.63905 -5.01956 -10.0414
9.14108 80000042400004034 80000042400004033 80000042400004042 80000042400004032 5.84661374788 -0.919607 -4.85461 -9.45748
9.16182 80000042400004033 80000042400004032 80000042400004042 80000042400004031 5.52976580795 -1.64086 -5.47467 -8.29893
9.2929 80000042400004032 80000042400004031 80000042400004042 80000042400004030 5.22758097313 -7.63305 0.0626289 13.3734
9.41408 80000042400004031 80000042400004030 80000042400004042 80000042400004029 4.99593346816 -5.32595 -3.25588 21.8946
9.44797 80000042400004030 80000042400004028 80000042400004042 80000042400004027 4.66451770247 -2.44961 -4.52207 13.3385
9.64564 80000042400004028 80000042400004027 80000042400004042 80000042400004026 4.42803373661 1.26075 -14.0149 23.7753
9.68582 80000042400004027 80000042400004026 80000042400004042 80000042400004025 4.17683491473 3.13254 -13.4038 15.2726
9.7226 80000042400004026 80000042400004025 80000042400004042 80000042400004024 4.00794511147 -0.509114 -15.0688 19.8784
9.73239 80000042400004025 80000042400004024 80000042400004042 80000042400004023 3.93726108473 1.42855 -11.3963 20.1567
9.77334 80000042400004024 80000042400004023 80000042400004042 80000042400004022 3.70877426464 7.2114 -15.0327 13.0198
9.86079 80000042400004023 80000042400004022 80000042400004042 80000042400004021 3.49086136926 3.37866 -19.4355 22.2995
9.88358 80000042400004022 80000042400004021 80000042400004042 80000042400004020 3.28303305796 4.47985 -7.25599 24.0947
9.91129 80000042400004021 80000042400004020 80000042400004042 80000042400004019 3.08482263583 3.61122 -0.48257 19.4503
9.96084 80000042400004020 80000042400004019 80000042400004042 80000042400004018 3.00813107163 3.32351 0.503498 13.6191
10.0133 80000042400004019 80000042400004018 80000042400004042 80000042400004017 2.89578500573 12.2402 7.02464 20.8987
10.0292 80000042400004018 80000042400004016 80000042400004042 80000042400004015 2.5772902716 10.0906 8.47101 18.0964
10.0992 80000042400004016 80000042400004015 80000042400004042 80000042400004014 2.44422570455 3.38487 9.9503 9.88801
10.1479 80000042400004015 80000042400004014 80000042400004042 80000042400004013 2.31611074396 15.3901 36.0105 11.7241
10.1707 80000042400004014 80000042400004012 80000042400004042 80000042400004011 2.1032696526 12.0422 30.7619 25.175
10.1933 80000042400004012 80000042400004011 80000042400004042 80000042400004010 2.00202813925 9.82808 31.2861 16.7093
10.1997 80000042400004011 80000042400004010 80000042400004042 80000042400004009 1.90408954353 8.51803 23.0185 13.254
10.2051 80000042400004010 80000042400004007 80000042400004042 80000042400004006 1.66666955611 -4.72932 13.0761 6.32093
10.2099 80000042400004007 80000042400004004 80000042400004042 80000042400004003 1.47197484527 -6.70412 19.2944 17.0402
10.2189 80000042400004004 80000042400004003 80000042400004042 80000042400004002 1.41409822037 -4.23219 19.67 20.0081
10.2408 80000042400004003 80000042400004002 80000042400004042 80000042400004001 1.3575766674 -2.34481 14.9757 22.6224
9.00337 80000042400004052 80000042400004051 80000042400004058 80000042400004050 6.49159774567 1.25499 8.75625 -3.7139
9.03463 80000042400004051 80000042400004050 80000042400004058 80000042400004049 6.14490120342 2.03394 8.32766 -0.148884
9.05811 80000042400004050 80000042400004049 80000042400004058 80000042400004048 6.01075739884 3.17098 9.28737 1.31911
9.01298 80000042400004085 80000042400004084 80000042400004098 80000042400004083 7.00541704554 -2.02346 -4.3749 -1.3865
9.05524 80000042400004084 80000042400004083 80000042400004098 80000042400004082 6.85511726265 -4.49956 -4.39153 1.96
9.08309 80000042400004083 80000042400004081 80000042400004098 80000042400004080 6.14490120342 -3.85092 -1.65816 0.789867
9.13394 80000042400004081 80000042400004080 80000042400004098 80000042400004079 6.01075739884 -7.3226 -3.32869 0.89444
9.18376 80000042400004080 80000042400004079 80000042400004098 80000042400004078 5.84661374788 2.43394 -10.7141 -11.5188
9.24362 80000042400004079 80000042400004077 80000042400004098 80000042400004076 5.22758097313 -3.35181 0.829625 -11.4948
9.24548 80000042400004077 80000042400004076 80000042400004098 80000042400004075 4.99593346816 -2.77079 -5.86432 -9.51407
9.27072 80000042400004076 80000042400004070 80000042400004098 80000042400004069 3.93726108473 -3.69642 2.44282 -6.50768
9.05235 80000042400004132 80000042400004131 80000042400004141 80000042400004130 4.17683491473 -4.74994 -7.66618 4.72623
9.10415 80000042400004131 80000042400004130 80000042400004141 80000042400004129 4.00794511147 -3.96527 -5.8352 6.60835
9.11431 80000042400004130 80000042400004128 80000042400004141 80000042400004127 3.70877426464 -2.97093 -2.76329 7.54171
9.15502 80000042400004128 80000042400004127 80000042400004141 80000042400004126 3.49086136926 -1.67596 -1.64207 9.88414
9.21671 80000042400004127 80000042400004126 80000042400004141 80000042400004125 3.28303305796 -2.43658 -1.26201 5.46869
9.22845 80000042400004126 80000042400004125 80000042400004141 80000042400004124 3.08482263583 -3.52578 -3.41988 6.40071
9.33716 80000042400004125 80000042400004123 80000042400004141 80000042400004122 2.89578500573 -4.46989 -7.16858 7.92292
9.06096 80000042400004236 80000042400004235 80000042400004246 80000042400004234 6.49159774567 4.13538 2.29943 -1.65099
9.13394 80000042400004235 80000042400004232 80000042400004246 80000042400004231 5.84661374788 1.05281 -1.39872 1.07692
9.29124 80000042400004232 80000042400004231 80000042400004246 80000042400004230 5.52976580795 -0.767763 0.669194 11.4438
9.35048 80000042400004231 80000042400004230 80000042400004246 80000042400004229 5.22758097313 1.32468 -4.67654 4.32002
9.56021 80000042400004230 80000042400004229 80000042400004246 80000042400004228 4.99593346816 29.7453 -36.1405 -28.5596
9.57869 80000042400004229 80000042400004224 80000042400004246 80000042400004223 4.00794511147 30.4162 -27.2689 -9.03821
9.60136 80000042400004224 80000042400004222 80000042400004246 80000042400004221 3.70877426464 18.2159 -17.973 -20.1438
9.63969 80000042400004222 80000042400004221 80000042400004246 80000042400004220 3.49086136926 14.7301 -31.3983 -11.4666
9.68851 80000042400004221 80000042400004220 80000042400004246 80000042400004219 3.28303305796 18.5814 -22.305 -26.2982
9.75133 80000042400004220 80000042400004219 80000042400004246 80000042400004218 3.08482263583 14.9678 -40.6245 -21.037
9.75364 80000042400004219 80000042400004217 80000042400004246 80000042400004216 2.89578500573 26.3545 -44.5727 -20.1848
9.76332 80000042400004217 80000042400004216 80000042400004246 80000042400004215 2.73314261732 19.8906 -36.5064 -14.8842
9.02548 80000042400004431 80000042400004430 80000042400004453 80000042400004429 3.49086136926 -13.6359 -1.63189 2.83688
9.05235 80000042400004430 80000042400004429 80000042400004453 80000042400004428 3.28303305796 -7.15649 -4.18485 -1.19967
9.05235 80000042400004429 80000042400004428 80000042400004453 80000042400004427 3.08482263583 -6.48649 -5.77247 -0.0241993
9.05524 80000042400004428 80000042400004426 80000042400004453 80000042400004425 2.89578500573 -5.78828 -6.19787 1.31608
9.09375 80000042400004426 80000042400004425 80000042400004453 80000042400004424 2.73314261732 -6.13152 -8.06509 2.55019
9.14108 80000042400004425 80000042400004424 80000042400004453 80000042400004423 2.5772902716 -7.33418 -12.4699 2.56963
9.1573 80000042400004424 80000042400004423 80000042400004453 80000042400004422 2.44422570455 -5.99068 -13.2254 3.4588
9.1573 80000042400004423 80000042400004422 80000042400004453 80000042400004421 2.31611074396 -7.18342 -7.14222 3.90433
9.18376 80000042400004422 80000042400004421 80000042400004453 80000042400004420 2.20792547238 -2.03289 -11.2121 2.06781
9.19223 80000042400004421 80000042400004420 80000042400004453 80000042400004419 2.1032696526 -5.94069 -14.33 3.58122
9.19848 80000042400004420 80000042400004417 80000042400004453 80000042400004416 1.82268925262 -13.0961 -10.9791 9.61067
9.2026 80000042400004417 80000042400004416 80000042400004453 80000042400004415 1.74357057433 -13.2533 -2.66048 13.1635
9.07492 80000042400004611 80000042400004610 80000042400004620 80000042400004609 8.44947629437 1.16049 -16.4213 -2.31174
9.12178 80000042400004610 80000042400004609 80000042400004620 80000042400004608 8.01217294887 -0.787683 -18.1615 -6.09143
9.18162 80000042400004609 80000042400004608 80000042400004620 80000042400004607 7.59510714987 3.46278 -20.6083 -7.50879
9.24918 80000042400004608 80000042400004607 80000042400004620 80000042400004606 7.23627606617 -0.254336 -17.2044 -4.46608
9.32805 80000042400004607 80000042400004606 80000042400004620 80000042400004605 7.00541704554 3.54894 -18.3454 -8.98846
9.3634 80000042400004606 80000042400004605 80000042400004620 80000042400004604 6.85511726265 0.783653 -22.7746 -0.717504
9.44564 80000042400004605 80000042400004604 80000042400004620 80000042400004603 6.49159774567 -2.93688 -14.8682 0.890436
9.60705 80000042400004604 80000042400004601 80000042400004620 80000042400004600 5.84661374788 12.7432 -15.7469 -12.809
9.72752 80000042400004601 80000042400004600 80000042400004620 80000042400004599 5.52976580795 6.47708 -20.2779 -13.9122
9.79639 80000042400004600 80000042400004599 80000042400004620 80000042400004598 5.22758097313 8.17925 -19.8872 -2.70482
9.90075 80000042400004599 80000042400004598 80000042400004620 80000042400004597 4.99593346816 -18.5985 -23.6251 -8.53868
9.91568 80000042400004598 80000042400004597 80000042400004620 80000042400004596 4.93938066349 -21.1516 -29.4736 -11.1013
10.059 80000042400004597 80000042400004596 80000042400004620 80000042400004595 4.66451770247 -7.90328 10.56 -22.5636
10.0871 80000042400004596 80000042400004590 80000042400004620 80000042400004589 3.49086136926 -3.26833 -8.28472 5.06818
10.1448 80000042400004590 80000042400004589 80000042400004620 80000042400004588 3.28303305796 4.27541 12.0598 26.4353
10.1453 80000042400004589 80000042400004587 80000042400004620 80000042400004586 3.00813107163 4.52799 17.1623 31.1538
10.1636 80000042400004587 80000042400004585 80000042400004620 80000042400004584 2.73314261732 6.34052 3.74502 30.0076
10.1964 80000042400004585 80000042400004584 80000042400004620 80000042400004583 2.5772902716 -0.154104 6.11898 15.3272
10.2205 80000042400004584 80000042400004583 80000042400004620 80000042400004582 2.44422570455 -2.71193 -0.0589022 16.3507
10.2338 80000042400004583 80000042400004582 80000042400004620 80000042400004581 2.31611074396 -4.12033 -8.71025 14.4219
10.2579 80000042400004582 80000042400004581 80000042400004620 80000042400004580 2.20792547238 -3.04184 -15.4202 7.54402
10.2872 80000042400004581 80000042400004580 80000042400004620 80000042400004579 2.1032696526 -11.6685 -16.4696 15.9353
10.3121 80000042400004580 80000042400004579 80000042400004620 80000042400004578 2.00202813925 -7.98211 -7.20982 24.528
10.3253 80000042400004579 80000042400004578 80000042400004620 80000042400004577 1.90408954353 -19.5665 -14.5074 30.636
10.3341 80000042400004578 80000042400004577 80000042400004620 80000042400004576 1.82268925262 -15.5575 -14.037 40.4702
10.3434 80000042400004577 80000042400004574 80000042400004620 80000042400004573 1.60423452207 -18.2354 -14.0786 64.3691
10.3498 80000042400004574 80000042400004573 80000042400004620 80000042400004572 1.53123902916 -21.4136 -11.4699 69.9828
10.3524 80000042400004573 80000042400004571 80000042400004620 80000042400004570 1.41409822037 -17.6213 -3.99403 53.7188
10.3707 80000042400004571 80000042400004569 80000042400004620 80000042400004568 1.30237845991 -17.2807 8.34183 49.9317
10.3885 80000042400004569 80000042400004566 80000042400004620 80000042400004565 1.15460271236 -22.7087 13.5262 34.5696
10.4113 80000042400004566 80000042400004564 80000042400004620 80000042400004563 1.07445789455 -22.4026 15.3539 37.1338
10.4176 80000042400004564 80000042400004563 80000042400004620 80000042400004562 1.03551044566 -26.9531 13.1952 46.0444
9.03763 80000042400004641 80000042400004640 80000042400004651 80000042400004639 6.49159774567 4.48334 9.99352 2.33855
9.38547 80000042400004640 80000042400004639 80000042400004651 80000042400004638 6.14490120342 8.12173 -3.53424 -11.109
9.47176 80000042400004639 80000042400004638 80000042400004651 80000042400004637 6.01075739884 13.6881 -14.5192 -11.9394
9.0316 80000042400004679 80000042400004678 80000042400004694 80000042400004677 3.93726108473 -1.66713 -5.53832 0.627659
9.08309 80000042400004732 80000042400004731 80000042400004740 80000042400004730 4.99593346816 7.73786 -1.49519 2.64493
9.08578 80000042400004731 80000042400004730 80000042400004740 80000042400004729 4.93938066349 5.97291 -0.603604 3.71212
9.12178 80000042400004730 80000042400004728 80000042400004740 80000042400004727 4.42803373661 4.25906 -10.3995 5.73859
9.03763 80000042400004855 80000042400004854 80000042400004863 80000042400004853 8.01217294887 1.25597 3.8368 4.40461
9.06378 80000042400004854 80000042400004853 80000042400004863 80000042400004852 7.59510714987 0.713027 3.08171 4.70729
9.06939 80000042400004853 80000042400004852 80000042400004863 80000042400004851 7.23627606617 1.21378 1.33874 1.65465
9.11431 80000042400004852 80000042400004851 80000042400004863 80000042400004850 7.00541704554 1.93807 -0.933895 -0.486532
9.15273 80000042400004851 80000042400004850 80000042400004863 80000042400004849 6.85511726265 0.702846 -1.58791 -0.896538
9.35771 80000042400004850 80000042400004848 80000042400004863 80000042400004847 6.14490120342 -14.4594 11.2275 7.61795
9.41029 80000042400004848 80000042400004846 80000042400004863 80000042400004845 5.84661374788 -15.5837 18.2981 5.69145
9.54372 80000042400004846 80000042400004845 80000042400004863 80000042400004844 5.52976580795 -14.6693 17.8891 5.65188
9.54836 80000042400004845 80000042400004843 80000042400004863 80000042400004842 4.99593346816 -15.9116 14.6547 9.77298
9.60218 80000042400004843 80000042400004842 80000042400004863 80000042400004841 4.93938066349 -16.1106 15.46 4.72336
9.9892 80000042400004842 80000042400004838 80000042400004863 80000042400004837 4.00794511147 -12.9839 58.1284 27.0845
10.0063 80000042400004838 80000042400004837 80000042400004863 80000042400004836 3.93726108473 -17.7818 60.8055 28.9231
10.0474 80000042400004837 80000042400004836 80000042400004863 80000042400004835 3.70877426464 -11.7774 58.7225 27.4441
10.1141 80000042400004836 80000042400004835 80000042400004863 80000042400004834 3.49086136926 -15.9647 48.8617 21.6549
10.1286 80000042400004835 80000042400004834 80000042400004863 80000042400004833 3.28303305796 -14.7412 42.3901 20.3942
10.1337 80000042400004834 80000042400004828 80000042400004863 80000042400004827 2.44422570455 -7.88915 55.1413 9.02193
10.1587 80000042400004828 80000042400004827 80000042400004863 80000042400004826 2.31611074396 -19.6655 53.3421 14.3422
10.1954 80000042400004827 80000042400004826 80000042400004863 80000042400004825 2.20792547238 -26.1525 56.4373 20.5016
10.2022 80000042400004826 80000042400004825 80000042400004863 80000042400004824 2.1032696526 -29.7598 56.9194 23.1799
10.2257 80000042400004825 80000042400004824 80000042400004863 80000042400004823 2.00202813925 -31.3518 57.4126 24.3042
10.262 80000042400004824 80000042400004823 80000042400004863 80000042400004822 1.90408954353 -35.4144 59.2017 27.0854
10.2754 80000042400004823 80000042400004822 80000042400004863 80000042400004821 1.82268925262 -33.4272 67.8909 19.3703
10.2899 80000042400004822 80000042400004821 80000042400004863 80000042400004820 1.74357057433 -26.6868 63.869 21.4611
10.3158 80000042400004821 80000042400004820 80000042400004863 80000042400004819 1.66666955611 -21.4688 77.3906 16.9317
10.3242 80000042400004820 80000042400004819 80000042400004863 80000042400004818 1.60423452207 -16.236 77.0674 9.52043
10.3566 80000042400004819 80000042400004818 80000042400004863 80000042400004817 1.53123902916 -14.5592 87.9125 19.1548
9.04062 80000042400004876 80000042400004875 80000042400004883 80000042400004874 7.59510714987 -7.13911 6.17849 -5.28291
9.08038 80000042400004875 80000042400004874 80000042400004883 80000042400004873 7.23627606617 -7.48302 7.19569 -5.13211
9.09375 80000042400004874 80000042400004873 80000042400004883 80000042400004872 7.00541704554 -6.48637 5.41622 -5.64805
9.15273 80000042400004873 80000042400004871 80000042400004883 80000042400004870 6.49159774567 -7.7484 8.35331 -1.81778
9.13634 80000042400004900 80000042400004899 80000042400004908 80000042400004898 6.14490120342 11.2129 4.44777 0.920859
9.15273 80000042400004899 80000042400004898 80000042400004908 80000042400004897 6.01075739884 12.4126 1.56851 4.41765
9.15956 80000042400004898 80000042400004897 80000042400004908 80000042400004896 5.84661374788 10.4023 2.27891 6.45814
9.18589 80000042400004897 80000042400004896 80000042400004908 80000042400004895 5.52976580795 12.3427 0.679762 2.27567
9.35194 80000042400004896 80000042400004895 80000042400004908 80000042400004894 5.22758097313 9.38363 9.6762 3.51582
9.41534 80000042400004895 80000042400004894 80000042400004908 80000042400004893 4.99593346816 10.0972 18.3122 2.43084
9.44211 80000042400004894 80000042400004893 80000042400004908 80000042400004892 4.93938066349 7.97211 21.8426 2.84588
9.57087 80000042400004893 80000042400004892 80000042400004908 80000042400004891 4.66451770247 13.5327 30.5719 6.75152
9.64119 80000042400004892 80000042400004891 80000042400004908 80000042400004890 4.42803373661 13.3371 36.6946 0.398179
9.83673 80000042400004891 80000042400004890 80000042400004908 80000042400004889 4.17683491473 -4.59442 42.5541 23.5537
9.0098 80000042400004962 80000042400004961 80000042400004980 80000042400004960 3.70877426464 -13.3436 -6.26544 -1.34576
9.11431 80000042400005152 80000042400005151 80000042400005158 80000042400005150 5.52976580795 -6.78488 8.77824 -10.8549
9.19013 80000042400005151 80000042400005150 80000042400005158 80000042400005149 5.22758097313 -11.1255 4.21391 -13.2512
9.2811 80000042400005150 80000042400005149 80000042400005158 80000042400005148 4.99593346816 -10.4996 6.59474 -11.5129
9.28788 80000042400005149 80000042400005148 80000042400005158 80000042400005147 4.93938066349 -11.0584 6.4091 -11.3174
9.35194 80000042400005148 80000042400005147 80000042400005158 80000042400005146 4.66451770247 -9.4444 7.87582 -13.1238
9.3974 80000042400005147 80000042400005146 80000042400005158 80000042400005145 4.42803373661 -7.43477 11.4242 -14.7718
9.48265 80000042400005146 80000042400005145 80000042400005158 80000042400005144 4.17683491473 -7.20829 2.14119 -16.2434
9.57956 80000042400005145 80000042400005144 80000042400005158 80000042400005143 4.00794511147 -0.717902 11.6479 -5.43494
9.73118 80000042400005144 80000042400005143 80000042400005158 80000042400005142 3.93726108473 10.8652 3.27219 6.23993
9.81926 80000042400005143 80000042400005142 80000042400005158 80000042400005141 3.70877426464 11.5585 4.18482 -0.531275
9.90402 80000042400005142 80000042400005141 80000042400005158 80000042400005140 3.49086136926 16.3866 2.23339 -3.55298
9.94741 80000042400005141 80000042400005140 80000042400005158 80000042400005139 3.28303305796 10.8394 19.5941 -9.82577
10.197 80000042400005140 80000042400005139 80000042400005158 80000042400005138 3.08482263583 19.7726 -51.7065 36.0323
10.2361 80000042400005139 80000042400005138 80000042400005158 80000042400005137 3.00813107163 17.3469 -49.1559 33.4652
10.2374 80000042400005138 80000042400005137 80000042400005158 80000042400005136 2.89578500573 6.75067 -44.7776 42.4371
10.2823 80000042400005137 80000042400005136 80000042400005158 80000042400005135 2.73314261732 1.02044 -32.9783 31.5593
10.3076 80000042400005136 80000042400005135 80000042400005158 80000042400005134 2.5772902716 4.61305 -40.1887 31.2079
10.3413 80000042400005135 80000042400005134 80000042400005158 80000042400005133 2.44422570455 16.9196 -48.0601 25.2286
10.4071 80000042400005134 80000042400005133 80000042400005158 80000042400005132 2.31611074396 6.44991 -20.269 24.2467
10.4173 80000042400005133 80000042400005131 80000042400005158 80000042400005130 2.1032696526 5.03973 -40.2995 18.3824
10.4394 80000042400005131 80000042400005130 80000042400005158 80000042400005129 2.00202813925 8.40882 -23.3694 11.4753
10.454 80000042400005130 80000042400005122 80000042400005158 80000042400005121 1.41409822037 29.0337 -21.0782 -3.06079
10.4595 80000042400005122 80000042400005120 80000042400005158 80000042400005119 1.30237845991 25.7611 -31.128 19.7967
10.4748 80000042400005120 80000042400005119 80000042400005158 80000042400005118 1.24847261425 32.9793 -33.4893 32.305
10.4759 80000042400005119 80000042400005117 80000042400005158 80000042400005116 1.15460271236 30.3104 -39.4022 41.2997
10.4803 80000042400005117 80000042400005115 80000042400005158 80000042400005114 1.07445789455 18.5361 -38.9689 36.0344
10.4916 80000042400005115 80000042400005114 80000042400005158 80000042400005113 1.03551044566 23.5307 -39.2354 34.6685
10.5023 80000042400005114 80000042400005113 80000042400005158 80000042400005112 0.997294225782 24.3643 -22.9129 32.3182
9.06939 80000042400005195 80000042400005194 80000042400005205 80000042400005193 4.99593346816 -4.13158 4.85294 -3.3029
9.06939 80000042400005194 80000042400005193 80000042400005205 80000042400005192 4.93938066349 -4.55547 5.85515 -2.94515
9.18376 80000042400005193 80000042400005192 80000042400005205 80000042400005191 4.66451770247 -3.816 0.458342 -9.46685
9.19013 80000042400005192 80000042400005191 80000042400005205 80000042400005190 4.42803373661 -5.9756 0.298036 -11.9054
9.19848 80000042400005191 80000042400005190 80000042400005205 80000042400005189 4.17683491473 -5.86077 3.56207 -11.5664
9.00012 80000042400005262 80000042400005261 80000042400005265 80000042400005260 6.14490120342 -9.00367 -1.48335 7.08268
9.02548 80000042400005261 80000042400005259 80000042400005265 80000042400005258 5.84661374788 -5.94165 -1.98417 7.055
9.04062 80000042400005259 80000042400005258 80000042400005265 80000042400005257 5.52976580795 -4.89054 1.9364 4.54799
9.09111 80000042400005258 80000042400005257 80000042400005265 80000042400005256 5.22758097313 -5.16707 2.80131 0.878399
9.10926 80000042400005257 80000042400005256 80000042400005265 80000042400005255 4.99593346816 -4.99785 7.74443 -3.0089
9.14108 80000042400005256 80000042400005255 80000042400005265 80000042400005254 4.93938066349 -8.38206 9.72633 -1.24274
9.22066 80000042400005255 80000042400005253 80000042400005265 80000042400005252 4.42803373661 -4.81085 9.39789 -0.151361
9.40646 80000042400005253 80000042400005252 80000042400005265 80000042400005251 4.17683491473 11.2233 12.1624 -10.6864
9.49431 80000042400005252 80000042400005250 80000042400005265 80000042400005249 3.93726108473 4.19989 24.7098 -14.5923
9.53428 80000042400005250 80000042400005249 80000042400005265 80000042400005248 3.70877426464 3.80422 33.1863 -27.586
9.59227 80000042400005249 80000042400005248 80000042400005265 80000042400005247 3.49086136926 3.3987 32.0202 -23.3923
9.04358 80000042400005308 80000042400005307 80000042400005322 80000042400005306 4.42803373661 -3.0051 -3.19396 -1.49837
9.06378 80000042400005307 80000042400005306 80000042400005322 80000042400005305 4.17683491473 -1.18038 -3.44239 -1.20704
9.06939 80000042400005306 80000042400005305 80000042400005322 80000042400005304 4.00794511147 -2.63256 -3.71605 -5.03527
9.11431 80000042400005305 80000042400005304 80000042400005322 80000042400005303 3.93726108473 -2.97785 -2.76899 -3.94481
