logMh | fpID | subhaloID | main leaf ID | descID |  z
9.07766 90000288100000098 90000288100000097 90000288100000105 90000288100000096 8.01217294887 0.56047 -3.5064 -11.6477
9.16407 90000288100000097 90000288100000096 90000288100000105 90000288100000095 7.59510714987 -0.638821 -1.71878 -14.7529
9.58298 90000288100000096 90000288100000095 90000288100000105 90000288100000094 7.23627606617 -4.5969 -13.1478 -18.7267
9.69974 90000288100000095 90000288100000094 90000288100000105 90000288100000093 7.00541704554 -11.258 -10.2136 -23.9366
9.74491 90000288100000094 90000288100000093 90000288100000105 90000288100000092 6.85511726265 -15.7526 2.54004 -27.8472
9.89288 90000288100000093 90000288100000091 90000288100000105 90000288100000090 6.14490120342 -18.6215 5.52487 -29.1486
9.93658 90000288100000091 90000288100000090 90000288100000105 90000288100000089 6.01075739884 -19.1224 8.71033 -28.189
10.0346 90000288100000090 90000288100000089 90000288100000105 90000288100000088 5.84661374788 -20.4559 12.2789 -27.0142
10.1057 90000288100000089 90000288100000088 90000288100000105 90000288100000087 5.52976580795 -18.4084 8.58635 -26.0088
10.1784 90000288100000088 90000288100000087 90000288100000105 90000288100000086 5.22758097313 -17.6236 29.444 -26.5309
10.2085 90000288100000087 90000288100000086 90000288100000105 90000288100000085 4.99593346816 -18.7807 33.0643 -26.245
10.2145 90000288100000086 90000288100000085 90000288100000105 90000288100000084 4.93938066349 -22.0614 25.2136 -27.5814
10.259 90000288100000085 90000288100000084 90000288100000105 90000288100000083 4.66451770247 -18.383 6.3753 -21.6841
10.3102 90000288100000084 90000288100000083 90000288100000105 90000288100000082 4.42803373661 -12.5174 17.0227 -24.774
10.4018 90000288100000083 90000288100000082 90000288100000105 90000288100000081 4.17683491473 -17.8842 10.3036 -21.9232
10.4347 90000288100000082 90000288100000081 90000288100000105 90000288100000080 4.00794511147 -27.7101 11.5744 -26.6814
10.4489 90000288100000081 90000288100000080 90000288100000105 90000288100000079 3.93726108473 -21.6284 6.08092 -19.5856
10.5127 90000288100000080 90000288100000079 90000288100000105 90000288100000078 3.70877426464 -56.2995 29.0919 -26.9488
10.5595 90000288100000079 90000288100000078 90000288100000105 90000288100000077 3.49086136926 -59.2527 33.7316 -18.8123
10.5611 90000288100000078 90000288100000077 90000288100000105 90000288100000076 3.28303305796 -39.3078 29.8079 -14.4668
10.5651 90000288100000077 90000288100000076 90000288100000105 90000288100000075 3.08482263583 -40.5213 25.5626 -24.1515
10.5811 90000288100000076 90000288100000075 90000288100000105 90000288100000074 3.00813107163 -46.0069 10.9894 -36.446
10.5933 90000288100000075 90000288100000074 90000288100000105 90000288100000073 2.89578500573 -19.4371 3.97189 -60.9024
10.6332 90000288100000074 90000288100000073 90000288100000105 90000288100000072 2.73314261732 20.4443 -2.12292 -59.0933
10.6754 90000288100000073 90000288100000072 90000288100000105 90000288100000071 2.5772902716 42.5938 -14.097 -72.8256
10.7199 90000288100000072 90000288100000071 90000288100000105 90000288100000070 2.44422570455 48.4169 -22.0987 -87.7483
10.7415 90000288100000071 90000288100000070 90000288100000105 90000288100000069 2.31611074396 34.8624 -11.023 -88.8801
10.7699 90000288100000070 90000288100000069 90000288100000105 90000288100000068 2.20792547238 36.7275 0.737979 -86.3107
10.8012 90000288100000069 90000288100000068 90000288100000105 90000288100000067 2.1032696526 34.7645 -6.59152 -89.3303
10.8184 90000288100000068 90000288100000067 90000288100000105 90000288100000066 2.00202813925 33.552 -12.1589 -94.427
10.8383 90000288100000067 90000288100000060 90000288100000105 90000288100000059 1.47197484527 12.2347 0.591627 -71.4735
10.8386 90000288100000060 90000288100000059 90000288100000105 90000288100000058 1.41409822037 7.20469 9.684 -53.4498
10.8975 90000288100000059 90000288100000058 90000288100000105 90000288100000057 1.3575766674 41.1171 40.469 -33.829
10.9381 90000288100000058 90000288100000057 90000288100000105 90000288100000056 1.30237845991 22.9293 55.1943 -47.8519
10.9852 90000288100000057 90000288100000056 90000288100000105 90000288100000055 1.24847261425 20.8597 76.7301 -51.5917
11.0328 90000288100000056 90000288100000055 90000288100000105 90000288100000054 1.20625808078 37.2756 108.146 -56.8462
11.0633 90000288100000055 90000288100000054 90000288100000105 90000288100000053 1.15460271236 47.3204 107.937 -60.7786
11.0658 90000288100000054 90000288100000053 90000288100000105 90000288100000052 1.11415056377 36.601 104.344 -62.9732
11.0801 90000288100000053 90000288100000052 90000288100000105 90000288100000051 1.07445789455 27.6857 105.615 -56.7905
11.0997 90000288100000052 90000288100000051 90000288100000105 90000288100000050 1.03551044566 49.4917 124.373 -76.6869
11.1142 90000288100000051 90000288100000050 90000288100000105 90000288100000049 0.997294225782 81.1965 150.716 -88.5645
11.1195 90000288100000050 90000288100000048 90000288100000105 90000288100000047 0.950531351585 95.8387 160.752 -108.172
11.1242 90000288100000048 90000288100000047 90000288100000105 90000288100000046 0.923000816178 116.21 181.212 -126.019
11.1245 90000288100000047 90000288100000038 90000288100000105 90000288100000037 0.644641840685 40.6109 190.782 -128.971
11.1315 90000288100000038 90000288100000037 90000288100000105 90000288100000036 0.621428745243 53.2682 187.998 -127.006
11.1316 90000288100000037 90000288100000036 90000288100000105 90000288100000035 0.598543288188 60.5216 179.899 -134.853
11.1377 90000288100000036 90000288100000035 90000288100000105 90000288100000034 0.575980845108 63.3509 181.921 -128.774
11.1396 90000288100000035 90000288100000029 90000288100000105 90000288100000028 0.440297849248 14.5557 109.585 -123.511
11.1417 90000288100000029 90000288100000028 90000288100000105 90000288100000027 0.419968941997 9.49242 101.674 -130.716
11.1463 90000288100000028 90000288100000027 90000288100000105 90000288100000026 0.399926964614 7.41902 86.7759 -148.513
11.1468 90000288100000027 90000288100000026 90000288100000105 90000288100000025 0.38016786726 -6.73854 105.006 -113.623
11.1525 90000288100000026 90000288100000025 90000288100000105 90000288100000024 0.360687657262 10.289 78.2985 -152.972
11.1575 90000288100000025 90000288100000024 90000288100000105 90000288100000023 0.347853841858 1.92095 103.703 -134.171
11.1578 90000288100000024 90000288100000023 90000288100000105 90000288100000022 0.328829724206 10.6384 89.445 -148.357
11.1629 90000288100000023 90000288100000022 90000288100000105 90000288100000021 0.310074120128 13.3522 83.1667 -149.069
11.174 90000288100000022 90000288100000021 90000288100000105 90000288100000020 0.291583239722 25.3408 104.753 -144.265
11.1844 90000288100000021 90000288100000020 90000288100000105 90000288100000019 0.273353346578 24.8203 89.3669 -168.73
11.1932 90000288100000020 90000288100000017 90000288100000105 90000288100000016 0.22598838626 -11.6629 95.0452 -197.526
11.1967 90000288100000017 90000288100000016 90000288100000105 90000288100000015 0.214425035514 -24.303 90.9963 -196.255
11.2039 90000288100000016 90000288100000014 90000288100000105 90000288100000013 0.180385261706 -6.35999 99.1946 -205.568
11.2104 90000288100000014 90000288100000012 90000288100000105 90000288100000011 0.152748768902 -23.9202 109.774 -197.191
11.2151 90000288100000012 90000288100000011 90000288100000105 90000288100000010 0.14187620397 -32.048 98.8944 -211.537
11.2173 90000288100000011 90000288100000010 90000288100000105 90000288100000009 0.125759332411 -16.5475 120.222 -190.141
11.2212 90000288100000010 90000288100000009 90000288100000105 90000288100000008 0.109869940459 -81.9833 71.0888 -222.278
11.2258 90000288100000009 90000288100000008 90000288100000105 90000288100000007 0.0994018026302 -65.078 77.2233 -222.065
11.227 90000288100000008 90000288100000007 90000288100000105 90000288100000006 0.0838844307975 -49.8084 95.5735 -229.058
11.2326 90000288100000007 90000288100000006 90000288100000105 90000288100000005 0.0736613846564 -66.0268 85.2597 -225.978
11.2355 90000288100000006 90000288100000005 90000288100000105 90000288100000004 0.0585073227945 -76.0818 89.1734 -230.829
11.2487 90000288100000005 90000288100000004 90000288100000105 90000288100000003 0.0485236299818 -62.9609 89.5251 -254.901
11.2502 90000288100000004 90000288100000003 90000288100000105 90000288100000002 0.0337243718735 -87.0708 72.0657 -258.425
11.252 90000288100000003 90000288100000002 90000288100000105 90000288100000001 0.0239744283828 -81.8565 76.2452 -247.752
11.2529 90000288100000002 90000288100000001 90000288100000105 90000288100000000 0.00952166696794 -78.9408 79.1329 -248.554
11.2583 90000288100000001 90000288100000000 90000288100000105 -1 2.22044604925e-16 -63.8073 90.444 -254.091
9.01614 90000288100000121 90000288100000120 90000288100000125 90000288100000119 9.00233985416 5.21501 4.66608 3.91857
9.04945 90000288100000120 90000288100000119 90000288100000125 90000288100000118 8.9079991856 6.25875 4.48712 3.0653
9.17946 90000288100000119 90000288100000117 90000288100000125 90000288100000116 8.01217294887 5.82097 2.61784 1.37674
9.00337 90000288100000141 90000288100000140 90000288100000145 90000288100000139 9.00233985416 1.1487 -1.90696 1.76325
9.12912 90000288100000140 90000288100000139 90000288100000145 90000288100000138 8.9079991856 1.69317 3.7967 -8.32298
9.26365 90000288100000139 90000288100000138 90000288100000145 90000288100000137 8.44947629437 1.81281 4.01097 -8.82709
9.44093 90000288100000138 90000288100000137 90000288100000145 90000288100000136 8.01217294887 1.17119 5.63492 -3.71826
9.49221 90000288100000137 90000288100000136 90000288100000145 90000288100000135 7.59510714987 0.259918 7.09833 -4.87088
9.53236 90000288100000136 90000288100000135 90000288100000145 90000288100000134 7.23627606617 -2.43656 6.92315 -3.21809
9.08038 90000288100000188 90000288100000187 90000288100000191 90000288100000186 6.01075739884 -3.61906 -6.21032 -8.9263
9.12668 90000288100000187 90000288100000186 90000288100000191 90000288100000185 5.84661374788 -4.38142 -6.13699 -8.27339
9.2087 90000288100000186 90000288100000185 90000288100000191 90000288100000184 5.52976580795 -4.9447 -5.06957 -9.12028
9.21072 90000288100000185 90000288100000184 90000288100000191 90000288100000183 5.22758097313 1.95818 -8.23518 -11.8936
9.06939 90000288100000201 90000288100000200 90000288100000207 90000288100000199 6.01075739884 -6.25597 -2.54316 -0.634407
9.13394 90000288100000200 90000288100000199 90000288100000207 90000288100000198 5.84661374788 -9.692 -3.44686 2.87522
9.16852 90000288100000199 90000288100000198 90000288100000207 90000288100000197 5.52976580795 -10.9333 -8.20387 -2.97008
9.22066 90000288100000198 90000288100000197 90000288100000207 90000288100000196 5.22758097313 -12.1068 -8.18101 -0.435843
9.25648 90000288100000197 90000288100000196 90000288100000207 90000288100000195 4.99593346816 -10.3745 -8.39261 2.05985
9.26543 90000288100000196 90000288100000195 90000288100000207 90000288100000194 4.93938066349 -11.4257 -8.39268 4.15299
9.31874 90000288100000195 90000288100000194 90000288100000207 90000288100000193 4.66451770247 -10.8356 -5.62484 -1.25614
9.31874 90000288100000194 90000288100000193 90000288100000207 90000288100000192 4.42803373661 -14.3521 -7.53527 0.0609906
9.00012 90000288100000328 90000288100000327 90000288100000333 90000288100000326 4.66451770247 5.50354 2.52009 5.40098
9.05235 90000288100000327 90000288100000326 90000288100000333 90000288100000325 4.42803373661 8.46286 4.95684 6.19752
9.09375 90000288100000326 90000288100000325 90000288100000333 90000288100000324 4.17683491473 6.88986 3.65492 8.3396
9.10157 90000288100000325 90000288100000324 90000288100000333 90000288100000323 4.00794511147 6.8147 6.97114 6.95859
9.10926 90000288100000324 90000288100000323 90000288100000333 90000288100000322 3.93726108473 7.76412 4.81266 6.54257
9.16852 90000288100000323 90000288100000322 90000288100000333 90000288100000321 3.70877426464 6.04646 0.0362898 3.88099
9.02548 90000288100000370 90000288100000369 90000288100000378 90000288100000368 7.59510714987 -3.7898 1.69338 -1.45611
9.0316 90000288100000369 90000288100000368 90000288100000378 90000288100000367 7.23627606617 -2.30268 1.28596 -1.36037
9.17512 90000288100000368 90000288100000367 90000288100000378 90000288100000366 7.00541704554 0.0696806 5.29375 2.40406
9.19641 90000288100000367 90000288100000366 90000288100000378 90000288100000365 6.85511726265 1.23161 1.60616 -0.344769
9.21272 90000288100000366 90000288100000365 90000288100000378 90000288100000364 6.49159774567 0.035959 8.47458 2.72191
9.25648 90000288100000365 90000288100000364 90000288100000378 90000288100000363 6.14490120342 -0.572983 7.51995 3.0559
9.26896 90000288100000364 90000288100000363 90000288100000378 90000288100000362 6.01075739884 0.150986 2.19677 0.407197
9.2811 90000288100000363 90000288100000361 90000288100000378 90000288100000360 5.52976580795 1.05237 5.73576 -1.59539
9.32031 90000288100000361 90000288100000360 90000288100000378 90000288100000359 5.22758097313 0.151604 0.571726 0.484473
9.38005 90000288100000360 90000288100000359 90000288100000378 90000288100000358 4.99593346816 -1.36804 5.2898 -2.78076
9.39871 90000288100000359 90000288100000358 90000288100000378 90000288100000357 4.93938066349 -3.51273 1.4035 -0.853588
9.42157 90000288100000358 90000288100000356 90000288100000378 90000288100000355 4.42803373661 -2.21593 5.91924 -9.75324
9.50055 90000288100000356 90000288100000351 90000288100000378 90000288100000350 3.49086136926 -0.812737 -9.13051 -7.95283
9.50465 90000288100000351 90000288100000350 90000288100000378 90000288100000349 3.28303305796 -1.60393 -2.96115 -6.31194
9.51074 90000288100000350 90000288100000349 90000288100000378 90000288100000348 3.08482263583 1.20565 -4.32499 -3.16019
9.51375 90000288100000349 90000288100000348 90000288100000378 90000288100000347 3.00813107163 2.70968 -2.14272 -0.607587
9.53713 90000288100000348 90000288100000347 90000288100000378 90000288100000346 2.89578500573 6.95997 -4.21513 -1.88461
9.0066 90000288100000515 90000288100000514 90000288100000537 90000288100000513 2.44422570455 5.15132 -5.61182 -7.71762
9.02855 90000288100000590 90000288100000589 90000288100000595 90000288100000588 7.23627606617 -1.28945 -0.80487 -0.0786979
9.04062 90000288100000589 90000288100000588 90000288100000595 90000288100000587 7.00541704554 -4.44757 -0.0854916 -0.582608
9.05235 90000288100000588 90000288100000587 90000288100000595 90000288100000586 6.85511726265 -1.65548 0.972162 -0.249049
9.09637 90000288100000587 90000288100000586 90000288100000595 90000288100000585 6.49159774567 -1.75219 -1.1346 1.89033
9.17512 90000288100000586 90000288100000585 90000288100000595 90000288100000584 6.14490120342 -0.130391 0.0370959 1.68151
9.21671 90000288100000585 90000288100000584 90000288100000595 90000288100000583 6.01075739884 0.32118 -1.33193 2.93744
9.22066 90000288100000584 90000288100000583 90000288100000595 90000288100000582 5.84661374788 0.24019 -1.72649 4.22874
9.25284 90000288100000583 90000288100000581 90000288100000595 90000288100000580 5.22758097313 1.28107 3.14434 4.20649
9.26896 90000288100000581 90000288100000580 90000288100000595 90000288100000579 4.99593346816 3.55364 3.07958 3.36621
9.2862 90000288100000580 90000288100000578 90000288100000595 90000288100000577 4.66451770247 1.47609 4.79638 4.58998
9.42281 90000288100000578 90000288100000577 90000288100000595 90000288100000576 4.42803373661 10.0467 1.38021 -14.8198
9.43377 90000288100000577 90000288100000576 90000288100000595 90000288100000575 4.17683491473 -0.47665 7.68496 -6.84591
9.51275 90000288100000576 90000288100000575 90000288100000595 90000288100000574 4.00794511147 -0.439756 8.29323 -11.1158
9.55751 90000288100000575 90000288100000573 90000288100000595 90000288100000572 3.70877426464 -2.29992 9.65043 -9.46216
9.64268 90000288100000573 90000288100000572 90000288100000595 90000288100000571 3.49086136926 -17.2976 2.26441 -11.5862
9.76163 90000288100000572 90000288100000571 90000288100000595 90000288100000570 3.28303305796 -19.3095 8.5757 13.6689
9.94408 90000288100000571 90000288100000570 90000288100000595 90000288100000569 3.08482263583 -24.6031 38.6885 36.752
10.0343 90000288100000570 90000288100000569 90000288100000595 90000288100000568 3.00813107163 -30.8632 36.8414 62.7913
10.0529 90000288100000569 90000288100000568 90000288100000595 90000288100000567 2.89578500573 -25.4077 32.9849 54.772
10.0979 90000288100000568 90000288100000567 90000288100000595 90000288100000566 2.73314261732 -30.332 26.5266 72.6208
10.133 90000288100000567 90000288100000566 90000288100000595 90000288100000565 2.5772902716 -31.1061 23.2186 82.1459
10.1465 90000288100000566 90000288100000565 90000288100000595 90000288100000564 2.44422570455 -33.5395 36.5842 84.2166
10.1525 90000288100000565 90000288100000563 90000288100000595 90000288100000562 2.20792547238 -32.5417 51.5958 77.3992
10.1914 90000288100000563 90000288100000562 90000288100000595 90000288100000561 2.1032696526 -14.3641 38.2649 59.7645
10.2199 90000288100000562 90000288100000561 90000288100000595 90000288100000560 2.00202813925 -43.0071 15.5404 41.2406
10.2882 90000288100000561 90000288100000560 90000288100000595 90000288100000559 1.90408954353 -55.5225 8.39945 15.6362
10.3203 90000288100000560 90000288100000559 90000288100000595 90000288100000558 1.82268925262 -62.583 7.94724 18.5186
10.3373 90000288100000559 90000288100000558 90000288100000595 90000288100000557 1.74357057433 -78.9907 14.1457 15.9537
10.3661 90000288100000558 90000288100000557 90000288100000595 90000288100000556 1.66666955611 -93.1691 11.9163 27.5692
10.3893 90000288100000557 90000288100000556 90000288100000595 90000288100000555 1.60423452207 -87.0409 9.28133 21.4515
10.4066 90000288100000556 90000288100000554 90000288100000595 90000288100000553 1.47197484527 -74.3433 10.6135 33.8054
10.4097 90000288100000554 90000288100000553 90000288100000595 90000288100000552 1.41409822037 -71.0586 2.06882 26.7917
9.17512 90000288100000611 90000288100000610 90000288100000621 90000288100000609 4.42803373661 15.2496 -8.06133 2.32761
9.32031 90000288100000610 90000288100000609 90000288100000621 90000288100000608 4.17683491473 21.2522 -8.66376 10.3911
9.36481 90000288100000609 90000288100000608 90000288100000621 90000288100000607 4.00794511147 20.5371 -11.6318 13.2825
9.43015 90000288100000630 90000288100000629 90000288100000630 90000288100000606 3.70877426464 20.5643 -13.6479 -1.61659
9.00012 90000288100000641 90000288100000640 90000288100000657 90000288100000639 4.42803373661 -6.44155 -3.77427 6.18045
9.59227 90000288100000640 90000288100000635 90000288100000657 90000288100000634 3.49086136926 28.4149 -5.85128 -3.65399
9.03463 90000288100000713 90000288100000712 90000288100000726 90000288100000711 4.66451770247 4.69985 -9.54154 9.81975
9.04358 90000288100000712 90000288100000711 90000288100000726 90000288100000710 4.42803373661 4.07227 6.17658 2.03045
9.24733 90000288100000711 90000288100000710 90000288100000726 90000288100000709 4.17683491473 2.48029 -16.4455 6.90598
9.28956 90000288100000710 90000288100000709 90000288100000726 90000288100000708 4.00794511147 -4.56887 -12.6067 6.116
9.3044 90000288100000709 90000288100000707 90000288100000726 90000288100000706 3.70877426464 -9.06435 -11.3734 5.81943
9.32497 90000288100000707 90000288100000706 90000288100000726 90000288100000705 3.49086136926 2.92057 -13.1699 6.02571
9.36902 90000288100000706 90000288100000705 90000288100000726 90000288100000704 3.28303305796 0.170548 -8.51696 6.99277
9.40646 90000288100000705 90000288100000704 90000288100000726 90000288100000703 3.08482263583 -2.55382 -6.06933 6.33988
9.42527 90000288100000704 90000288100000703 90000288100000726 90000288100000702 3.00813107163 -3.04423 -10.9036 3.90387
9.42893 90000288100000703 90000288100000702 90000288100000726 90000288100000701 2.89578500573 -1.46065 -11.4656 4.13326
9.47724 90000288100000702 90000288100000701 90000288100000726 90000288100000700 2.73314261732 -2.40681 -15.3918 8.87081
9.47724 90000288100000701 90000288100000700 90000288100000726 90000288100000699 2.5772902716 -1.57845 -10.6108 3.73844
9.5256 90000288100000700 90000288100000699 90000288100000726 90000288100000698 2.44422570455 -2.47078 -12.8563 5.20914
9.54651 90000288100000699 90000288100000698 90000288100000726 90000288100000697 2.31611074396 -2.94132 -8.8333 2.62748
9.0666 90000288100000778 90000288100000777 90000288100000781 90000288100000776 5.22758097313 -2.75541 3.60127 7.06281
9.11681 90000288100000777 90000288100000776 90000288100000781 90000288100000775 4.99593346816 -0.994512 1.47494 6.93056
9.13154 90000288100000776 90000288100000775 90000288100000781 90000288100000774 4.93938066349 -2.45438 3.75681 6.14057
9.16852 90000288100000775 90000288100000774 90000288100000781 90000288100000773 4.66451770247 -0.405584 3.40426 4.62001
9.26008 90000288100000774 90000288100000773 90000288100000781 90000288100000772 4.42803373661 3.211 6.27134 6.72254
9.2742 90000288100000773 90000288100000772 90000288100000781 90000288100000771 4.17683491473 3.43196 5.69756 6.52937
9.30278 90000288100000772 90000288100000771 90000288100000781 90000288100000770 4.00794511147 1.2394 6.21186 7.42611
9.34756 90000288100000771 90000288100000770 90000288100000781 90000288100000769 3.93726108473 1.81752 8.72892 10.2169
9.36622 90000288100000770 90000288100000769 90000288100000781 90000288100000768 3.70877426464 0.337151 6.82932 10.055
9.40131 90000288100000769 90000288100000768 90000288100000781 90000288100000767 3.49086136926 -5.50006 1.66841 12.9594
9.47176 90000288100000768 90000288100000767 90000288100000781 90000288100000766 3.28303305796 -0.616348 5.61563 17.8166
9.54928 90000288100000767 90000288100000766 90000288100000781 90000288100000765 3.08482263583 -2.64724 2.70753 20.8882
9.57087 90000288100000766 90000288100000765 90000288100000781 90000288100000764 3.00813107163 -10.3211 -1.5668 23.796
9.07216 90000288100000840 90000288100000839 90000288100000861 90000288100000838 3.49086136926 -4.86008 4.33582 -4.77189
9.12668 90000288100000839 90000288100000837 90000288100000861 90000288100000836 3.08482263583 -5.37054 3.38197 -11.3217
9.17073 90000288100000837 90000288100000836 90000288100000861 90000288100000835 3.00813107163 -5.62283 3.07274 -10.8048
9.30115 90000288100000836 90000288100000835 90000288100000861 90000288100000834 2.89578500573 -13.3847 0.914059 -4.90309
9.31874 90000288100000835 90000288100000834 90000288100000861 90000288100000833 2.73314261732 -14.7237 4.47714 -4.03229
9.3634 90000288100000834 90000288100000833 90000288100000861 90000288100000832 2.5772902716 -15.9881 -1.29167 -7.48274
9.37181 90000288100000833 90000288100000832 90000288100000861 90000288100000831 2.44422570455 -15.705 -1.35741 -8.57755
9.37319 90000288100000832 90000288100000831 90000288100000861 90000288100000830 2.31611074396 -13.9873 -1.0683 -7.61063
9.38005 90000288100000831 90000288100000828 90000288100000861 90000288100000827 2.00202813925 -14.0008 -1.55987 -9.70459
9.39081 90000288100000828 90000288100000827 90000288100000861 90000288100000826 1.90408954353 -14.4463 4.11116 -7.52193
9.39214 90000288100000827 90000288100000824 90000288100000861 90000288100000823 1.66666955611 -9.12966 2.64206 -1.28386
9.04945 90000288100000914 90000288100000913 90000288100000925 90000288100000912 1.90408954353 -25.5594 -2.49521 -7.62922
9.05524 90000288100000913 90000288100000912 90000288100000925 90000288100000911 1.82268925262 -26.2268 -3.93934 -5.71108
9.09637 90000288100000912 90000288100000911 90000288100000925 90000288100000910 1.74357057433 -24.1032 -2.60516 -6.41811
9.10415 90000288100000911 90000288100000908 90000288100000925 90000288100000907 1.53123902916 -22.723 -5.22932 -2.31675
9.12178 90000288100000908 90000288100000907 90000288100000925 90000288100000906 1.47197484527 -18.6698 -8.00406 -0.164116
9.0316 90000288100001150 90000288100001149 90000288100001159 90000288100001148 7.23627606617 -2.70126 1.10223 -1.73664
9.04945 90000288100001149 90000288100001148 90000288100001159 90000288100001147 7.00541704554 -2.96444 0.667173 0.612423
9.08309 90000288100001148 90000288100001147 90000288100001159 90000288100001146 6.85511726265 -0.872302 0.245953 -0.42235
9.13394 90000288100001147 90000288100001146 90000288100001159 90000288100001145 6.49159774567 -6.6915 0.19965 0.881462
9.19433 90000288100001146 90000288100001145 90000288100001159 90000288100001144 6.14490120342 -1.37959 1.88585 -3.86927
9.23988 90000288100001145 90000288100001144 90000288100001159 90000288100001143 6.01075739884 0.57805 1.95109 -7.67478
9.24548 90000288100001144 90000288100001142 90000288100001159 90000288100001141 5.52976580795 1.49576 0.682216 -8.53601
9.3044 90000288100001142 90000288100001141 90000288100001159 90000288100001140 5.22758097313 2.34054 2.99696 -9.59398
9.41029 90000288100001141 90000288100001140 90000288100001159 90000288100001139 4.99593346816 7.60795 -0.812289 -10.3225
9.44329 90000288100001140 90000288100001139 90000288100001159 90000288100001138 4.93938066349 12.3421 -3.32161 -13.5591
9.48157 90000288100001139 90000288100001138 90000288100001159 90000288100001137 4.66451770247 9.42541 3.1128 -18.0089
9.5931 90000288100001138 90000288100001137 90000288100001159 90000288100001136 4.42803373661 13.1819 5.29598 -22.3132
9.60946 90000288100001137 90000288100001136 90000288100001159 90000288100001135 4.17683491473 15.8086 0.838651 -17.8056
9.69778 90000288100001136 90000288100001135 90000288100001159 90000288100001134 4.00794511147 20.7809 2.00913 -24.6288
9.71825 90000288100001135 90000288100001134 90000288100001159 90000288100001133 3.93726108473 21.4528 0.451627 -25.5286
9.7195 90000288100001134 90000288100001132 90000288100001159 90000288100001131 3.49086136926 23.5898 -0.165921 -20.338
9.74255 90000288100001132 90000288100001131 90000288100001159 90000288100001130 3.28303305796 18.3766 -1.78639 -21.8077
9.76332 90000288100001131 90000288100001129 90000288100001159 90000288100001128 3.00813107163 17.2776 -2.15985 -19.6637
9.77389 90000288100001129 90000288100001128 90000288100001159 90000288100001127 2.89578500573 14.9436 -5.72007 -18.3402
9.81328 90000288100001128 90000288100001127 90000288100001159 90000288100001126 2.73314261732 22.3524 -11.8359 -8.71919
9.81628 90000288100001127 90000288100001124 90000288100001159 90000288100001123 2.31611074396 15.2116 -13.3689 -8.19059
9.83958 90000288100001124 90000288100001123 90000288100001159 90000288100001122 2.20792547238 14.8913 -7.02225 -10.5804
9.85032 90000288100001123 90000288100001122 90000288100001159 90000288100001121 2.1032696526 15.4423 -8.59958 -11.2229
9.85627 90000288100001122 90000288100001120 90000288100001159 90000288100001119 1.90408954353 8.62338 -5.63024 -10.7301
9.86438 90000288100001120 90000288100001118 90000288100001159 90000288100001117 1.74357057433 22.6036 -5.31878 -7.37229
9.87058 90000288100001118 90000288100001117 90000288100001159 90000288100001116 1.66666955611 27.4377 -10.0657 -5.06615
9.89952 90000288100001117 90000288100001116 90000288100001159 90000288100001115 1.60423452207 35.011 -10.056 -7.20584
9.90848 90000288100001116 90000288100001115 90000288100001159 90000288100001114 1.53123902916 29.9984 -10.7466 -8.27399
9.92315 90000288100001115 90000288100001114 90000288100001159 90000288100001113 1.47197484527 33.2395 -11.5579 -4.53957
9.92742 90000288100001114 90000288100001107 90000288100001159 90000288100001106 1.11415056377 22.2008 -17.0501 -13.2864
