logMh | fpID | subhaloID | main leaf ID | descID |  z
9.37457 80000200500000087 80000200500000086 80000200500000094 80000200500000085 4.99593346816 3.73061 -6.2712 6.49049
9.47396 80000200500000086 80000200500000084 80000200500000094 80000200500000083 4.66451770247 7.06564 -6.16888 1.53674
10.107 80000200500000084 80000200500000082 80000200500000094 80000200500000081 4.17683491473 -8.76821 -79.3699 -43.4146
10.2008 80000200500000082 80000200500000081 80000200500000094 80000200500000080 4.00794511147 -24.4043 -64.794 -50.167
10.2867 80000200500000081 80000200500000080 80000200500000094 80000200500000079 3.93726108473 -32.1693 -40.9832 -66.2037
10.4376 80000200500000080 80000200500000079 80000200500000094 80000200500000078 3.70877426464 -18.4796 -46.1977 -71.5658
10.4935 80000200500000079 80000200500000078 80000200500000094 80000200500000077 3.49086136926 -30.9991 -16.0727 -60.2457
10.5416 80000200500000078 80000200500000077 80000200500000094 80000200500000076 3.28303305796 -37.586 -12.2027 -52.0083
10.5746 80000200500000077 80000200500000076 80000200500000094 80000200500000075 3.08482263583 -47.6735 -20.9918 -39.3722
10.5802 80000200500000076 80000200500000075 80000200500000094 80000200500000074 3.00813107163 -49.476 -18.8021 -39.5282
10.5944 80000200500000075 80000200500000074 80000200500000094 80000200500000073 2.89578500573 -46.0791 -20.4692 -35.0014
10.622 80000200500000074 80000200500000071 80000200500000094 80000200500000070 2.44422570455 -38.319 -13.0716 -43.8037
10.624 80000200500000071 80000200500000070 80000200500000094 80000200500000069 2.31611074396 -34.7482 -18.4376 -49.7078
10.6255 80000200500000070 80000200500000069 80000200500000094 80000200500000068 2.20792547238 -46.9874 7.95994 -58.0334
10.6294 80000200500000069 80000200500000067 80000200500000094 80000200500000066 2.00202813925 -50.4018 17.5952 -51.2322
10.648 80000200500000067 80000200500000066 80000200500000094 80000200500000065 1.90408954353 -64.5105 29.0261 -61.309
10.7533 80000200500000066 80000200500000064 80000200500000094 80000200500000063 1.74357057433 -110.895 190.531 -69.2213
10.7987 80000200500000064 80000200500000063 80000200500000094 80000200500000062 1.66666955611 -143.362 293.97 -52.0816
10.8446 80000200500000063 80000200500000062 80000200500000094 80000200500000061 1.60423452207 -128.624 357.965 -26.36
10.8753 80000200500000062 80000200500000061 80000200500000094 80000200500000060 1.53123902916 -111.784 398.263 13.9033
10.9148 80000200500000061 80000200500000060 80000200500000094 80000200500000059 1.47197484527 -96.4518 424.345 59.6263
10.9432 80000200500000060 80000200500000059 80000200500000094 80000200500000058 1.41409822037 -71.7384 435.12 44.0934
10.9619 80000200500000059 80000200500000058 80000200500000094 80000200500000057 1.3575766674 -80.0201 432.568 35.4956
10.991 80000200500000058 80000200500000057 80000200500000094 80000200500000056 1.30237845991 -84.4701 417.212 28.3899
11.0203 80000200500000057 80000200500000056 80000200500000094 80000200500000055 1.24847261425 -102.738 432.164 9.05422
11.0261 80000200500000056 80000200500000055 80000200500000094 80000200500000054 1.20625808078 -120.11 435.092 3.69073
11.0561 80000200500000055 80000200500000054 80000200500000094 80000200500000053 1.15460271236 -101.991 446.614 66.3499
11.0733 80000200500000054 80000200500000053 80000200500000094 80000200500000052 1.11415056377 -78.6673 476.883 90.9309
11.0866 80000200500000053 80000200500000052 80000200500000094 80000200500000051 1.07445789455 -82.8904 488.441 133.621
11.1078 80000200500000052 80000200500000051 80000200500000094 80000200500000050 1.03551044566 -144.044 507.628 214.202
11.1452 80000200500000051 80000200500000050 80000200500000094 80000200500000049 0.997294225782 -165.152 532.373 270.913
11.1577 80000200500000050 80000200500000049 80000200500000094 80000200500000048 0.987852810816 -177.493 530.861 318.945
11.1847 80000200500000049 80000200500000048 80000200500000094 80000200500000047 0.950531351585 -173.181 549.865 349.047
11.1868 80000200500000048 80000200500000047 80000200500000094 80000200500000046 0.923000816178 -160.751 550.003 394.838
11.2049 80000200500000047 80000200500000045 80000200500000094 80000200500000044 0.851470900625 -131.977 563.025 440.566
11.2135 80000200500000045 80000200500000044 80000200500000094 80000200500000043 0.816709979012 -149.029 565.388 434.87
11.2225 80000200500000044 80000200500000042 80000200500000094 80000200500000041 0.757441372616 -132.8 533.353 364.091
11.2334 80000200500000042 80000200500000040 80000200500000094 80000200500000039 0.700106353719 -126.099 569.156 367.452
11.2443 80000200500000040 80000200500000039 80000200500000094 80000200500000038 0.676110411213 -126.263 560.985 336.87
11.2479 80000200500000039 80000200500000038 80000200500000094 80000200500000037 0.644641840685 -132.479 547.424 334.155
11.2571 80000200500000038 80000200500000037 80000200500000094 80000200500000036 0.621428745243 -167.175 555.635 327.909
11.2647 80000200500000037 80000200500000036 80000200500000094 80000200500000035 0.598543288188 -208.912 548.246 302.954
11.2675 80000200500000036 80000200500000035 80000200500000094 80000200500000034 0.575980845108 -210.813 551.008 292.014
11.2757 80000200500000035 80000200500000034 80000200500000094 80000200500000033 0.546392183141 -225.423 560.115 281.505
11.2898 80000200500000034 80000200500000033 80000200500000094 80000200500000032 0.524565820434 -262.362 553.527 282.242
11.2951 80000200500000033 80000200500000026 80000200500000094 80000200500000025 0.38016786726 -177.009 591.712 275.654
11.301 80000200500000026 80000200500000025 80000200500000094 80000200500000024 0.360687657262 -195.226 578.919 265.983
11.3246 80000200500000025 80000200500000023 80000200500000094 80000200500000022 0.328829724206 -239.858 583.598 233.59
11.3372 80000200500000023 80000200500000022 80000200500000094 80000200500000021 0.310074120128 -256.692 558.161 207.526
11.3519 80000200500000022 80000200500000021 80000200500000094 80000200500000020 0.291583239722 -270.236 527.912 204.254
11.3662 80000200500000021 80000200500000020 80000200500000094 80000200500000019 0.273353346578 -330.076 515.108 211.087
11.3734 80000200500000020 80000200500000019 80000200500000094 80000200500000018 0.261343256161 -273.744 535.885 177.464
11.3806 80000200500000019 80000200500000018 80000200500000094 80000200500000017 0.243540181555 -262.589 505.917 177.96
11.3844 80000200500000018 80000200500000016 80000200500000094 80000200500000015 0.214425035514 -214.693 465.309 166.791
11.3949 80000200500000016 80000200500000014 80000200500000094 80000200500000013 0.180385261706 -197.278 414.725 158.986
11.399 80000200500000014 80000200500000013 80000200500000094 80000200500000012 0.169252033244 -174.227 379.591 156.263
11.4102 80000200500000013 80000200500000012 80000200500000094 80000200500000011 0.152748768902 -179.203 428.297 169.865
11.4241 80000200500000012 80000200500000011 80000200500000094 80000200500000010 0.14187620397 -217.23 460.736 177.043
11.437 80000200500000011 80000200500000010 80000200500000094 80000200500000009 0.125759332411 -304.552 521.116 180.755
11.4679 80000200500000010 80000200500000009 80000200500000094 80000200500000008 0.109869940459 -414.896 579.852 193.868
11.4693 80000200500000009 80000200500000008 80000200500000094 80000200500000007 0.0994018026302 -420.74 593.543 195.951
11.5098 80000200500000008 80000200500000007 80000200500000094 80000200500000006 0.0838844307975 -549.81 640.236 157.654
11.5328 80000200500000007 80000200500000006 80000200500000094 80000200500000005 0.0736613846564 -617.202 688.829 160.569
11.541 80000200500000006 80000200500000005 80000200500000094 80000200500000004 0.0585073227945 -634.493 691.149 182.206
9.01298 80000200500000098 80000200500000097 80000200500000100 80000200500000086 5.22758097313 -1.83379 -5.8398 5.52418
9.05235 80000200500000154 80000200500000153 80000200500000160 80000200500000152 5.84661374788 -1.10605 1.31794 -4.26421
9.11681 80000200500000153 80000200500000152 80000200500000160 80000200500000151 5.52976580795 -4.32416 -3.48985 4.3395
9.32958 80000200500000152 80000200500000151 80000200500000160 80000200500000150 5.22758097313 -8.60243 -11.9659 -2.61192
9.53236 80000200500000151 80000200500000149 80000200500000160 80000200500000148 4.93938066349 -26.3089 -12.678 -3.33081
9.14344 80000200500000202 80000200500000201 80000200500000205 80000200500000200 7.59510714987 -12.1788 -0.667025 0.751452
9.18802 80000200500000201 80000200500000200 80000200500000205 80000200500000199 7.23627606617 -10.9424 -5.74812 -0.859773
9.25466 80000200500000200 80000200500000198 80000200500000205 80000200500000197 6.85511726265 -11.058 -10.171 -1.29899
9.33263 80000200500000198 80000200500000197 80000200500000205 80000200500000196 6.49159774567 -11.7263 -13.1985 -2.86872
9.4964 80000200500000197 80000200500000196 80000200500000205 80000200500000195 6.14490120342 -6.38193 -17.465 -6.39267
9.54836 80000200500000196 80000200500000195 80000200500000205 80000200500000194 6.01075739884 -8.63865 -10.5963 -0.394863
9.59394 80000200500000195 80000200500000194 80000200500000205 80000200500000193 5.84661374788 -6.52357 -15.0512 4.71671
9.68985 80000200500000194 80000200500000193 80000200500000205 80000200500000192 5.52976580795 6.26544 -5.8655 7.04056
9.75993 80000200500000193 80000200500000192 80000200500000205 80000200500000191 5.22758097313 6.53424 -9.96119 4.44416
9.82614 80000200500000192 80000200500000191 80000200500000205 80000200500000190 4.99593346816 8.70072 -6.25847 -12.9642
9.85078 80000200500000191 80000200500000189 80000200500000205 80000200500000188 4.66451770247 9.78827 -12.5261 -2.02758
9.85215 80000200500000189 80000200500000188 80000200500000205 80000200500000187 4.42803373661 13.7338 -22.0986 -1.81227
9.01928 80000200500000300 80000200500000299 80000200500000308 80000200500000298 7.23627606617 1.81033 -4.73783 -3.83831
9.05811 80000200500000299 80000200500000298 80000200500000308 80000200500000297 7.00541704554 4.0311 -5.63908 -3.5287
9.07216 80000200500000298 80000200500000297 80000200500000308 80000200500000296 6.85511726265 4.14356 -5.61558 -3.88967
9.40131 80000200500000297 80000200500000296 80000200500000308 80000200500000295 6.49159774567 -21.9353 14.4739 12.5368
9.4549 80000200500000296 80000200500000293 80000200500000308 80000200500000292 5.84661374788 -12.5439 9.78567 5.90269
9.57087 80000200500000293 80000200500000292 80000200500000308 80000200500000291 5.52976580795 -18.21 8.32571 12.437
9.59059 80000200500000292 80000200500000291 80000200500000308 80000200500000290 5.22758097313 -15.1786 8.35313 11.9783
9.62134 80000200500000291 80000200500000290 80000200500000308 80000200500000289 4.99593346816 -16.3284 4.51148 13.549
9.63442 80000200500000290 80000200500000289 80000200500000308 80000200500000288 4.93938066349 -16.9823 7.7174 14.29
9.70234 80000200500000289 80000200500000288 80000200500000308 80000200500000287 4.66451770247 -18.8119 -1.72999 16.6293
9.00337 80000200500000452 80000200500000451 80000200500000474 80000200500000450 2.5772902716 -2.33928 2.55493 1.94756
9.0066 80000200500000586 80000200500000585 80000200500000606 80000200500000584 2.00202813925 -3.78537 0.189838 8.09287
9.0066 80000200500000585 80000200500000584 80000200500000606 80000200500000583 1.90408954353 0.224897 -0.155424 3.8073
9.0316 80000200500000584 80000200500000583 80000200500000606 80000200500000582 1.82268925262 -1.70061 -1.81277 6.61345
9.03463 80000200500000670 80000200500000669 80000200500000685 80000200500000668 3.08482263583 21.7445 -14.9542 3.69801
9.09111 80000200500000669 80000200500000667 80000200500000685 80000200500000666 2.89578500573 19.1641 -8.64534 6.46146
9.23799 80000200500000667 80000200500000666 80000200500000685 80000200500000665 2.73314261732 21.6389 -21.3238 14.9267
9.25101 80000200500000666 80000200500000665 80000200500000685 80000200500000664 2.5772902716 23.7246 -19.8965 9.1512
9.32497 80000200500000665 80000200500000662 80000200500000685 80000200500000661 2.20792547238 34.2403 -4.82209 11.6379
9.44914 80000200500000662 80000200500000661 80000200500000685 80000200500000660 2.1032696526 51.0468 5.86964 -0.489161
9.02855 80000200500000709 80000200500000708 80000200500000725 80000200500000707 2.73314261732 3.6003 -13.1854 8.19548
9.04945 80000200500000708 80000200500000707 80000200500000725 80000200500000706 2.5772902716 3.67645 -9.34947 6.31274
9.18589 80000200500000707 80000200500000706 80000200500000725 80000200500000705 2.44422570455 26.5616 -15.0137 7.26521
9.10415 80000200500000775 80000200500000774 80000200500000784 80000200500000773 3.49086136926 -2.75777 -12.5353 11.0507
9.12424 80000200500000774 80000200500000773 80000200500000784 80000200500000772 3.28303305796 1.0586 -6.26812 9.67012
9.16182 80000200500000773 80000200500000772 80000200500000784 80000200500000771 3.08482263583 -4.76171 -1.70917 13.4926
9.2342 80000200500000772 80000200500000769 80000200500000784 80000200500000768 2.73314261732 10.0651 1.61057 8.22039
9.29622 80000200500000769 80000200500000768 80000200500000784 80000200500000767 2.5772902716 4.24128 8.40319 5.2288
9.39609 80000200500000768 80000200500000766 80000200500000784 80000200500000765 2.31611074396 16.4598 46.6619 27.8941
9.44681 80000200500000766 80000200500000764 80000200500000784 80000200500000763 2.1032696526 17.0609 49.0089 15.1354
9.07492 80000200500000873 80000200500000872 80000200500000879 80000200500000871 6.14490120342 -6.84898 -4.94391 -3.14052
9.16852 80000200500000872 80000200500000871 80000200500000879 80000200500000870 6.01075739884 -8.19952 -1.90406 -8.89271
9.30115 80000200500000871 80000200500000869 80000200500000879 80000200500000868 5.52976580795 -10.8355 -9.42457 -13.2782
9.35914 80000200500000869 80000200500000868 80000200500000879 80000200500000867 5.22758097313 -12.0519 -8.05617 -13.5944
9.37457 80000200500000868 80000200500000867 80000200500000879 80000200500000866 4.99593346816 -8.9205 -4.34173 -9.59324
9.48905 80000200500000867 80000200500000866 80000200500000879 80000200500000865 4.93938066349 -14.9916 2.02814 6.3815
9.53713 80000200500000866 80000200500000865 80000200500000879 80000200500000864 4.66451770247 -8.30402 -1.63809 5.75343
9.56201 80000200500000865 80000200500000864 80000200500000879 80000200500000863 4.42803373661 -7.29875 -1.53195 5.45003
9.63061 80000200500000864 80000200500000863 80000200500000879 80000200500000862 4.17683491473 -5.13531 -5.98561 0.0660134
9.63138 80000200500000863 80000200500000862 80000200500000879 80000200500000861 4.00794511147 -6.19416 -1.52814 0.914406
9.69383 80000200500000862 80000200500000861 80000200500000879 80000200500000860 3.93726108473 -7.49876 -1.68091 -10.1824
9.77772 80000200500000861 80000200500000860 80000200500000879 80000200500000859 3.70877426464 -2.09383 1.36214 -16.2043
9.85032 80000200500000860 80000200500000859 80000200500000879 80000200500000858 3.49086136926 -10.0551 -5.32284 -16.0429
9.93431 80000200500000859 80000200500000858 80000200500000879 80000200500000857 3.28303305796 -7.21725 -6.79673 -26.9919
10.0352 80000200500000858 80000200500000857 80000200500000879 80000200500000856 3.08482263583 0.263925 12.2349 -33.2098
10.09 80000200500000857 80000200500000854 80000200500000879 80000200500000853 2.73314261732 8.59818 0.0540117 -42.0609
10.1085 80000200500000854 80000200500000853 80000200500000879 80000200500000852 2.5772902716 10.7205 -1.99128 -32.1236
10.1425 80000200500000853 80000200500000852 80000200500000879 80000200500000851 2.44422570455 19.1742 6.47517 -30.9128
10.2149 80000200500000852 80000200500000851 80000200500000879 80000200500000850 2.31611074396 57.6133 20.6836 -33.8074
10.2712 80000200500000851 80000200500000850 80000200500000879 80000200500000849 2.20792547238 74.6205 25.0759 -29.846
10.3107 80000200500000850 80000200500000849 80000200500000879 80000200500000848 2.1032696526 84.7654 27.9014 -27.1471
10.3481 80000200500000849 80000200500000848 80000200500000879 80000200500000847 2.00202813925 127.508 31.9206 -38.5968
10.363 80000200500000848 80000200500000847 80000200500000879 80000200500000846 1.90408954353 115.632 17.994 -40.9706
10.3755 80000200500000847 80000200500000846 80000200500000879 80000200500000845 1.82268925262 143.698 15.4284 -69.8568
9.01298 80000200500000938 80000200500000937 80000200500000946 80000200500000936 6.49159774567 1.94407 -5.39903 3.31299
9.0316 80000200500000937 80000200500000936 80000200500000946 80000200500000935 6.14490120342 0.424213 -3.98841 0.780842
9.05524 80000200500000936 80000200500000935 80000200500000946 80000200500000934 6.01075739884 -1.74462 -3.07653 -0.0653084
9.07492 80000200500000935 80000200500000934 80000200500000946 80000200500000933 5.84661374788 -0.935594 -3.68196 -2.19742
9.12668 80000200500000934 80000200500000933 80000200500000946 80000200500000932 5.52976580795 0.578639 -6.32547 0.00437933
9.23229 80000200500000933 80000200500000932 80000200500000946 80000200500000931 5.22758097313 -1.63811 -2.37223 0.973886
9.26543 80000200500000932 80000200500000931 80000200500000946 80000200500000930 4.99593346816 -4.23224 0.306445 0.596024
9.2862 80000200500000931 80000200500000930 80000200500000946 80000200500000929 4.93938066349 -3.80079 -2.81841 3.0781
9.33111 80000200500000930 80000200500000929 80000200500000946 80000200500000928 4.66451770247 -0.637334 -4.71964 -4.346
9.35338 80000200500000929 80000200500000926 80000200500000946 80000200500000925 4.00794511147 6.42668 13.4797 -5.34213
10.0258 80000200500000926 80000200500000920 80000200500000946 80000200500000919 2.89578500573 1.19434 10.4426 -44.0192
9.02239 80000200500001152 80000200500001151 80000200500001155 80000200500001150 7.23627606617 -1.82553 -13.3161 0.970188
9.06378 80000200500001151 80000200500001150 80000200500001155 80000200500001149 7.00541704554 -2.9092 -13.6698 1.15523
9.12178 80000200500001150 80000200500001148 80000200500001155 80000200500001147 6.49159774567 -2.48274 -10.1112 -0.887483
9.22651 80000200500001148 80000200500001147 80000200500001155 80000200500001146 6.14490120342 -4.62068 -4.07025 1.99505
9.24175 80000200500001147 80000200500001146 80000200500001155 80000200500001145 6.01075739884 -4.22134 -2.75903 1.49758
9.26896 80000200500001146 80000200500001145 80000200500001155 80000200500001144 5.84661374788 -6.47782 -5.6058 -1.76209
9.32031 80000200500001145 80000200500001143 80000200500001155 80000200500001142 5.22758097313 -3.37958 -5.90632 -2.14671
9.34461 80000200500001143 80000200500001142 80000200500001155 80000200500001141 4.99593346816 -3.24344 -7.98271 -3.95109
9.3974 80000200500001142 80000200500001140 80000200500001155 80000200500001139 4.66451770247 -3.6571 -12.3764 -4.14455
9.4026 80000200500001140 80000200500001139 80000200500001155 80000200500001138 4.42803373661 -8.62211 -3.7215 -3.88768
9.42281 80000200500001139 80000200500001138 80000200500001155 80000200500001137 4.17683491473 -7.15893 -7.00167 -2.5281
9.42771 80000200500001138 80000200500001137 80000200500001155 80000200500001136 4.00794511147 -7.63487 -9.55381 -3.63619
9.53044 80000200500001137 80000200500001134 80000200500001155 80000200500001133 3.49086136926 -11.0939 -8.75277 -9.82839
9.64712 80000200500001134 80000200500001133 80000200500001155 80000200500001132 3.28303305796 -15.2371 -10.4968 -23.7641
9.70234 80000200500001133 80000200500001132 80000200500001155 80000200500001131 3.08482263583 -32.8442 -17.0141 -18.8859
9.72445 80000200500001132 80000200500001131 80000200500001155 80000200500001130 3.00813107163 -25.4071 -8.71951 -27.841
9.72445 80000200500001131 80000200500001130 80000200500001155 80000200500001129 2.89578500573 -23.5728 -10.7441 -22.6541
9.85627 80000200500001130 80000200500001129 80000200500001155 80000200500001128 2.73314261732 -45.4359 -27.0694 -24.2103
9.0098 80000200500001178 80000200500001177 80000200500001191 80000200500001176 4.42803373661 -3.32203 0.748916 7.67449
9.06378 80000200500001177 80000200500001176 80000200500001191 80000200500001175 4.17683491473 -4.52933 1.07547 8.5934
9.13154 80000200500001176 80000200500001175 80000200500001191 80000200500001174 4.00794511147 -9.04441 2.54794 9.01174
9.03763 80000200500001453 80000200500001452 80000200500001460 80000200500001451 8.01217294887 -1.35928 -0.0101174 2.29645
9.10671 80000200500001452 80000200500001451 80000200500001460 80000200500001450 7.59510714987 2.10614 0.531982 3.9911
9.15273 80000200500001451 80000200500001450 80000200500001460 80000200500001449 7.23627606617 1.82666 0.540965 2.98852
9.20464 80000200500001450 80000200500001449 80000200500001460 80000200500001448 7.00541704554 -1.27122 3.3158 2.67561
9.39871 80000200500001449 80000200500001446 80000200500001460 80000200500001445 6.14490120342 11.6159 -7.8429 0.263258
9.49221 80000200500001446 80000200500001445 80000200500001460 80000200500001444 6.01075739884 10.285 -20.6506 -1.68573
9.65151 80000200500001445 80000200500001444 80000200500001460 80000200500001443 5.84661374788 18.7246 -27.4972 13.9243
9.74667 80000200500001444 80000200500001443 80000200500001460 80000200500001442 5.52976580795 4.91721 -38.2542 17.2941
9.80106 80000200500001443 80000200500001442 80000200500001460 80000200500001441 5.22758097313 2.05003 -33.4405 7.84564
9.88101 80000200500001442 80000200500001441 80000200500001460 80000200500001440 4.99593346816 -0.400667 -34.8881 13.1755
9.90034 80000200500001441 80000200500001440 80000200500001460 80000200500001439 4.93938066349 -0.822547 -35.3003 17.038
9.94035 80000200500001440 80000200500001439 80000200500001460 80000200500001438 4.66451770247 0.185584 -39.1343 18.784
9.98075 80000200500001439 80000200500001438 80000200500001460 80000200500001437 4.42803373661 -2.85071 -39.2642 7.77858
10.0236 80000200500001438 80000200500001437 80000200500001460 80000200500001436 4.17683491473 0.61132 -46.0056 15.0519
10.0334 80000200500001437 80000200500001436 80000200500001460 80000200500001435 4.00794511147 -0.940948 -42.4503 8.45109
10.0538 80000200500001436 80000200500001435 80000200500001460 80000200500001434 3.93726108473 -2.0367 -56.9499 11.3223
10.073 80000200500001435 80000200500001432 80000200500001460 80000200500001431 3.28303305796 5.88868 -54.473 3.46544
10.0828 80000200500001432 80000200500001431 80000200500001460 80000200500001430 3.08482263583 6.49318 -49.0398 -2.64414
10.1062 80000200500001431 80000200500001430 80000200500001460 80000200500001429 3.00813107163 -0.981789 -55.2828 -4.86513
10.1151 80000200500001430 80000200500001429 80000200500001460 80000200500001428 2.89578500573 3.96879 -54.3952 3.82111
10.1166 80000200500001429 80000200500001428 80000200500001460 80000200500001427 2.73314261732 1.01604 -55.543 0.245198
10.1363 80000200500001428 80000200500001427 80000200500001460 80000200500001426 2.5772902716 11.0258 -51.1709 -3.19355
10.1889 80000200500001427 80000200500001426 80000200500001460 80000200500001425 2.44422570455 6.33823 -62.6724 -7.93489
10.1989 80000200500001426 80000200500001425 80000200500001460 80000200500001424 2.31611074396 12.0888 -49.5952 -10.9905
10.2355 80000200500001425 80000200500001424 80000200500001460 80000200500001423 2.20792547238 4.74044 -46.7542 -6.98239
10.2676 80000200500001424 80000200500001423 80000200500001460 80000200500001422 2.1032696526 -5.75558 -40.0398 18.4841
10.2723 80000200500001423 80000200500001422 80000200500001460 80000200500001421 2.00202813925 -6.10546 -54.3191 -10.8875
10.2802 80000200500001422 80000200500001421 80000200500001460 80000200500001420 1.90408954353 -17.1457 -56.0567 5.78674
10.3073 80000200500001421 80000200500001420 80000200500001460 80000200500001419 1.82268925262 -22.5906 -61.1058 20.0497
10.3161 80000200500001420 80000200500001419 80000200500001460 80000200500001418 1.74357057433 -24.4932 -59.6759 16.0907
10.3554 80000200500001419 80000200500001418 80000200500001460 80000200500001417 1.66666955611 -21.577 -68.4346 16.9269
10.3769 80000200500001418 80000200500001417 80000200500001460 80000200500001416 1.60423452207 -22.214 -68.9429 8.31703
10.3992 80000200500001417 80000200500001416 80000200500001460 80000200500001415 1.53123902916 -24.238 -88.6245 -10.118
10.4128 80000200500001416 80000200500001413 80000200500001460 80000200500001412 1.3575766674 2.74812 -54.1002 14.6337
10.4317 80000200500001413 80000200500001411 80000200500001460 80000200500001410 1.24847261425 -8.85412 -52.2238 16.3846
10.4395 80000200500001411 80000200500001410 80000200500001460 80000200500001409 1.20625808078 -7.87007 -54.8055 25.3028
9.02855 80000200500001467 80000200500001466 80000200500001477 80000200500001465 7.23627606617 -1.73026 0.81379 6.5064
9.04358 80000200500001466 80000200500001465 80000200500001477 80000200500001464 7.00541704554 -1.52444 2.35907 5.72505
9.07766 80000200500001465 80000200500001463 80000200500001477 80000200500001462 6.49159774567 -3.78433 -0.942187 2.94897
9.16852 80000200500001502 80000200500001501 80000200500001508 80000200500001500 7.00541704554 -1.48048 4.94855 -5.94721
9.2361 80000200500001501 80000200500001500 80000200500001508 80000200500001499 6.85511726265 -4.78898 2.80325 -11.6096
9.26365 80000200500001500 80000200500001499 80000200500001508 80000200500001498 6.49159774567 -4.82515 5.30473 -9.70937
9.27246 80000200500001499 80000200500001498 80000200500001508 80000200500001497 6.14490120342 -4.41368 -0.854619 -9.63553
9.34313 80000200500001498 80000200500001497 80000200500001508 80000200500001496 6.01075739884 -16.498 -16.5005 -19.2524
9.07492 80000200500001511 80000200500001510 80000200500001512 80000200500001509 7.59510714987 -5.15759 -0.056194 -7.85314
9.09898 80000200500001510 80000200500001509 80000200500001512 80000200500001501 7.23627606617 -0.673238 3.69046 -3.31325
9.04653 80000200500001572 80000200500001571 80000200500001583 80000200500001570 3.70877426464 -9.3236 1.71557 11.6803
9.09375 80000200500001571 80000200500001570 80000200500001583 80000200500001569 3.49086136926 -12.4733 4.51497 9.5618
9.14811 80000200500001570 80000200500001569 80000200500001583 80000200500001568 3.28303305796 -6.64447 10.1204 5.22793
9.14811 80000200500001569 80000200500001567 80000200500001583 80000200500001566 3.00813107163 -20.1191 13.5066 8.49303
9.14811 80000200500001567 80000200500001565 80000200500001583 80000200500001564 2.73314261732 -20.7146 17.0664 3.6522
9.0666 80000200500001819 80000200500001818 80000200500001840 80000200500001817 3.70877426464 -0.658819 1.23511 0.112169
9.10926 80000200500001818 80000200500001812 80000200500001840 80000200500001811 2.73314261732 -2.4966 -1.93437 -0.0998458
