logMh | fpID | subhaloID | main leaf ID | descID |  z
9.10157 80000223100000106 80000223100000105 80000223100000109 80000223100000104 10.9190331982 0.821555 5.37593 -1.17151
9.35048 80000223100000105 80000223100000103 80000223100000109 80000223100000102 9.99659046619 -13.4938 13.3077 -14.9035
9.41534 80000223100000103 80000223100000102 80000223100000109 80000223100000101 9.84138043947 -6.92942 8.44081 -5.83613
9.44329 80000223100000102 80000223100000101 80000223100000109 80000223100000100 9.38877127194 -5.35181 7.6235 -2.47279
9.57783 80000223100000101 80000223100000099 80000223100000109 80000223100000098 8.9079991856 -4.21108 9.47115 -1.68529
9.75421 80000223100000099 80000223100000098 80000223100000109 80000223100000097 8.44947629437 -9.56509 -4.50997 -3.80327
9.81278 80000223100000098 80000223100000097 80000223100000109 80000223100000096 8.01217294887 -10.3446 -1.96533 -3.46338
9.82419 80000223100000097 80000223100000096 80000223100000109 80000223100000095 7.59510714987 6.6263 11.4435 3.84827
9.95072 80000223100000096 80000223100000095 80000223100000109 80000223100000094 7.23627606617 -9.6717 1.4882 -3.95764
10.005 80000223100000095 80000223100000094 80000223100000109 80000223100000093 7.00541704554 -11.8105 2.61951 -1.40909
10.0506 80000223100000094 80000223100000093 80000223100000109 80000223100000092 6.85511726265 -13.8926 4.61801 -11.6217
10.0935 80000223100000093 80000223100000092 80000223100000109 80000223100000091 6.49159774567 -6.54653 5.48916 -3.35779
10.1605 80000223100000092 80000223100000091 80000223100000109 80000223100000090 6.14490120342 -1.55515 -1.01556 -2.39973
10.5667 80000223100000091 80000223100000084 80000223100000109 80000223100000083 4.66451770247 67.995 10.2506 61.5131
10.6377 80000223100000084 80000223100000083 80000223100000109 80000223100000082 4.42803373661 59.9711 -0.857932 59.0225
10.6877 80000223100000083 80000223100000082 80000223100000109 80000223100000081 4.17683491473 60.6681 -14.2915 68.5476
10.7323 80000223100000082 80000223100000081 80000223100000109 80000223100000080 4.00794511147 62.4032 -15.5308 56.8155
10.7489 80000223100000081 80000223100000080 80000223100000109 80000223100000079 3.93726108473 62.8287 -23.1937 60.4176
10.777 80000223100000080 80000223100000079 80000223100000109 80000223100000078 3.70877426464 62.9924 -14.2093 41.6104
10.7925 80000223100000079 80000223100000078 80000223100000109 80000223100000077 3.49086136926 44.7145 -10.9215 28.6994
10.7934 80000223100000078 80000223100000077 80000223100000109 80000223100000076 3.28303305796 35.6046 26.1431 2.73592
10.8316 80000223100000077 80000223100000076 80000223100000109 80000223100000075 3.08482263583 44.4186 29.6169 17.3366
10.8621 80000223100000076 80000223100000072 80000223100000109 80000223100000071 2.5772902716 56.3683 -0.915753 23.3824
10.8864 80000223100000072 80000223100000071 80000223100000109 80000223100000070 2.44422570455 53.4688 -32.9381 31.3165
10.9143 80000223100000071 80000223100000070 80000223100000109 80000223100000069 2.31611074396 40.4729 -51.4993 36.899
10.9582 80000223100000070 80000223100000069 80000223100000109 80000223100000068 2.20792547238 33.0711 -59.7191 19.783
11.0136 80000223100000069 80000223100000068 80000223100000109 80000223100000067 2.1032696526 4.82946 -101.721 -11.1049
11.0908 80000223100000068 80000223100000067 80000223100000109 80000223100000066 2.00202813925 -29.013 -117.284 -23.1226
11.1485 80000223100000067 80000223100000066 80000223100000109 80000223100000065 1.90408954353 -44.6935 -193.818 -5.42303
11.1759 80000223100000066 80000223100000065 80000223100000109 80000223100000064 1.82268925262 -33.7167 -91.8833 -47.6744
11.2238 80000223100000065 80000223100000064 80000223100000109 80000223100000063 1.74357057433 -56.3478 25.549 -110.907
11.2703 80000223100000064 80000223100000063 80000223100000109 80000223100000062 1.66666955611 -76.6638 27.6079 -127.805
11.2907 80000223100000063 80000223100000062 80000223100000109 80000223100000061 1.60423452207 -73.3148 77.6629 -146.565
11.3073 80000223100000062 80000223100000061 80000223100000109 80000223100000060 1.53123902916 -86.6768 24.7307 -140.694
11.324 80000223100000061 80000223100000060 80000223100000109 80000223100000059 1.47197484527 -88.7501 35.9147 -149.909
11.3587 80000223100000060 80000223100000059 80000223100000109 80000223100000058 1.41409822037 -107.816 42.9772 -204.629
11.376 80000223100000059 80000223100000058 80000223100000109 80000223100000057 1.3575766674 -122.031 111.324 -267.47
11.394 80000223100000058 80000223100000057 80000223100000109 80000223100000056 1.30237845991 -145.016 95.1038 -289.684
11.3956 80000223100000057 80000223100000056 80000223100000109 80000223100000055 1.24847261425 -145.377 118.631 -345.886
11.3993 80000223100000056 80000223100000055 80000223100000109 80000223100000054 1.20625808078 -131.864 95.2035 -334.285
11.4253 80000223100000055 80000223100000054 80000223100000109 80000223100000053 1.15460271236 -136.329 81.2994 -314.126
11.4461 80000223100000054 80000223100000053 80000223100000109 80000223100000052 1.11415056377 -141.546 69.8418 -319.848
11.4545 80000223100000053 80000223100000052 80000223100000109 80000223100000051 1.07445789455 -109.758 82.1527 -315.741
11.4564 80000223100000052 80000223100000051 80000223100000109 80000223100000050 1.03551044566 -83.9013 136.304 -328.879
11.4673 80000223100000051 80000223100000050 80000223100000109 80000223100000049 0.997294225782 -72.8839 109.672 -319.676
11.4686 80000223100000050 80000223100000049 80000223100000109 80000223100000048 0.987852810816 -72.079 110.744 -321.16
11.4814 80000223100000049 80000223100000048 80000223100000109 80000223100000047 0.950531351585 -89.7939 87.7954 -338.222
11.4907 80000223100000048 80000223100000047 80000223100000109 80000223100000046 0.923000816178 -89.4816 74.0919 -341.862
11.495 80000223100000047 80000223100000046 80000223100000109 80000223100000045 0.886896937575 -87.9432 48.5534 -319.8
11.4998 80000223100000046 80000223100000045 80000223100000109 80000223100000044 0.851470900625 -116.929 37.3167 -310.213
11.5007 80000223100000045 80000223100000044 80000223100000109 80000223100000043 0.816709979012 -107.075 20.266 -313.504
11.5049 80000223100000044 80000223100000043 80000223100000109 80000223100000042 0.791068248946 -93.927 -12.3659 -303.895
11.5099 80000223100000043 80000223100000042 80000223100000109 80000223100000041 0.757441372616 -111.271 -23.2672 -275.438
11.5111 80000223100000042 80000223100000038 80000223100000109 80000223100000037 0.644641840685 -90.1096 -90.4256 -231.457
11.5134 80000223100000038 80000223100000037 80000223100000109 80000223100000036 0.621428745243 -97.8738 -92.6282 -217.489
11.5149 80000223100000037 80000223100000036 80000223100000109 80000223100000035 0.598543288188 -101.222 -81.7939 -212.823
11.5204 80000223100000036 80000223100000035 80000223100000109 80000223100000034 0.575980845108 -99.3443 -68.0335 -224.859
11.5257 80000223100000035 80000223100000034 80000223100000109 80000223100000033 0.546392183141 -108.558 -44.4294 -238.25
11.5273 80000223100000034 80000223100000033 80000223100000109 80000223100000032 0.524565820434 -119.136 -21.5875 -234.194
11.533 80000223100000033 80000223100000032 80000223100000109 80000223100000031 0.503047523245 -127.987 9.03032 -266.687
11.5355 80000223100000032 80000223100000031 80000223100000109 80000223100000030 0.481832943421 -156.175 4.92861 -271.296
11.536 80000223100000031 80000223100000030 80000223100000109 80000223100000029 0.460917794181 -169.873 8.33125 -264.273
11.5413 80000223100000030 80000223100000029 80000223100000109 80000223100000028 0.440297849248 -147.286 3.77412 -269.39
11.5414 80000223100000029 80000223100000027 80000223100000109 80000223100000026 0.399926964614 -148.9 43.1489 -295.55
11.5461 80000223100000027 80000223100000026 80000223100000109 80000223100000025 0.38016786726 -117.953 59.2956 -297.311
11.5473 80000223100000026 80000223100000025 80000223100000109 80000223100000024 0.360687657262 -121.059 63.226 -306.241
11.5493 80000223100000025 80000223100000024 80000223100000109 80000223100000023 0.347853841858 -113.136 69.8758 -311.328
11.5536 80000223100000024 80000223100000023 80000223100000109 80000223100000022 0.328829724206 -116.437 82.04 -319.261
11.5547 80000223100000023 80000223100000022 80000223100000109 80000223100000021 0.310074120128 -111.387 78.0669 -313.841
11.5606 80000223100000022 80000223100000021 80000223100000109 80000223100000020 0.291583239722 -119.921 66.4708 -317.288
11.5747 80000223100000021 80000223100000020 80000223100000109 80000223100000019 0.273353346578 -98.7167 99.8252 -318.424
11.5796 80000223100000020 80000223100000019 80000223100000109 80000223100000018 0.261343256161 -98.5733 101.098 -325.112
11.586 80000223100000019 80000223100000018 80000223100000109 80000223100000017 0.243540181555 -91.4909 88.9643 -324.959
11.59 80000223100000018 80000223100000017 80000223100000109 80000223100000016 0.22598838626 -78.8883 125.275 -320.382
11.5966 80000223100000017 80000223100000016 80000223100000109 80000223100000015 0.214425035514 -84.0115 131.546 -323.458
11.5987 80000223100000016 80000223100000015 80000223100000109 80000223100000014 0.197284182376 -87.597 132.01 -302.033
11.6052 80000223100000015 80000223100000014 80000223100000109 80000223100000013 0.180385261706 -75.9802 170.338 -294.334
11.6095 80000223100000014 80000223100000013 80000223100000109 80000223100000012 0.169252033244 -75.8834 155.164 -268.113
11.6171 80000223100000013 80000223100000012 80000223100000109 80000223100000011 0.152748768902 -66.927 154.561 -233.45
11.6213 80000223100000012 80000223100000011 80000223100000109 80000223100000010 0.14187620397 -77.1405 158.0 -228.82
11.6268 80000223100000011 80000223100000010 80000223100000109 80000223100000009 0.125759332411 -75.4245 120.828 -231.159
11.6345 80000223100000010 80000223100000009 80000223100000109 80000223100000008 0.109869940459 -70.2189 136.149 -247.574
11.6404 80000223100000009 80000223100000008 80000223100000109 80000223100000007 0.0994018026302 -61.1421 140.867 -234.507
11.6491 80000223100000008 80000223100000007 80000223100000109 80000223100000006 0.0838844307975 -62.6459 134.955 -231.353
11.6583 80000223100000007 80000223100000006 80000223100000109 80000223100000005 0.0736613846564 -41.081 147.047 -252.263
11.6721 80000223100000006 80000223100000005 80000223100000109 80000223100000004 0.0585073227945 -1.9706 155.148 -281.405
11.6729 80000223100000005 80000223100000004 80000223100000109 80000223100000003 0.0485236299818 -21.4867 149.121 -268.076
11.6739 80000223100000004 80000223100000002 80000223100000109 80000223100000001 0.0239744283828 -63.7025 170.128 -274.553
11.6806 80000223100000002 80000223100000001 80000223100000109 80000223100000000 0.00952166696794 -67.07 152.048 -283.614
11.6833 80000223100000001 80000223100000000 80000223100000109 -1 2.22044604925e-16 -76.7857 163.452 -287.089
9.04358 80000223100000177 80000223100000176 80000223100000184 80000223100000175 7.59510714987 13.3579 -18.8996 -18.461
9.02548 80000223100000227 80000223100000226 80000223100000230 80000223100000225 12.6747021048 0.574501 -4.10535 2.79649
9.12178 80000223100000226 80000223100000225 80000223100000230 80000223100000224 12.0418635439 -1.99261 -1.65203 -1.09886
9.1663 80000223100000225 80000223100000224 80000223100000230 80000223100000223 11.4973879548 1.59096 -5.10685 4.39237
9.2828 80000223100000224 80000223100000223 80000223100000230 80000223100000222 10.9190331982 1.96784 -3.86685 3.32271
9.40389 80000223100000223 80000223100000222 80000223100000230 80000223100000221 10.3674435724 5.64628 -11.0822 12.5732
9.44093 80000223100000222 80000223100000221 80000223100000230 80000223100000220 9.99659046619 2.65862 -0.817069 1.07491
9.44093 80000223100000221 80000223100000220 80000223100000230 80000223100000219 9.84138043947 3.78992 -0.946149 2.52322
9.47941 80000223100000220 80000223100000219 80000223100000230 80000223100000218 9.38877127194 8.62175 1.83586 6.28977
9.49744 80000223100000219 80000223100000218 80000223100000230 80000223100000217 9.00233985416 13.3156 -2.57473 10.8254
9.58383 80000223100000218 80000223100000217 80000223100000230 80000223100000216 8.9079991856 34.7873 1.64268 24.0369
9.65802 80000223100000217 80000223100000216 80000223100000230 80000223100000215 8.44947629437 29.7258 4.65104 15.6641
9.72935 80000223100000216 80000223100000215 80000223100000230 80000223100000214 8.01217294887 19.4523 1.96229 14.5665
9.76724 80000223100000215 80000223100000214 80000223100000230 80000223100000213 7.59510714987 22.111 -2.14486 19.0158
9.95797 80000223100000214 80000223100000213 80000223100000230 80000223100000212 7.23627606617 22.0526 4.7352 11.6448
9.96191 80000223100000213 80000223100000212 80000223100000230 80000223100000211 7.00541704554 34.2437 9.90224 12.045
10.0379 80000223100000212 80000223100000211 80000223100000230 80000223100000210 6.85511726265 30.6781 12.1561 3.61195
10.1138 80000223100000211 80000223100000210 80000223100000230 80000223100000209 6.49159774567 21.4493 21.2148 -3.41539
10.1504 80000223100000210 80000223100000209 80000223100000230 80000223100000208 6.14490120342 32.3375 24.2539 6.81919
10.1814 80000223100000209 80000223100000208 80000223100000230 80000223100000207 6.01075739884 36.0454 29.1446 8.73936
10.224 80000223100000208 80000223100000206 80000223100000230 80000223100000205 5.52976580795 40.1432 14.6555 20.232
10.3861 80000223100000206 80000223100000205 80000223100000230 80000223100000204 5.22758097313 72.0842 25.5917 53.6311
10.4582 80000223100000205 80000223100000204 80000223100000230 80000223100000203 4.99593346816 94.8206 19.0543 67.8087
10.4609 80000223100000204 80000223100000203 80000223100000230 80000223100000202 4.93938066349 90.5607 18.3591 66.6831
9.25101 80000223100000343 80000223100000342 80000223100000351 80000223100000341 8.44947629437 -10.5289 -5.25122 -8.42837
9.29787 80000223100000342 80000223100000341 80000223100000351 80000223100000340 8.01217294887 -10.2404 -4.21181 -8.08117
9.42404 80000223100000341 80000223100000340 80000223100000351 80000223100000339 7.59510714987 -8.25346 -5.51262 -7.58156
9.44329 80000223100000340 80000223100000339 80000223100000351 80000223100000338 7.23627606617 -6.86492 -10.4503 -6.74566
9.5207 80000223100000339 80000223100000337 80000223100000351 80000223100000336 6.85511726265 -15.6279 -6.21687 -14.1204
9.58298 80000223100000337 80000223100000335 80000223100000351 80000223100000334 6.14490120342 -6.16394 -11.7468 -6.25289
9.58723 80000223100000335 80000223100000332 80000223100000351 80000223100000331 5.52976580795 -4.7764 -7.23262 -7.32022
9.59143 80000223100000332 80000223100000331 80000223100000351 80000223100000330 5.22758097313 0.220509 -3.67199 -2.92918
9.60218 80000223100000331 80000223100000328 80000223100000351 80000223100000327 4.66451770247 -9.54303 -5.42068 -6.52468
9.64342 80000223100000328 80000223100000326 80000223100000351 80000223100000325 4.17683491473 -12.5217 -7.53835 -11.7436
9.65874 80000223100000326 80000223100000325 80000223100000351 80000223100000324 4.00794511147 -14.686 -9.92017 -10.9322
9.1193 80000223100000387 80000223100000386 80000223100000395 80000223100000385 5.22758097313 0.463617 0.880672 13.3771
9.13154 80000223100000386 80000223100000385 80000223100000395 80000223100000384 4.99593346816 -2.10369 0.784452 12.1516
9.17729 80000223100000385 80000223100000382 80000223100000395 80000223100000381 4.42803373661 5.87733 2.58644 8.62245
9.06378 80000223100000707 80000223100000706 80000223100000712 80000223100000705 7.23627606617 5.14498 0.69713 2.22167
9.11179 80000223100000706 80000223100000705 80000223100000712 80000223100000704 7.00541704554 5.0246 0.0922695 1.94593
9.13634 80000223100000705 80000223100000703 80000223100000712 80000223100000702 6.49159774567 4.34996 2.4206 1.70239
9.34461 80000223100000703 80000223100000700 80000223100000712 80000223100000699 5.84661374788 18.0651 -4.93422 -3.12237
9.40001 80000223100000700 80000223100000699 80000223100000712 80000223100000698 5.52976580795 29.3558 -16.6981 -2.49112
9.66088 80000223100000699 80000223100000698 80000223100000712 80000223100000697 5.22758097313 17.6335 -2.3427 -22.7343
9.78314 80000223100000698 80000223100000694 80000223100000712 80000223100000693 4.42803373661 -4.68239 -3.73284 -15.1254
9.82857 80000223100000694 80000223100000690 80000223100000712 80000223100000689 3.70877426464 -14.7766 -44.2233 -13.6736
9.90116 80000223100000690 80000223100000689 80000223100000712 80000223100000688 3.49086136926 -8.13107 -63.9749 -5.75748
9.90969 80000223100000689 80000223100000688 80000223100000712 80000223100000687 3.28303305796 -13.7854 -48.9685 -10.5781
9.92276 80000223100000688 80000223100000687 80000223100000712 80000223100000686 3.08482263583 -17.4149 -49.687 -14.2947
9.93734 80000223100000687 80000223100000686 80000223100000712 80000223100000685 3.00813107163 -18.2402 -56.0102 -17.5613
9.96758 80000223100000686 80000223100000685 80000223100000712 80000223100000684 2.89578500573 -17.7115 -61.7431 -17.3507
9.99387 80000223100000685 80000223100000684 80000223100000712 80000223100000683 2.73314261732 -16.7343 -55.1667 -19.1797
9.99486 80000223100000684 80000223100000682 80000223100000712 80000223100000681 2.44422570455 -24.5076 -53.6033 -18.9974
9.09111 80000223100000719 80000223100000718 80000223100000725 80000223100000717 6.01075739884 -13.5031 -11.4834 -10.0051
9.58975 80000223100000718 80000223100000715 80000223100000725 80000223100000714 4.99593346816 10.334 -3.62049 -15.3535
9.6329 80000223100000715 80000223100000713 80000223100000725 80000223100000694 4.66451770247 14.0614 -0.452455 -18.0614
9.07492 80000223100000788 80000223100000787 80000223100000800 80000223100000786 4.17683491473 -8.26845 2.50907 -8.03778
9.10926 80000223100000891 80000223100000890 80000223100000899 80000223100000889 5.22758097313 3.47527 0.996077 6.20641
9.30115 80000223100000890 80000223100000889 80000223100000899 80000223100000888 4.99593346816 14.5861 6.79072 19.995
9.31083 80000223100000889 80000223100000888 80000223100000899 80000223100000887 4.93938066349 15.9662 5.68191 18.9482
9.34609 80000223100000888 80000223100000887 80000223100000899 80000223100000886 4.66451770247 12.6195 6.41285 13.0156
9.35194 80000223100000887 80000223100000886 80000223100000899 80000223100000885 4.42803373661 17.4685 5.41657 16.4679
9.40774 80000223100000886 80000223100000885 80000223100000899 80000223100000884 4.17683491473 11.9427 6.15384 14.7783
9.42157 80000223100000885 80000223100000883 80000223100000899 80000223100000882 3.93726108473 13.088 6.43353 11.6946
9.42157 80000223100000883 80000223100000880 80000223100000899 80000223100000879 3.28303305796 27.5846 11.0243 21.842
9.42281 80000223100000880 80000223100000879 80000223100000899 80000223100000878 3.08482263583 30.0843 12.0238 19.8338
9.43737 80000223100000879 80000223100000878 80000223100000899 80000223100000877 3.00813107163 26.9242 12.8527 20.9577
9.44914 80000223100000878 80000223100000877 80000223100000899 80000223100000876 2.89578500573 29.4364 10.352 18.6297
9.51175 80000223100000877 80000223100000872 80000223100000899 80000223100000871 2.20792547238 11.7174 23.4004 -4.94967
9.01298 80000223100000934 80000223100000933 80000223100000945 80000223100000932 4.93938066349 -19.6866 7.62287 16.0447
9.12178 80000223100000933 80000223100000932 80000223100000945 80000223100000931 4.66451770247 -18.9111 2.59226 30.6151
9.1573 80000223100000932 80000223100000931 80000223100000945 80000223100000930 4.42803373661 -18.2831 -4.84274 30.6824
9.34313 80000223100000931 80000223100000925 80000223100000945 80000223100000924 3.28303305796 -2.26082 8.8103 28.7128
9.02548 80000223100001023 80000223100001022 80000223100001034 80000223100001021 8.01217294887 0.554801 0.575379 -0.710141
9.03463 80000223100001022 80000223100001021 80000223100001034 80000223100001020 7.59510714987 2.60223 -0.666867 -0.86875
9.08578 80000223100001021 80000223100001020 80000223100001034 80000223100001019 7.23627606617 1.98345 2.94341 0.526549
9.10157 80000223100001020 80000223100001019 80000223100001034 80000223100001018 7.00541704554 1.52184 3.05337 -0.329149
9.10415 80000223100001019 80000223100001018 80000223100001034 80000223100001017 6.85511726265 2.77754 1.91731 0.407799
9.14344 80000223100001018 80000223100001017 80000223100001034 80000223100001016 6.49159774567 -2.13211 4.06792 2.56794
9.15042 80000223100001017 80000223100001015 80000223100001034 80000223100001014 6.01075739884 1.02238 -0.713311 3.47698
9.21869 80000223100001015 80000223100001014 80000223100001034 80000223100001013 5.84661374788 -0.514447 4.04731 -0.203238
9.30923 80000223100001014 80000223100001013 80000223100001034 80000223100001012 5.52976580795 2.4209 13.6911 -4.56425
9.37319 80000223100001013 80000223100001011 80000223100001034 80000223100001010 4.99593346816 -1.88718 4.75047 -2.29824
9.40001 80000223100001011 80000223100001010 80000223100001034 80000223100001009 4.93938066349 0.130376 7.0236 -3.82992
9.42771 80000223100001010 80000223100001009 80000223100001034 80000223100001008 4.66451770247 -1.68193 11.2771 -1.61346
9.4606 80000223100001009 80000223100001008 80000223100001034 80000223100001007 4.42803373661 -1.61441 9.54884 0.46131
9.51675 80000223100001008 80000223100001007 80000223100001034 80000223100001006 4.17683491473 -7.45053 19.7836 5.05062
9.54558 80000223100001007 80000223100001006 80000223100001034 80000223100001005 4.00794511147 -4.5164 21.725 1.8979
9.56911 80000223100001006 80000223100001003 80000223100001034 80000223100001002 3.49086136926 -7.78996 22.9247 -1.01633
9.58807 80000223100001003 80000223100001002 80000223100001034 80000223100001001 3.28303305796 -3.50432 22.9995 0.979018
9.60136 80000223100001002 80000223100000998 80000223100001034 80000223100000997 2.73314261732 -3.53732 14.8488 5.32025
9.0066 80000223100001192 80000223100001191 80000223100001199 80000223100001190 7.59510714987 -11.5745 6.7059 2.22704
9.01928 80000223100001191 80000223100001190 80000223100001199 80000223100001189 7.23627606617 -6.19396 4.17809 -0.105661
9.16407 80000223100001190 80000223100001189 80000223100001199 80000223100001188 7.00541704554 -6.79813 3.53513 2.66167
9.23229 80000223100001189 80000223100001187 80000223100001199 80000223100001186 6.49159774567 -4.92566 4.07654 -1.48449
9.26543 80000223100001187 80000223100001186 80000223100001199 80000223100001185 6.14490120342 -2.60484 0.998043 -3.55458
9.27938 80000223100001186 80000223100001185 80000223100001199 80000223100001184 6.01075739884 -4.4888 1.72423 -0.890692
9.2862 80000223100001185 80000223100001184 80000223100001199 80000223100001183 5.84661374788 -2.2662 2.0266 -1.92169
9.52851 80000223100001184 80000223100001183 80000223100001199 80000223100001182 5.52976580795 -22.1297 17.6744 15.9053
9.7354 80000223100001183 80000223100001182 80000223100001199 80000223100001181 5.22758097313 -35.2967 41.5508 28.6166
9.78902 80000223100001182 80000223100001181 80000223100001199 80000223100001180 4.99593346816 -34.1866 32.3015 29.7066
9.81076 80000223100001181 80000223100001180 80000223100001199 80000223100001179 4.93938066349 -36.9385 31.5634 31.7915
9.85124 80000223100001180 80000223100001179 80000223100001199 80000223100001178 4.66451770247 -34.0894 19.8821 18.434
9.91289 80000223100001179 80000223100001178 80000223100001199 80000223100001177 4.42803373661 -33.9816 18.6354 18.7591
9.95363 80000223100001178 80000223100001177 80000223100001199 80000223100001176 4.17683491473 -34.1575 26.3188 19.9258
9.9612 80000223100001177 80000223100001176 80000223100001199 80000223100001175 4.00794511147 -30.6774 25.9364 13.8769
10.0066 80000223100001176 80000223100001174 80000223100001199 80000223100001173 3.70877426464 -31.517 20.6901 15.8576
10.0233 80000223100001174 80000223100001173 80000223100001199 80000223100001172 3.49086136926 -27.4714 17.3163 23.5712
10.0831 80000223100001173 80000223100001171 80000223100001199 80000223100001170 3.08482263583 -14.028 25.6502 14.3994
10.0972 80000223100001171 80000223100001170 80000223100001199 80000223100001169 3.00813107163 -15.3343 24.047 12.2783
10.2123 80000223100001170 80000223100001168 80000223100001199 80000223100001167 2.73314261732 -2.08805 21.9485 28.6896
10.257 80000223100001168 80000223100001167 80000223100001199 80000223100001166 2.5772902716 -13.3855 4.85019 37.536
10.3127 80000223100001167 80000223100001166 80000223100001199 80000223100001165 2.44422570455 -3.80674 10.945 42.773
10.3486 80000223100001166 80000223100001165 80000223100001199 80000223100001164 2.31611074396 -8.30195 13.3566 51.4529
10.3766 80000223100001165 80000223100001164 80000223100001199 80000223100001163 2.20792547238 -0.0787231 11.1717 59.0366
9.03763 80000223100001207 80000223100001206 80000223100001213 80000223100001205 6.14490120342 1.76443 -2.74359 1.00826
9.03763 80000223100001206 80000223100001205 80000223100001213 80000223100001204 6.01075739884 -1.25471 -2.84841 2.16916
9.05811 80000223100001205 80000223100001204 80000223100001213 80000223100001203 5.84661374788 3.21 -2.92427 2.75085
9.0098 80000223100001244 80000223100001243 80000223100001262 80000223100001242 3.49086136926 5.19618 -2.5249 0.30448
9.00337 80000223100001308 80000223100001307 80000223100001318 80000223100001306 4.99593346816 4.47266 8.12504 -0.942369
9.04653 80000223100001307 80000223100001304 80000223100001318 80000223100001303 4.42803373661 1.63811 -0.686139 -4.55831
9.09111 80000223100001304 80000223100001303 80000223100001318 80000223100001302 4.17683491473 3.62058 -2.00681 -7.70028
9.10671 80000223100001303 80000223100001302 80000223100001318 80000223100001301 4.00794511147 5.13701 -4.7768 -6.77636
9.14811 80000223100001302 80000223100001301 80000223100001318 80000223100001300 3.93726108473 5.39589 -1.9161 -3.56671
9.15042 80000223100001301 80000223100001300 80000223100001318 80000223100001299 3.70877426464 5.49728 -2.19884 -10.4326
9.02855 80000223100001344 80000223100001343 80000223100001355 80000223100001342 3.70877426464 -2.33609 2.64073 -0.284322
9.05524 80000223100001343 80000223100001342 80000223100001355 80000223100001341 3.49086136926 1.19632 7.84761 -5.16581
9.0666 80000223100001342 80000223100001340 80000223100001355 80000223100001339 3.08482263583 -0.779697 5.17599 -7.23389
9.0066 80000223100001431 80000223100001430 80000223100001449 80000223100001429 3.49086136926 2.14288 -0.670549 -1.16732
9.03463 80000223100001430 80000223100001429 80000223100001449 80000223100001428 3.28303305796 3.34416 0.0958693 -1.44977
9.04358 80000223100001429 80000223100001428 80000223100001449 80000223100001427 3.08482263583 3.60039 1.5775 -2.38779
9.08578 80000223100001428 80000223100001425 80000223100001449 80000223100001424 2.73314261732 -2.25561 0.952576 -1.98316
9.09637 80000223100001425 80000223100001423 80000223100001449 80000223100001422 2.44422570455 -3.66268 2.9227 -1.95802
9.09637 80000223100001423 80000223100001422 80000223100001449 80000223100001421 2.31611074396 0.301303 3.02273 -2.74924
9.10157 80000223100001422 80000223100001419 80000223100001449 80000223100001418 1.90408954353 0.803496 -0.957863 -0.281964
9.17946 80000223100001419 80000223100001418 80000223100001449 80000223100001417 1.82268925262 2.44083 5.11801 0.612555
9.20668 80000223100001418 80000223100001417 80000223100001449 80000223100001416 1.74357057433 -3.20087 3.9394 1.16638
9.03463 80000223100001555 80000223100001554 80000223100001567 80000223100001553 2.89578500573 8.92389 0.8698 -18.0886
9.10415 80000223100001554 80000223100001552 80000223100001567 80000223100001551 2.5772902716 10.9028 -4.74703 -14.1182
9.22457 80000223100001552 80000223100001551 80000223100001567 80000223100001550 2.44422570455 6.32138 32.6477 -23.075
9.22845 80000223100001551 80000223100001550 80000223100001567 80000223100001549 2.31611074396 5.44426 32.3601 -22.9758
9.24362 80000223100001550 80000223100001549 80000223100001567 80000223100001548 2.20792547238 8.29035 32.3805 -20.6212
9.14811 80000223100001707 80000223100001706 80000223100001719 80000223100001705 4.17683491473 15.241 -29.1835 -5.78125
9.19223 80000223100001706 80000223100001705 80000223100001719 80000223100001704 4.00794511147 10.4538 -22.155 -5.86647
9.30278 80000223100001705 80000223100001702 80000223100001719 80000223100001701 3.49086136926 8.54445 -16.1427 -0.0890038
9.45376 80000223100001702 80000223100001701 80000223100001719 80000223100001700 3.28303305796 13.1462 -20.6284 -21.5143
9.5629 80000223100001701 80000223100001700 80000223100001719 80000223100001699 3.08482263583 19.4666 -25.8212 -35.8371
9.63442 80000223100001700 80000223100001698 80000223100001719 80000223100001697 2.89578500573 14.3139 -1.42754 -20.1693
9.63744 80000223100001698 80000223100001697 80000223100001719 80000223100001696 2.73314261732 16.5663 -0.519093 -17.4918
9.71005 80000223100001697 80000223100001695 80000223100001719 80000223100001694 2.44422570455 9.67756 4.49993 -4.68296
9.74255 80000223100001695 80000223100001687 80000223100001719 80000223100001686 1.66666955611 27.281 -4.70649 -12.3082
9.04653 80000223100001738 80000223100001737 80000223100001745 80000223100001736 3.70877426464 10.0042 8.5359 -9.39399
9.02855 80000223100001843 80000223100001842 80000223100001847 80000223100001841 6.14490120342 4.92777 -1.50538 -3.30666
9.02855 80000223100001842 80000223100001841 80000223100001847 80000223100001840 6.01075739884 4.77578 -1.75055 -3.2867
9.04358 80000223100001841 80000223100001840 80000223100001847 80000223100001839 5.84661374788 5.85547 -1.24431 -3.17847
9.07766 80000223100001840 80000223100001839 80000223100001847 80000223100001838 5.52976580795 4.8522 -1.87692 -2.52869
9.11431 80000223100001839 80000223100001838 80000223100001847 80000223100001837 5.22758097313 4.12353 -1.47276 -6.02516
9.17946 80000223100001838 80000223100001837 80000223100001847 80000223100001836 4.99593346816 0.641437 -4.38871 -6.99847
9.29951 80000223100001837 80000223100001835 80000223100001847 80000223100001834 4.66451770247 21.4149 -8.96597 -3.03511
9.30278 80000223100001835 80000223100001833 80000223100001847 80000223100001832 4.17683491473 18.6851 -11.7178 1.41793
9.30278 80000223100001833 80000223100001832 80000223100001847 80000223100001831 4.00794511147 20.056 -10.2959 0.968232
9.34016 80000223100001832 80000223100001831 80000223100001847 80000223100001830 3.93726108473 17.364 -11.5498 1.59809
9.3974 80000223100001831 80000223100001830 80000223100001847 80000223100001829 3.70877426464 18.2578 -11.9172 -5.88592
9.74667 80000223100001830 80000223100001828 80000223100001847 80000223100001827 3.28303305796 23.6434 -23.7471 50.151
9.98041 80000223100001828 80000223100001827 80000223100001847 80000223100001826 3.08482263583 15.0836 3.1618 26.6408
10.0289 80000223100001827 80000223100001826 80000223100001847 80000223100001825 3.00813107163 17.668 4.75655 26.4679
10.1262 80000223100001826 80000223100001825 80000223100001847 80000223100001824 2.73314261732 34.1994 -38.538 -9.84252
10.2809 80000223100001825 80000223100001823 80000223100001847 80000223100001822 2.44422570455 24.9287 -97.0559 -15.6302
10.3099 80000223100001823 80000223100001822 80000223100001847 80000223100001821 2.31611074396 14.9369 -98.1382 -2.71014
10.3184 80000223100001822 80000223100001821 80000223100001847 80000223100001820 2.20792547238 -0.509496 -77.0024 13.3237
10.3216 80000223100001821 80000223100001820 80000223100001847 80000223100001819 2.1032696526 27.7669 -102.437 -1.20261
10.3693 80000223100001820 80000223100001819 80000223100001847 80000223100001818 2.00202813925 21.5016 -100.217 16.0704
10.3991 80000223100001819 80000223100001818 80000223100001847 80000223100001817 1.90408954353 9.14552 -82.6351 24.2572
9.03463 80000223100001914 80000223100001913 80000223100001926 80000223100001912 5.52976580795 -0.0314537 -1.10546 0.103061
9.07216 80000223100001913 80000223100001912 80000223100001926 80000223100001911 5.22758097313 -0.158264 0.903249 1.3068
9.09111 80000223100001912 80000223100001911 80000223100001926 80000223100001910 4.99593346816 -1.27526 3.46541 1.506
9.09898 80000223100001911 80000223100001910 80000223100001926 80000223100001909 4.93938066349 0.718336 2.24632 1.62603
9.16182 80000223100001910 80000223100001908 80000223100001926 80000223100001907 4.42803373661 -4.70057 -5.87736 2.26666
9.2087 80000223100001908 80000223100001906 80000223100001926 80000223100001905 4.00794511147 0.0845959 -9.12774 1.82314
9.30278 80000223100001906 80000223100001905 80000223100001926 80000223100001904 3.93726108473 4.11983 -12.2703 -3.86313
9.32805 80000223100001905 80000223100001904 80000223100001926 80000223100001903 3.70877426464 4.27242 -12.8554 -0.567203
9.56999 80000223100001904 80000223100001903 80000223100001926 80000223100001902 3.49086136926 -7.91423 -15.4353 -17.3166
10.0615 80000223100001903 80000223100001899 80000223100001926 80000223100001898 2.89578500573 24.5999 -11.1648 25.934
9.09637 80000223100001956 80000223100001955 80000223100001961 80000223100001954 4.99593346816 9.62367 -0.716117 3.5356
9.09898 80000223100001955 80000223100001954 80000223100001961 80000223100001953 4.93938066349 9.4081 -1.43706 2.42106
9.11681 80000223100001954 80000223100001953 80000223100001961 80000223100001952 4.66451770247 8.30694 -3.4941 5.83452
9.17293 80000223100001953 80000223100001952 80000223100001961 80000223100001951 4.42803373661 9.36992 -4.1109 -0.53331
9.2342 80000223100001952 80000223100001951 80000223100001961 80000223100001950 4.17683491473 15.2188 -2.08124 -7.67594
9.2811 80000223100001951 80000223100001950 80000223100001961 80000223100001949 4.00794511147 13.4262 -4.11137 -11.42
9.39478 80000223100001950 80000223100001949 80000223100001961 80000223100001948 3.93726108473 23.4285 8.07768 -23.6027
9.53523 80000223100001949 80000223100001948 80000223100001961 80000223100001947 3.70877426464 30.1026 -1.0028 -18.2836
9.60054 80000223100001948 80000223100001947 80000223100001961 80000223100001946 3.49086136926 29.1694 0.564049 -13.3702
9.6623 80000223100001947 80000223100001946 80000223100001961 80000223100001945 3.28303305796 25.9115 -7.01476 -6.20641
9.0066 80000223100001974 80000223100001973 80000223100001979 80000223100001972 4.99593346816 14.5201 4.99213 0.444396
9.0066 80000223100001973 80000223100001971 80000223100001979 80000223100001970 4.66451770247 21.7711 9.28677 -1.48971
9.08845 80000223100001971 80000223100001970 80000223100001979 80000223100001969 4.42803373661 17.8306 7.45969 4.819
9.0098 80000223100002074 80000223100002073 80000223100002083 80000223100002072 5.22758097313 -1.68716 -4.23138 -0.53897
9.08845 80000223100002073 80000223100002072 80000223100002083 80000223100002071 4.99593346816 8.93618 -6.08516 2.21191
9.09637 80000223100002072 80000223100002071 80000223100002083 80000223100002070 4.93938066349 5.32155 -5.84931 2.12313
9.15042 80000223100002071 80000223100002070 80000223100002083 80000223100002069 4.66451770247 8.62026 -6.28904 1.17647
9.17073 80000223100002070 80000223100002069 80000223100002083 80000223100002068 4.42803373661 6.52182 -3.89327 -1.11404
9.19641 80000223100002069 80000223100002068 80000223100002083 80000223100002067 4.17683491473 6.62409 -3.83435 0.286802
9.22262 80000223100002068 80000223100002067 80000223100002083 80000223100002066 4.00794511147 6.5036 0.87817 0.298004
9.22457 80000223100002067 80000223100002066 80000223100002083 80000223100002065 3.93726108473 4.6995 0.260841 -1.03187
9.23037 80000223100002066 80000223100002065 80000223100002083 80000223100002064 3.70877426464 6.91951 0.466729 0.488519
9.29457 80000223100002065 80000223100002064 80000223100002083 80000223100002063 3.49086136926 4.92139 -7.51146 1.90696
9.30923 80000223100002064 80000223100002063 80000223100002083 80000223100002062 3.28303305796 3.50143 -5.62706 0.147404
9.36622 80000223100002063 80000223100002062 80000223100002083 80000223100002061 3.08482263583 16.919 2.4117 -3.07908
9.38005 80000223100002062 80000223100002060 80000223100002083 80000223100002059 2.89578500573 13.0701 -4.78087 -5.69124
9.0316 80000223100002221 80000223100002220 80000223100002228 80000223100002219 4.66451770247 17.6645 11.9778 7.40413
9.09637 80000223100002220 80000223100002219 80000223100002228 80000223100002218 4.42803373661 19.0235 8.62374 9.76988
9.13394 80000223100002219 80000223100002218 80000223100002228 80000223100002217 4.17683491473 14.1373 6.59273 11.1038
9.15956 80000223100002218 80000223100002217 80000223100002228 80000223100002216 4.00794511147 11.08 0.62997 9.3684
9.17293 80000223100002217 80000223100002216 80000223100002228 80000223100002215 3.93726108473 12.4511 -2.40741 7.22346
9.17512 80000223100002216 80000223100002215 80000223100002228 80000223100002214 3.70877426464 9.86695 5.1025 5.73954
9.35914 80000223100002215 80000223100002207 80000223100002228 80000223100002206 2.44422570455 29.1377 -26.4693 -18.6951
9.54185 80000223100002207 80000223100002205 80000223100002228 80000223100002204 2.20792547238 -4.15284 -37.8203 -5.00301
9.56379 80000223100002205 80000223100002202 80000223100002228 80000223100002201 1.90408954353 4.09964 -1.92613 -6.95412
9.72568 80000223100002202 80000223100002201 80000223100002228 80000223100002200 1.82268925262 -10.2872 1.5397 -4.56384
9.0098 80000223100002245 80000223100002244 80000223100002260 80000223100002243 2.73314261732 13.9956 -4.72817 7.03021
9.22457 80000223100002244 80000223100002243 80000223100002260 80000223100002242 2.5772902716 -18.9164 -0.632257 1.9762
9.42771 80000223100002243 80000223100002241 80000223100002260 80000223100002240 2.31611074396 2.30373 -22.7616 13.5627
9.00012 80000223100002398 80000223100002397 80000223100002415 80000223100002396 2.31611074396 -4.3438 -4.04682 3.50696
9.0098 80000223100002397 80000223100002390 80000223100002415 80000223100002389 1.66666955611 2.77727 2.39833 5.23341
9.02855 80000223100002390 80000223100002383 80000223100002415 80000223100002382 1.24847261425 1.31474 1.35678 4.16845
9.04945 80000223100002383 80000223100002382 80000223100002415 80000223100002381 1.20625808078 4.45911 1.01524 3.38751
