logMh | fpID | subhaloID | main leaf ID | descID |  z
9.00012 80000306100000104 80000306100000103 80000306100000109 80000306100000102 9.99659046619 1.15326 4.92757 1.49572
9.15502 80000306100000103 80000306100000101 80000306100000109 80000306100000100 9.38877127194 2.80384 1.94053 2.10061
9.22066 80000306100000101 80000306100000100 80000306100000109 80000306100000099 9.00233985416 2.21683 -0.0451033 1.55474
9.31401 80000306100000100 80000306100000099 80000306100000109 80000306100000098 8.9079991856 -10.0034 -0.497014 -0.503068
9.42404 80000306100000099 80000306100000098 80000306100000109 80000306100000097 8.44947629437 -14.8035 4.5421 -3.25303
9.48479 80000306100000098 80000306100000097 80000306100000109 80000306100000096 8.01217294887 -7.85527 9.07111 -0.102588
9.52754 80000306100000097 80000306100000096 80000306100000109 80000306100000095 7.59510714987 -3.0076 5.65519 -2.01209
9.7226 80000306100000096 80000306100000095 80000306100000109 80000306100000094 7.23627606617 -5.10797 7.31702 -7.75252
9.79899 80000306100000095 80000306100000094 80000306100000109 80000306100000093 7.00541704554 -5.12617 5.74653 -12.8328
9.87014 80000306100000094 80000306100000093 80000306100000109 80000306100000092 6.85511726265 -15.7493 -7.11955 -9.76354
10.0101 80000306100000093 80000306100000092 80000306100000109 80000306100000091 6.49159774567 -18.3024 -28.8993 -15.2233
10.0958 80000306100000092 80000306100000091 80000306100000109 80000306100000090 6.14490120342 -10.2084 -34.1098 -14.405
10.162 80000306100000091 80000306100000090 80000306100000109 80000306100000089 6.01075739884 1.76918 -28.4312 -15.5432
10.185 80000306100000090 80000306100000089 80000306100000109 80000306100000088 5.84661374788 9.76739 -43.8636 -14.8184
10.2459 80000306100000089 80000306100000088 80000306100000109 80000306100000087 5.52976580795 9.4708 -47.2615 -13.5961
10.2653 80000306100000088 80000306100000087 80000306100000109 80000306100000086 5.22758097313 14.7187 -54.3032 -10.2186
10.2854 80000306100000087 80000306100000086 80000306100000109 80000306100000085 4.99593346816 2.11989 -47.9483 -1.06244
10.2865 80000306100000086 80000306100000085 80000306100000109 80000306100000084 4.93938066349 4.1333 -43.7694 -3.73768
10.4534 80000306100000085 80000306100000084 80000306100000109 80000306100000083 4.66451770247 -10.5293 -80.7691 11.0081
10.5682 80000306100000084 80000306100000083 80000306100000109 80000306100000082 4.42803373661 5.15871 -151.914 16.8424
10.6432 80000306100000083 80000306100000082 80000306100000109 80000306100000081 4.17683491473 -3.19561 -167.362 6.24771
10.6602 80000306100000082 80000306100000081 80000306100000109 80000306100000080 4.00794511147 -9.30989 -157.109 8.39478
10.6816 80000306100000081 80000306100000080 80000306100000109 80000306100000079 3.93726108473 2.87992 -158.056 11.266
10.7163 80000306100000080 80000306100000079 80000306100000109 80000306100000078 3.70877426464 -5.15205 -167.303 7.21391
10.7817 80000306100000079 80000306100000078 80000306100000109 80000306100000077 3.49086136926 -5.83878 -178.639 1.21093
10.8083 80000306100000078 80000306100000077 80000306100000109 80000306100000076 3.28303305796 -6.26422 -187.211 1.88856
10.8238 80000306100000077 80000306100000076 80000306100000109 80000306100000075 3.08482263583 -15.6622 -190.359 5.10006
10.8372 80000306100000076 80000306100000075 80000306100000109 80000306100000074 3.00813107163 -30.1107 -192.507 19.9724
10.8488 80000306100000075 80000306100000074 80000306100000109 80000306100000073 2.89578500573 -18.8319 -195.351 19.2873
10.8538 80000306100000074 80000306100000073 80000306100000109 80000306100000072 2.73314261732 -12.762 -182.87 4.12757
10.8912 80000306100000073 80000306100000072 80000306100000109 80000306100000071 2.5772902716 -35.0489 -223.904 3.05126
10.9184 80000306100000072 80000306100000071 80000306100000109 80000306100000070 2.44422570455 -16.1228 -207.274 2.45608
10.9266 80000306100000071 80000306100000070 80000306100000109 80000306100000069 2.31611074396 -14.0103 -186.324 24.1307
10.9337 80000306100000070 80000306100000069 80000306100000109 80000306100000068 2.20792547238 -10.2746 -146.693 24.3268
10.9537 80000306100000069 80000306100000068 80000306100000109 80000306100000067 2.1032696526 -30.1617 -161.222 47.6051
10.9659 80000306100000068 80000306100000067 80000306100000109 80000306100000066 2.00202813925 -24.6307 -133.66 18.8535
10.9866 80000306100000067 80000306100000066 80000306100000109 80000306100000065 1.90408954353 41.7653 -127.406 27.9972
11.0078 80000306100000066 80000306100000065 80000306100000109 80000306100000064 1.82268925262 80.7736 -95.2658 25.1583
11.0202 80000306100000065 80000306100000064 80000306100000109 80000306100000063 1.74357057433 113.999 -67.4457 8.96776
11.0472 80000306100000064 80000306100000063 80000306100000109 80000306100000062 1.66666955611 116.905 -39.3229 11.0508
11.0714 80000306100000063 80000306100000062 80000306100000109 80000306100000061 1.60423452207 130.432 -36.98 -6.18658
11.0727 80000306100000062 80000306100000061 80000306100000109 80000306100000060 1.53123902916 133.034 -7.78892 -27.494
11.0999 80000306100000061 80000306100000060 80000306100000109 80000306100000059 1.47197484527 120.567 0.0670776 -34.1034
11.1086 80000306100000060 80000306100000059 80000306100000109 80000306100000058 1.41409822037 106.085 -14.1521 -57.8067
11.1218 80000306100000059 80000306100000058 80000306100000109 80000306100000057 1.3575766674 124.462 3.77593 -53.0158
11.1299 80000306100000058 80000306100000057 80000306100000109 80000306100000056 1.30237845991 128.962 -8.96252 -57.8155
11.1438 80000306100000057 80000306100000056 80000306100000109 80000306100000055 1.24847261425 82.0812 -31.4824 -51.2754
11.1446 80000306100000056 80000306100000055 80000306100000109 80000306100000054 1.20625808078 79.5225 -48.5015 -48.7663
11.1613 80000306100000055 80000306100000054 80000306100000109 80000306100000053 1.15460271236 87.1973 -48.227 -22.5933
11.1744 80000306100000054 80000306100000053 80000306100000109 80000306100000052 1.11415056377 80.1684 -33.9369 -23.9914
11.1797 80000306100000053 80000306100000047 80000306100000109 80000306100000046 0.923000816178 88.6451 -2.39968 -29.8576
11.1822 80000306100000047 80000306100000046 80000306100000109 80000306100000045 0.886896937575 96.1639 -9.54132 -51.2186
11.1964 80000306100000046 80000306100000044 80000306100000109 80000306100000043 0.816709979012 132.432 -11.806 -65.0226
11.2072 80000306100000044 80000306100000043 80000306100000109 80000306100000042 0.791068248946 150.705 18.5545 -41.6861
11.2097 80000306100000043 80000306100000042 80000306100000109 80000306100000041 0.757441372616 139.654 -16.5961 -64.2724
11.2204 80000306100000042 80000306100000041 80000306100000109 80000306100000040 0.732636182022 173.605 3.31842 -74.2217
11.2205 80000306100000041 80000306100000040 80000306100000109 80000306100000039 0.700106353719 200.619 -22.3189 -61.7858
11.2286 80000306100000040 80000306100000039 80000306100000109 80000306100000038 0.676110411213 196.139 -6.76026 -61.9628
11.2345 80000306100000039 80000306100000038 80000306100000109 80000306100000037 0.644641840685 203.152 -20.851 -60.7403
11.2456 80000306100000038 80000306100000037 80000306100000109 80000306100000036 0.621428745243 223.627 -13.798 -58.9038
11.2479 80000306100000037 80000306100000036 80000306100000109 80000306100000035 0.598543288188 223.387 -11.9717 -66.7341
11.2501 80000306100000036 80000306100000035 80000306100000109 80000306100000034 0.575980845108 204.831 6.54441 -68.256
11.2612 80000306100000035 80000306100000034 80000306100000109 80000306100000033 0.546392183141 220.73 20.0514 -33.1774
11.2654 80000306100000034 80000306100000033 80000306100000109 80000306100000032 0.524565820434 218.264 33.6642 -47.7178
11.2672 80000306100000033 80000306100000032 80000306100000109 80000306100000031 0.503047523245 210.195 30.6901 -33.2096
11.273 80000306100000032 80000306100000030 80000306100000109 80000306100000029 0.460917794181 201.558 44.6132 -18.5175
11.2803 80000306100000030 80000306100000029 80000306100000109 80000306100000028 0.440297849248 191.996 44.6763 -25.934
11.2923 80000306100000029 80000306100000028 80000306100000109 80000306100000027 0.419968941997 155.303 113.16 -71.196
11.3032 80000306100000028 80000306100000026 80000306100000109 80000306100000025 0.38016786726 152.535 112.423 -39.4442
11.3048 80000306100000026 80000306100000025 80000306100000109 80000306100000024 0.360687657262 174.95 81.2864 -22.2394
11.3075 80000306100000025 80000306100000023 80000306100000109 80000306100000022 0.328829724206 183.21 88.0674 -6.75679
11.3116 80000306100000023 80000306100000022 80000306100000109 80000306100000021 0.310074120128 162.287 53.5288 17.0113
11.3169 80000306100000022 80000306100000020 80000306100000109 80000306100000019 0.273353346578 160.751 36.853 22.773
11.3177 80000306100000020 80000306100000018 80000306100000109 80000306100000017 0.243540181555 139.836 49.5661 5.49623
11.3272 80000306100000018 80000306100000017 80000306100000109 80000306100000016 0.22598838626 179.874 49.0191 28.8676
11.3323 80000306100000017 80000306100000015 80000306100000109 80000306100000014 0.197284182376 155.288 45.4935 25.5036
11.3342 80000306100000015 80000306100000014 80000306100000109 80000306100000013 0.180385261706 181.23 30.672 -2.53853
11.3363 80000306100000014 80000306100000013 80000306100000109 80000306100000012 0.169252033244 172.516 49.0197 -7.93678
11.3365 80000306100000013 80000306100000010 80000306100000109 80000306100000009 0.125759332411 180.482 41.5867 -41.1181
11.3442 80000306100000010 80000306100000009 80000306100000109 80000306100000008 0.109869940459 185.235 48.6886 -64.7856
11.3484 80000306100000009 80000306100000008 80000306100000109 80000306100000007 0.0994018026302 184.569 51.0205 -46.7744
11.3523 80000306100000008 80000306100000007 80000306100000109 80000306100000006 0.0838844307975 179.844 55.2806 -69.9944
11.3536 80000306100000007 80000306100000006 80000306100000109 80000306100000005 0.0736613846564 167.465 73.3408 -83.2744
11.3564 80000306100000006 80000306100000005 80000306100000109 80000306100000004 0.0585073227945 137.601 83.9258 -64.9271
11.3578 80000306100000005 80000306100000004 80000306100000109 80000306100000003 0.0485236299818 158.323 73.6601 -59.3562
11.3608 80000306100000004 80000306100000001 80000306100000109 80000306100000000 0.00952166696794 189.438 61.4945 -45.0093
11.361 80000306100000001 80000306100000000 80000306100000109 -1 2.22044604925e-16 185.561 111.231 -57.0161
9.02239 80000306100000120 80000306100000119 80000306100000125 80000306100000118 8.44947629437 -1.9872 -4.20618 -11.9266
9.02548 80000306100000119 80000306100000117 80000306100000125 80000306100000116 7.59510714987 -2.36074 -3.22728 -5.07959
9.00337 80000306100000136 80000306100000135 80000306100000138 80000306100000134 9.00233985416 1.68584 -4.54476 0.457824
9.15956 80000306100000135 80000306100000133 80000306100000138 80000306100000132 8.44947629437 0.0997773 -4.85636 1.61961
9.26008 80000306100000133 80000306100000132 80000306100000138 80000306100000131 8.01217294887 1.783 -3.73686 1.83563
9.29787 80000306100000132 80000306100000131 80000306100000138 80000306100000130 7.59510714987 2.07805 -4.80471 3.5685
9.3634 80000306100000131 80000306100000130 80000306100000138 80000306100000129 7.23627606617 5.19555 5.19903 1.20493
9.04945 80000306100000173 80000306100000172 80000306100000175 80000306100000171 8.01217294887 1.81933 -4.96622 9.08135
9.2026 80000306100000172 80000306100000171 80000306100000175 80000306100000170 7.59510714987 6.15893 1.14263 10.0389
9.20464 80000306100000171 80000306100000170 80000306100000175 80000306100000169 7.23627606617 7.31047 2.28618 3.71228
9.26187 80000306100000170 80000306100000168 80000306100000175 80000306100000167 6.85511726265 9.433 3.5607 2.53442
9.4606 80000306100000168 80000306100000167 80000306100000175 80000306100000166 6.49159774567 17.376 6.83088 10.5069
9.65297 80000306100000167 80000306100000166 80000306100000175 80000306100000165 6.14490120342 4.9013 7.71909 9.2403
9.70685 80000306100000166 80000306100000165 80000306100000175 80000306100000164 6.01075739884 6.08044 20.5069 6.24365
9.74608 80000306100000165 80000306100000164 80000306100000175 80000306100000163 5.84661374788 -0.458496 17.1442 5.86931
9.86169 80000306100000164 80000306100000163 80000306100000175 80000306100000162 5.52976580795 -11.745 4.35505 8.77138
9.93393 80000306100000163 80000306100000162 80000306100000175 80000306100000161 5.22758097313 -18.4939 -8.97608 5.85736
9.96969 80000306100000162 80000306100000161 80000306100000175 80000306100000160 4.99593346816 -7.42376 -6.97425 13.3804
10.0066 80000306100000161 80000306100000160 80000306100000175 80000306100000159 4.93938066349 -3.57686 -6.69113 7.54312
9.00337 80000306100000231 80000306100000230 80000306100000233 80000306100000229 8.9079991856 2.56571 5.58395 2.58997
9.01928 80000306100000230 80000306100000229 80000306100000233 80000306100000228 8.44947629437 2.3132 5.26655 2.98383
9.18162 80000306100000229 80000306100000228 80000306100000233 80000306100000227 8.01217294887 3.00349 5.08721 1.25382
9.22066 80000306100000228 80000306100000227 80000306100000233 80000306100000226 7.59510714987 6.27735 9.62162 0.0714756
9.25284 80000306100000227 80000306100000226 80000306100000233 80000306100000225 7.23627606617 4.15414 8.46501 0.95325
9.32805 80000306100000226 80000306100000225 80000306100000233 80000306100000224 7.00541704554 9.18061 11.767 -1.94599
9.32958 80000306100000225 80000306100000222 80000306100000233 80000306100000221 6.14490120342 11.2792 8.1401 -2.49061
9.06939 80000306100000266 80000306100000265 80000306100000274 80000306100000264 5.84661374788 1.34679 5.69698 20.2923
9.07216 80000306100000265 80000306100000264 80000306100000274 80000306100000263 5.52976580795 -0.31763 5.49796 19.7658
9.08038 80000306100000362 80000306100000361 80000306100000374 80000306100000360 6.49159774567 -10.435 7.52973 3.38283
9.09637 80000306100000361 80000306100000360 80000306100000374 80000306100000359 6.14490120342 -15.8557 5.32159 0.459983
9.0098 80000306100000402 80000306100000401 80000306100000414 80000306100000400 4.66451770247 -1.20548 -10.1048 7.10819
9.0066 80000306100000425 80000306100000424 80000306100000431 80000306100000423 4.66451770247 -33.868 5.05422 2.16374
9.09637 80000306100000424 80000306100000420 80000306100000431 80000306100000419 3.93726108473 -49.526 19.0238 12.9478
9.02239 80000306100000516 80000306100000515 80000306100000524 80000306100000514 8.44947629437 2.35685 -0.152608 -0.707955
9.04945 80000306100000515 80000306100000514 80000306100000524 80000306100000513 8.01217294887 4.21813 0.427119 0.234186
9.23799 80000306100000514 80000306100000513 80000306100000524 80000306100000512 7.59510714987 -3.24586 -1.55506 6.93876
9.26543 80000306100000513 80000306100000512 80000306100000524 80000306100000511 7.23627606617 -1.5968 -2.7344 6.0124
9.29787 80000306100000512 80000306100000511 80000306100000524 80000306100000510 7.00541704554 -4.35366 -3.62333 7.62087
9.31717 80000306100000511 80000306100000510 80000306100000524 80000306100000509 6.85511726265 -4.71338 -4.62053 9.32496
9.39609 80000306100000510 80000306100000509 80000306100000524 80000306100000508 6.49159774567 -4.4166 -6.23754 10.25
9.43856 80000306100000509 80000306100000508 80000306100000524 80000306100000507 6.14490120342 -2.90238 -5.73258 11.728
9.48586 80000306100000508 80000306100000507 80000306100000524 80000306100000506 6.01075739884 -5.88053 -7.44958 9.58308
9.49848 80000306100000507 80000306100000506 80000306100000524 80000306100000505 5.84661374788 -7.12487 -6.12638 6.41283
9.53332 80000306100000506 80000306100000505 80000306100000524 80000306100000504 5.52976580795 -12.3336 -8.2613 4.25607
9.56911 80000306100000505 80000306100000504 80000306100000524 80000306100000503 5.22758097313 -7.32732 -10.71 -0.261637
9.58891 80000306100000504 80000306100000503 80000306100000524 80000306100000502 4.99593346816 -5.33457 -3.35592 -0.793161
9.61346 80000306100000503 80000306100000502 80000306100000524 80000306100000501 4.93938066349 -3.16659 -2.00121 -4.69666
9.62754 80000306100000502 80000306100000501 80000306100000524 80000306100000500 4.66451770247 -4.34757 -4.22002 -0.292319
9.68447 80000306100000501 80000306100000500 80000306100000524 80000306100000499 4.42803373661 -3.07339 -10.8816 -4.61452
9.69515 80000306100000500 80000306100000499 80000306100000524 80000306100000498 4.17683491473 0.392997 -14.9056 -7.26534
9.7263 80000306100000499 80000306100000498 80000306100000524 80000306100000497 4.00794511147 -1.60538 -12.1547 -3.11112
9.74373 80000306100000498 80000306100000497 80000306100000524 80000306100000496 3.93726108473 0.876333 -9.70403 -3.84098
9.01298 80000306100000742 80000306100000741 80000306100000748 80000306100000740 4.99593346816 4.9929 -7.61213 1.99037
9.02548 80000306100000741 80000306100000740 80000306100000748 80000306100000739 4.93938066349 4.66518 -6.52316 3.2093
9.19641 80000306100000740 80000306100000739 80000306100000748 80000306100000738 4.66451770247 -1.71173 -5.43938 1.29242
9.23988 80000306100000739 80000306100000738 80000306100000748 80000306100000737 4.42803373661 -8.25396 -5.67845 -4.42679
9.30278 80000306100000738 80000306100000737 80000306100000748 80000306100000736 4.17683491473 -8.17589 -7.37532 -0.985084
9.32031 80000306100000737 80000306100000736 80000306100000748 80000306100000735 4.00794511147 -4.118 -11.9129 -1.95908
9.33866 80000306100000736 80000306100000730 80000306100000748 80000306100000729 3.00813107163 -11.8671 1.162 -11.0358
9.05524 80000306100000849 80000306100000848 80000306100000862 80000306100000847 6.01075739884 8.87694 6.96409 4.35426
9.10157 80000306100000848 80000306100000847 80000306100000862 80000306100000846 5.84661374788 9.35807 7.92783 -3.20115
9.28788 80000306100000847 80000306100000846 80000306100000862 80000306100000845 5.52976580795 -2.9114 5.99699 0.606571
9.33415 80000306100000846 80000306100000845 80000306100000862 80000306100000844 5.22758097313 -6.75502 2.39476 3.03813
9.41156 80000306100000845 80000306100000844 80000306100000862 80000306100000843 4.99593346816 -14.9849 3.0099 5.91789
9.44797 80000306100000844 80000306100000843 80000306100000862 80000306100000842 4.93938066349 -16.7145 0.274998 4.92746
9.50363 80000306100000843 80000306100000842 80000306100000862 80000306100000841 4.66451770247 -25.9965 2.31627 7.31669
9.56911 80000306100000842 80000306100000840 80000306100000862 80000306100000839 4.17683491473 -13.4943 4.988 -3.10994
9.66088 80000306100000840 80000306100000839 80000306100000862 80000306100000838 4.00794511147 -13.047 7.0902 -13.5063
9.69317 80000306100000839 80000306100000838 80000306100000862 80000306100000837 3.93726108473 -17.3693 12.094 -12.3379
9.77389 80000306100000838 80000306100000837 80000306100000862 80000306100000836 3.70877426464 -23.1225 16.671 -4.09378
9.80261 80000306100000837 80000306100000836 80000306100000862 80000306100000835 3.49086136926 -23.8604 16.9597 -3.44408
9.84147 80000306100000836 80000306100000835 80000306100000862 80000306100000834 3.28303305796 -18.6161 8.60449 -3.39917
9.89787 80000306100000835 80000306100000834 80000306100000862 80000306100000833 3.08482263583 -27.3127 8.68289 -6.66742
9.90239 80000306100000834 80000306100000833 80000306100000862 80000306100000832 3.00813107163 -23.5619 4.15975 -4.94534
9.9028 80000306100000833 80000306100000832 80000306100000862 80000306100000831 2.89578500573 -19.8696 2.41202 -3.07629
9.92002 80000306100000832 80000306100000831 80000306100000862 80000306100000830 2.73314261732 -20.5972 0.164963 1.82864
9.94445 80000306100000831 80000306100000829 80000306100000862 80000306100000828 2.44422570455 -31.5862 -6.78413 -1.49926
9.94519 80000306100000829 80000306100000828 80000306100000862 80000306100000827 2.31611074396 -33.6194 -11.2742 -2.99756
9.98887 80000306100000828 80000306100000827 80000306100000862 80000306100000826 2.20792547238 -46.4892 -10.6859 -5.17144
10.0171 80000306100000827 80000306100000826 80000306100000862 80000306100000825 2.1032696526 -56.3253 -12.3664 -9.54207
10.019 80000306100000826 80000306100000825 80000306100000862 80000306100000824 2.00202813925 -48.6646 -7.48682 -5.09504
9.01298 80000306100001178 80000306100001177 80000306100001187 80000306100001176 4.99593346816 -1.94055 3.09462 0.656707
9.01614 80000306100001177 80000306100001176 80000306100001187 80000306100001175 4.93938066349 -1.5063 1.9986 0.740466
9.04358 80000306100001176 80000306100001175 80000306100001187 80000306100001174 4.66451770247 2.00579 4.19824 0.742343
9.07766 80000306100001175 80000306100001174 80000306100001187 80000306100001173 4.42803373661 0.819895 2.39399 -1.73569
9.32031 80000306100001174 80000306100001173 80000306100001187 80000306100001172 4.17683491473 17.1922 -7.6541 -13.2208
9.33566 80000306100001173 80000306100001172 80000306100001187 80000306100001171 4.00794511147 15.9712 -5.84227 -11.1286
9.38005 80000306100001172 80000306100001169 80000306100001187 80000306100001168 3.49086136926 3.78028 2.10856 -9.62919
9.43737 80000306100001169 80000306100001168 80000306100001187 80000306100001167 3.28303305796 17.5498 -9.75963 -9.01957
9.46397 80000306100001168 80000306100001167 80000306100001187 80000306100001166 3.08482263583 18.7472 -12.1534 -8.25701
9.49116 80000306100001167 80000306100001165 80000306100001187 80000306100001164 2.89578500573 18.6682 -8.42291 -8.8769
9.55478 80000306100001165 80000306100001163 80000306100001187 80000306100001162 2.5772902716 15.284 -8.47603 -7.66781
9.56379 80000306100001163 80000306100001162 80000306100001187 80000306100001161 2.44422570455 13.1537 -13.2754 -6.23574
9.5989 80000306100001162 80000306100001161 80000306100001187 80000306100001160 2.31611074396 11.5986 -10.2981 -11.1722
9.6182 80000306100001161 80000306100001158 80000306100001187 80000306100001157 2.00202813925 17.2024 2.952 -9.71382
9.65802 80000306100001158 80000306100001157 80000306100001187 80000306100001156 1.90408954353 12.0823 5.24781 -12.1561
9.6804 80000306100001157 80000306100001156 80000306100001187 80000306100001155 1.82268925262 15.9756 15.5404 -7.1184
9.70169 80000306100001156 80000306100001155 80000306100001187 80000306100001154 1.74357057433 24.6271 21.8394 -6.14002
9.00012 80000306100001501 80000306100001500 80000306100001523 80000306100001499 1.60423452207 10.589 5.44307 4.57298
9.02855 80000306100001500 80000306100001499 80000306100001523 80000306100001498 1.53123902916 13.3095 5.24992 3.47413
9.02855 80000306100001499 80000306100001498 80000306100001523 80000306100001497 1.47197484527 11.2499 4.69924 3.40061
9.05235 80000306100001498 80000306100001497 80000306100001523 80000306100001496 1.41409822037 13.9739 4.13631 3.55812
9.05235 80000306100001497 80000306100001496 80000306100001523 80000306100001495 1.3575766674 11.2696 3.88893 5.57549
9.05811 80000306100001496 80000306100001495 80000306100001523 80000306100001494 1.30237845991 13.2856 4.39418 8.16667
