logMh | fpID | subhaloID | main leaf ID | descID |  z
9.0098 90000814200000095 90000814200000094 90000814200000098 90000814200000093 7.00541704554 -0.36987 -2.07684 -0.0701736
9.01298 90000814200000094 90000814200000092 90000814200000098 90000814200000091 6.49159774567 0.416158 -1.27309 -2.31381
9.36481 90000814200000092 90000814200000091 90000814200000098 90000814200000090 6.14490120342 -8.44586 -8.78277 11.6755
9.40001 90000814200000091 90000814200000090 90000814200000098 90000814200000089 6.01075739884 -5.16241 0.398319 16.2958
9.41156 90000814200000090 90000814200000089 90000814200000098 90000814200000088 5.84661374788 -6.39177 -7.76147 12.9791
9.47176 90000814200000089 90000814200000088 90000814200000098 90000814200000087 5.52976580795 -10.3096 -8.89869 12.4104
9.64638 90000814200000088 90000814200000087 90000814200000098 90000814200000086 5.22758097313 -7.6946 -8.05632 21.2873
9.65151 90000814200000087 90000814200000086 90000814200000098 90000814200000085 4.99593346816 -4.35378 -6.11063 17.5256
9.76388 90000814200000086 90000814200000084 90000814200000098 90000814200000083 4.66451770247 8.39824 -9.99453 20.7317
9.87321 90000814200000084 90000814200000083 90000814200000098 90000814200000082 4.42803373661 23.3953 -23.6885 20.9639
9.98041 90000814200000083 90000814200000082 90000814200000098 90000814200000081 4.17683491473 4.70182 -38.4709 19.3711
9.98853 90000814200000082 90000814200000081 90000814200000098 90000814200000080 4.00794511147 0.904601 -41.37 13.8944
10.0301 90000814200000081 90000814200000080 90000814200000098 90000814200000079 3.93726108473 5.44144 -45.658 18.3125
10.1758 90000814200000080 90000814200000079 90000814200000098 90000814200000078 3.70877426464 -35.7243 -75.4515 31.2314
10.2269 90000814200000079 90000814200000078 90000814200000098 90000814200000077 3.49086136926 -56.1943 -70.2851 26.1613
10.2823 90000814200000078 90000814200000077 90000814200000098 90000814200000076 3.28303305796 -83.9546 -67.8806 28.6026
10.3217 90000814200000077 90000814200000076 90000814200000098 90000814200000075 3.08482263583 -88.1624 -74.7199 41.7685
10.3328 90000814200000076 90000814200000075 90000814200000098 90000814200000074 3.00813107163 -85.8168 -81.5022 41.0273
10.3509 90000814200000075 90000814200000072 90000814200000098 90000814200000071 2.5772902716 -77.8745 -52.3849 34.3012
10.3921 90000814200000072 90000814200000071 90000814200000098 90000814200000070 2.44422570455 -78.6572 -51.4849 14.1667
10.4132 90000814200000071 90000814200000070 90000814200000098 90000814200000069 2.31611074396 -70.8295 -25.3705 2.22508
10.4323 90000814200000070 90000814200000069 90000814200000098 90000814200000068 2.20792547238 -66.6702 -17.5138 -11.2192
10.4768 90000814200000069 90000814200000068 90000814200000098 90000814200000067 2.1032696526 -76.3276 -13.318 -21.3537
10.4988 90000814200000068 90000814200000067 90000814200000098 90000814200000066 2.00202813925 -78.2497 -9.29976 -31.2737
10.5223 90000814200000067 90000814200000066 90000814200000098 90000814200000065 1.90408954353 -89.048 -25.319 -23.6438
10.6224 90000814200000066 90000814200000065 90000814200000098 90000814200000064 1.82268925262 -46.3588 -77.1586 -93.2467
10.6813 90000814200000065 90000814200000064 90000814200000098 90000814200000063 1.74357057433 -30.6063 -106.208 -127.374
10.7094 90000814200000064 90000814200000063 90000814200000098 90000814200000062 1.66666955611 -31.5228 -82.6623 -124.616
10.7513 90000814200000063 90000814200000062 90000814200000098 90000814200000061 1.60423452207 -54.2687 -64.1083 -94.2183
10.7733 90000814200000062 90000814200000061 90000814200000098 90000814200000060 1.53123902916 -33.3967 -116.88 -134.13
10.8322 90000814200000061 90000814200000060 90000814200000098 90000814200000059 1.47197484527 -2.41695 -111.284 -147.966
10.8645 90000814200000060 90000814200000059 90000814200000098 90000814200000058 1.41409822037 25.1934 -124.348 -158.095
10.8871 90000814200000059 90000814200000058 90000814200000098 90000814200000057 1.3575766674 36.7401 -173.326 -205.832
10.9265 90000814200000058 90000814200000057 90000814200000098 90000814200000056 1.30237845991 63.117 -220.751 -243.571
10.9418 90000814200000057 90000814200000056 90000814200000098 90000814200000055 1.24847261425 71.2959 -205.646 -226.384
10.9476 90000814200000056 90000814200000054 90000814200000098 90000814200000053 1.15460271236 58.1559 -183.424 -220.3
10.9559 90000814200000054 90000814200000052 90000814200000098 90000814200000051 1.07445789455 27.8749 -184.728 -225.48
10.9599 90000814200000052 90000814200000033 90000814200000098 90000814200000032 0.524565820434 8.13538 -160.03 -178.366
10.9678 90000814200000033 90000814200000032 90000814200000098 90000814200000031 0.503047523245 1.52998 -167.619 -180.607
10.973 90000814200000032 90000814200000031 90000814200000098 90000814200000030 0.481832943421 -0.685445 -176.85 -184.768
10.9811 90000814200000031 90000814200000030 90000814200000098 90000814200000029 0.460917794181 -0.138055 -180.794 -180.738
10.9847 90000814200000030 90000814200000029 90000814200000098 90000814200000028 0.440297849248 -5.99274 -178.684 -183.51
10.9915 90000814200000029 90000814200000028 90000814200000098 90000814200000027 0.419968941997 -4.67907 -196.354 -188.03
10.9987 90000814200000028 90000814200000027 90000814200000098 90000814200000026 0.399926964614 -16.8257 -197.78 -189.462
11.0091 90000814200000027 90000814200000026 90000814200000098 90000814200000025 0.38016786726 -10.685 -207.506 -188.773
11.0131 90000814200000026 90000814200000025 90000814200000098 90000814200000024 0.360687657262 -13.3507 -204.151 -190.652
11.0162 90000814200000025 90000814200000024 90000814200000098 90000814200000023 0.347853841858 -21.7481 -201.19 -194.508
11.021 90000814200000024 90000814200000022 90000814200000098 90000814200000021 0.310074120128 -38.3673 -200.471 -199.37
11.031 90000814200000022 90000814200000021 90000814200000098 90000814200000020 0.291583239722 -45.582 -192.234 -194.107
11.0323 90000814200000021 90000814200000020 90000814200000098 90000814200000019 0.273353346578 -42.1289 -206.332 -193.444
11.0363 90000814200000020 90000814200000019 90000814200000098 90000814200000018 0.261343256161 -41.6889 -206.865 -197.182
11.0434 90000814200000019 90000814200000018 90000814200000098 90000814200000017 0.243540181555 -39.3114 -205.474 -189.377
11.0458 90000814200000018 90000814200000016 90000814200000098 90000814200000015 0.214425035514 -31.5281 -210.668 -196.256
11.0489 90000814200000016 90000814200000015 90000814200000098 90000814200000014 0.197284182376 -32.0373 -213.395 -191.205
11.053 90000814200000015 90000814200000014 90000814200000098 90000814200000013 0.180385261706 -27.7517 -213.015 -189.797
11.0558 90000814200000014 90000814200000012 90000814200000098 90000814200000011 0.152748768902 -28.3759 -224.075 -189.233
11.0566 90000814200000012 90000814200000011 90000814200000098 90000814200000010 0.14187620397 -24.2262 -219.603 -191.877
11.0604 90000814200000011 90000814200000010 90000814200000098 90000814200000009 0.125759332411 -29.8848 -215.055 -184.988
11.0624 90000814200000010 90000814200000006 90000814200000098 90000814200000005 0.0736613846564 -30.8856 -222.417 -191.501
11.0628 90000814200000006 90000814200000005 90000814200000098 90000814200000004 0.0585073227945 -33.7086 -226.086 -185.511
11.0692 90000814200000005 90000814200000003 90000814200000098 90000814200000002 0.0337243718735 -45.9508 -249.356 -192.206
11.0701 90000814200000003 90000814200000002 90000814200000098 90000814200000001 0.0239744283828 -43.2332 -238.743 -183.26
11.0737 90000814200000002 90000814200000001 90000814200000098 90000814200000000 0.00952166696794 -48.3971 -258.317 -193.437
11.0748 90000814200000001 90000814200000000 90000814200000098 -1 2.22044604925e-16 -49.9202 -253.792 -190.848
9.35194 90000814200000162 90000814200000161 90000814200000170 90000814200000160 6.14490120342 -6.66983 20.3842 -14.147
9.36622 90000814200000161 90000814200000158 90000814200000170 90000814200000157 5.52976580795 -11.1717 8.48437 -7.83573
9.44093 90000814200000158 90000814200000156 90000814200000170 90000814200000155 4.99593346816 -8.78962 14.5819 -15.8538
9.02855 90000814200000178 90000814200000177 90000814200000179 90000814200000176 7.00541704554 -5.67156 2.45932 1.7489
9.11431 90000814200000184 90000814200000183 90000814200000190 90000814200000182 6.49159774567 -4.51514 8.79907 -6.94801
9.05524 90000814200000230 90000814200000229 90000814200000238 90000814200000228 6.85511726265 -0.488399 1.6741 -0.196403
9.3974 90000814200000229 90000814200000225 90000814200000238 90000814200000224 5.84661374788 -2.4708 0.93555 7.70517
9.44093 90000814200000225 90000814200000223 90000814200000238 90000814200000222 5.22758097313 -6.90048 -13.2615 3.82378
9.46397 90000814200000223 90000814200000222 90000814200000238 90000814200000221 4.99593346816 -4.2275 -2.68185 5.50543
9.49848 90000814200000222 90000814200000221 90000814200000238 90000814200000220 4.93938066349 -1.76275 -10.0842 6.0824
9.53044 90000814200000221 90000814200000220 90000814200000238 90000814200000219 4.66451770247 -3.19856 -10.8382 2.47901
9.60543 90000814200000220 90000814200000219 90000814200000238 90000814200000218 4.42803373661 7.56848 -22.5502 -5.13356
9.18376 90000814200000241 90000814200000240 90000814200000246 90000814200000239 6.14490120342 -3.48039 7.01353 9.87789
9.31401 90000814200000240 90000814200000239 90000814200000246 90000814200000225 6.01075739884 -2.65084 1.90742 9.13694
9.04062 90000814200000284 90000814200000283 90000814200000289 90000814200000282 6.49159774567 -2.84809 -3.68221 -3.41464
9.08038 90000814200000283 90000814200000282 90000814200000289 90000814200000281 6.14490120342 -4.13072 3.82954 -3.56905
9.18376 90000814200000282 90000814200000281 90000814200000289 90000814200000280 6.01075739884 7.96666 -0.712894 -6.42524
9.37732 90000814200000281 90000814200000280 90000814200000289 90000814200000279 5.84661374788 1.75608 -4.29378 -25.9922
9.40518 90000814200000280 90000814200000279 90000814200000289 90000814200000278 5.52976580795 -0.594164 -11.1335 -20.1703
9.47066 90000814200000279 90000814200000278 90000814200000289 90000814200000277 5.22758097313 2.52518 -7.55878 -14.5966
9.50055 90000814200000278 90000814200000277 90000814200000289 90000814200000276 4.99593346816 2.37123 -6.94517 -14.6034
9.53713 90000814200000277 90000814200000276 90000814200000289 90000814200000275 4.93938066349 7.46834 -8.40101 -12.7319
9.57349 90000814200000276 90000814200000275 90000814200000289 90000814200000274 4.66451770247 -0.179299 -9.42156 -14.1797
9.60543 90000814200000275 90000814200000274 90000814200000289 90000814200000273 4.42803373661 -0.817581 -9.48335 -13.1633
9.60543 90000814200000274 90000814200000273 90000814200000289 90000814200000272 4.17683491473 10.9815 -4.0444 -6.84859
9.61425 90000814200000273 90000814200000272 90000814200000289 90000814200000271 4.00794511147 6.81891 -6.11363 -6.43944
9.61504 90000814200000272 90000814200000271 90000814200000289 90000814200000270 3.93726108473 10.5453 -7.86844 -10.944
9.63442 90000814200000271 90000814200000270 90000814200000289 90000814200000269 3.70877426464 7.84798 -8.15921 -16.0544
9.65297 90000814200000270 90000814200000269 90000814200000289 90000814200000268 3.49086136926 6.36998 -14.0303 -14.2874
9.6573 90000814200000269 90000814200000268 90000814200000289 90000814200000267 3.28303305796 8.54843 -14.3193 -19.0102
9.67353 90000814200000268 90000814200000266 90000814200000289 90000814200000265 3.00813107163 0.0117357 -22.4186 -21.6914
9.69449 90000814200000266 90000814200000265 90000814200000289 90000814200000264 2.89578500573 -6.54881 -22.5766 -15.8236
9.72813 90000814200000265 90000814200000264 90000814200000289 90000814200000263 2.73314261732 -7.3106 -19.7961 -8.46013
9.01614 90000814200000335 90000814200000334 90000814200000341 90000814200000333 5.22758097313 2.92169 -2.88874 1.15768
9.04358 90000814200000334 90000814200000333 90000814200000341 90000814200000332 4.99593346816 1.44974 -4.67929 2.1634
9.07766 90000814200000333 90000814200000331 90000814200000341 90000814200000330 4.66451770247 3.4797 -3.47157 1.91193
9.19848 90000814200000331 90000814200000330 90000814200000341 90000814200000329 4.42803373661 0.336303 -7.93724 -25.3723
9.35194 90000814200000330 90000814200000329 90000814200000341 90000814200000328 4.17683491473 0.222315 -13.8552 -21.6261
9.39081 90000814200000329 90000814200000328 90000814200000341 90000814200000327 4.00794511147 2.21918 -15.7702 -19.6163
9.47832 90000814200000328 90000814200000325 90000814200000341 90000814200000324 3.49086136926 -2.52544 -16.6266 -30.4925
9.50567 90000814200000325 90000814200000324 90000814200000341 90000814200000323 3.28303305796 4.85096 -18.1228 -30.1161
9.58127 90000814200000324 90000814200000323 90000814200000341 90000814200000322 3.08482263583 1.62397 -23.5118 -49.2298
9.60054 90000814200000323 90000814200000322 90000814200000341 90000814200000321 3.00813107163 7.73139 -21.8422 -49.9738
9.6182 90000814200000322 90000814200000321 90000814200000341 90000814200000320 2.89578500573 9.53246 -21.2575 -49.4983
9.65224 90000814200000321 90000814200000320 90000814200000341 90000814200000319 2.73314261732 11.4237 -21.8027 -47.1019
9.67491 90000814200000320 90000814200000318 90000814200000341 90000814200000317 2.44422570455 5.09419 -13.807 -41.2628
9.67491 90000814200000318 90000814200000313 90000814200000341 90000814200000312 1.90408954353 5.35096 -14.903 -43.928
9.23037 90000814200000418 90000814200000417 90000814200000419 90000814200000416 1.53123902916 -16.9869 -0.106731 -19.5158
9.02548 90000814200000470 90000814200000469 90000814200000474 90000814200000468 7.59510714987 2.78785 5.14009 5.24396
9.1573 90000814200000469 90000814200000468 90000814200000474 90000814200000467 7.23627606617 -10.6432 -3.15503 3.15866
9.2361 90000814200000468 90000814200000466 90000814200000474 90000814200000465 6.85511726265 -11.0915 -3.82728 3.548
9.32031 90000814200000466 90000814200000465 90000814200000474 90000814200000464 6.49159774567 -15.1909 -10.4195 2.56942
9.4026 90000814200000465 90000814200000464 90000814200000474 90000814200000463 6.14490120342 -6.4325 -3.17252 3.01977
9.46621 90000814200000464 90000814200000463 90000814200000474 90000814200000462 6.01075739884 -2.80475 -0.186794 -4.00546
9.47615 90000814200000463 90000814200000462 90000814200000474 90000814200000461 5.84661374788 -6.35131 -1.25538 -4.168
9.5026 90000814200000462 90000814200000461 90000814200000474 90000814200000460 5.52976580795 -4.85513 -0.390799 -4.08688
9.5256 90000814200000461 90000814200000460 90000814200000474 90000814200000459 5.22758097313 -6.0704 -2.3614 -4.83081
9.55387 90000814200000460 90000814200000458 90000814200000474 90000814200000457 4.93938066349 -7.3378 -6.46363 6.09148
9.55569 90000814200000458 90000814200000457 90000814200000474 90000814200000456 4.66451770247 -3.41307 -8.89117 7.64605
9.60705 90000814200000457 90000814200000456 90000814200000474 90000814200000455 4.42803373661 -5.12526 -11.799 10.3673
9.63744 90000814200000456 90000814200000455 90000814200000474 90000814200000454 4.17683491473 -7.56667 -2.62414 7.08992
9.67972 90000814200000455 90000814200000454 90000814200000474 90000814200000453 4.00794511147 -7.13675 -0.00429205 8.95018
9.73118 90000814200000454 90000814200000452 90000814200000474 90000814200000451 3.70877426464 5.71416 -1.15705 9.1903
9.81127 90000814200000452 90000814200000450 90000814200000474 90000814200000449 3.28303305796 2.00443 0.652638 2.65658
9.85124 90000814200000450 90000814200000449 90000814200000474 90000814200000448 3.08482263583 -7.12729 5.80604 9.31725
9.93241 90000814200000449 90000814200000448 90000814200000474 90000814200000447 3.00813107163 -1.65699 19.7726 -2.98187
10.0174 90000814200000448 90000814200000447 90000814200000474 90000814200000446 2.89578500573 -20.9926 25.2893 4.74672
10.1123 90000814200000447 90000814200000446 90000814200000474 90000814200000445 2.73314261732 -29.7967 13.2865 8.71684
10.1647 90000814200000446 90000814200000445 90000814200000474 90000814200000444 2.5772902716 -26.8465 28.6906 9.28796
10.2495 90000814200000445 90000814200000444 90000814200000474 90000814200000443 2.44422570455 -42.2198 30.5634 17.7632
10.2527 90000814200000444 90000814200000440 90000814200000474 90000814200000439 2.00202813925 -39.2745 9.80647 -11.1731
9.15042 90000814200000509 90000814200000508 90000814200000523 90000814200000507 4.17683491473 1.56232 -29.2258 9.02427
9.24362 90000814200000508 90000814200000505 90000814200000523 90000814200000504 3.70877426464 1.80097 -15.049 13.7243
9.27072 90000814200000505 90000814200000503 90000814200000523 90000814200000502 3.28303305796 4.56224 -12.204 10.6878
9.0098 90000814200000533 90000814200000532 90000814200000535 90000814200000505 3.93726108473 -0.521664 -13.8974 7.04496
9.02855 90000814200000609 90000814200000608 90000814200000633 90000814200000607 2.73314261732 -0.70015 -3.38481 -4.24623
9.0066 90000814200000717 90000814200000716 90000814200000735 90000814200000715 4.00794511147 0.131468 -5.13954 -1.92242
9.05524 90000814200000716 90000814200000714 90000814200000735 90000814200000713 3.70877426464 -0.302369 -7.11637 1.82626
9.06939 90000814200000714 90000814200000713 90000814200000735 90000814200000712 3.49086136926 -5.69451 -6.52106 3.02079
9.17293 90000814200000713 90000814200000712 90000814200000735 90000814200000711 3.28303305796 -8.15398 -5.85702 6.93953
9.24548 90000814200000712 90000814200000711 90000814200000735 90000814200000710 3.08482263583 -7.2593 -4.54455 3.97702
9.26896 90000814200000711 90000814200000710 90000814200000735 90000814200000709 3.00813107163 -8.79226 -6.0304 1.23965
9.29124 90000814200000710 90000814200000708 90000814200000735 90000814200000707 2.73314261732 -7.25279 -6.5942 -1.09872
9.0098 90000814200000832 90000814200000831 90000814200000844 90000814200000830 3.00813107163 -3.37385 13.4739 -2.0181
9.02855 90000814200000831 90000814200000830 90000814200000844 90000814200000829 2.89578500573 -1.72025 8.17599 -3.11409
9.04653 90000814200000830 90000814200000829 90000814200000844 90000814200000828 2.73314261732 -5.43046 6.93211 0.908394
9.18162 90000814200000829 90000814200000828 90000814200000844 90000814200000827 2.5772902716 -5.14093 12.2718 -1.51708
9.19641 90000814200000828 90000814200000827 90000814200000844 90000814200000826 2.44422570455 -3.86921 13.3672 -2.05544
9.25466 90000814200000827 90000814200000826 90000814200000844 90000814200000825 2.31611074396 2.65896 5.62423 0.328745
9.2811 90000814200000826 90000814200000825 90000814200000844 90000814200000824 2.20792547238 5.47368 2.27618 -1.48371
9.2828 90000814200000825 90000814200000822 90000814200000844 90000814200000821 1.90408954353 9.05264 1.75288 0.375886
9.32187 90000814200000822 90000814200000819 90000814200000844 90000814200000818 1.66666955611 14.9204 0.681632 -10.7272
