logMh | fpID | subhaloID | main leaf ID | descID |  z
9.0066 90001224200000098 90001224200000097 90001224200000101 90001224200000096 8.01217294887 -5.07682 8.1688 -4.10158
9.07492 90001224200000097 90001224200000096 90001224200000101 90001224200000095 7.59510714987 -6.89463 8.85921 -2.31148
9.12424 90001224200000096 90001224200000095 90001224200000101 90001224200000094 7.23627606617 -10.6629 9.15826 -2.75424
9.19848 90001224200000095 90001224200000092 90001224200000101 90001224200000091 6.49159774567 -13.8361 12.7317 5.59507
9.50465 90001224200000092 90001224200000091 90001224200000101 90001224200000090 6.14490120342 -19.716 9.0726 6.31481
9.55387 90001224200000091 90001224200000090 90001224200000101 90001224200000089 6.01075739884 -20.8201 0.319305 13.1262
9.7519 90001224200000090 90001224200000088 90001224200000101 90001224200000087 5.52976580795 -8.96813 6.39521 0.683927
9.84708 90001224200000088 90001224200000087 90001224200000101 90001224200000086 5.22758097313 7.94581 7.35681 -8.93062
9.87452 90001224200000087 90001224200000086 90001224200000101 90001224200000085 4.99593346816 4.7618 14.2974 -8.35308
9.8823 90001224200000086 90001224200000085 90001224200000101 90001224200000084 4.93938066349 3.37798 14.0528 -8.85783
10.0459 90001224200000085 90001224200000084 90001224200000101 90001224200000083 4.66451770247 -5.6918 -5.41847 17.3853
10.2954 90001224200000084 90001224200000081 90001224200000101 90001224200000080 4.00794511147 25.1286 -14.597 20.0654
10.3016 90001224200000081 90001224200000080 90001224200000101 90001224200000079 3.93726108473 31.6229 -12.6418 7.54428
10.3548 90001224200000080 90001224200000079 90001224200000101 90001224200000078 3.70877426464 43.9019 -39.7313 3.91975
10.4108 90001224200000079 90001224200000078 90001224200000101 90001224200000077 3.49086136926 47.7116 -43.7886 -25.6933
10.4517 90001224200000078 90001224200000077 90001224200000101 90001224200000076 3.28303305796 55.9624 -39.6091 -33.59
10.466 90001224200000077 90001224200000076 90001224200000101 90001224200000075 3.08482263583 74.4899 -37.1001 -27.5978
10.4871 90001224200000076 90001224200000075 90001224200000101 90001224200000074 3.00813107163 63.1805 -42.3937 -30.5041
10.508 90001224200000075 90001224200000074 90001224200000101 90001224200000073 2.89578500573 66.3321 -38.5947 -32.4106
10.5402 90001224200000074 90001224200000073 90001224200000101 90001224200000072 2.73314261732 76.1786 -15.6213 -36.1841
10.5613 90001224200000073 90001224200000072 90001224200000101 90001224200000071 2.5772902716 72.9118 -7.69196 -48.6035
10.5763 90001224200000072 90001224200000071 90001224200000101 90001224200000070 2.44422570455 80.9381 3.36273 -57.2302
10.6258 90001224200000071 90001224200000070 90001224200000101 90001224200000069 2.31611074396 89.0652 30.2139 -80.8394
10.6597 90001224200000070 90001224200000069 90001224200000101 90001224200000068 2.20792547238 83.1802 33.1034 -88.7645
10.7316 90001224200000069 90001224200000068 90001224200000101 90001224200000067 2.1032696526 64.8152 75.7481 -115.548
10.7514 90001224200000068 90001224200000067 90001224200000101 90001224200000066 2.00202813925 95.161 54.0477 -134.959
10.7802 90001224200000067 90001224200000066 90001224200000101 90001224200000065 1.90408954353 89.9983 48.4067 -126.181
10.8025 90001224200000066 90001224200000065 90001224200000101 90001224200000064 1.82268925262 104.074 29.6894 -120.077
10.8049 90001224200000065 90001224200000064 90001224200000101 90001224200000063 1.74357057433 108.239 24.5262 -118.528
10.8049 90001224200000064 90001224200000063 90001224200000101 90001224200000062 1.66666955611 107.662 10.689 -111.684
10.8055 90001224200000063 90001224200000054 90001224200000101 90001224200000053 1.15460271236 84.4266 -11.086 -82.4701
10.8149 90001224200000054 90001224200000053 90001224200000101 90001224200000052 1.11415056377 82.4301 -18.6627 -91.549
10.8158 90001224200000053 90001224200000052 90001224200000101 90001224200000051 1.07445789455 79.9835 -18.0055 -90.8533
10.8184 90001224200000052 90001224200000051 90001224200000101 90001224200000050 1.03551044566 89.4791 -15.2088 -95.8883
10.822 90001224200000051 90001224200000050 90001224200000101 90001224200000049 0.997294225782 90.9489 -10.6767 -98.8392
10.8237 90001224200000050 90001224200000049 90001224200000101 90001224200000048 0.987852810816 93.5307 -7.50632 -100.661
10.8341 90001224200000049 90001224200000048 90001224200000101 90001224200000047 0.950531351585 96.7667 -11.6234 -93.6007
10.8437 90001224200000048 90001224200000047 90001224200000101 90001224200000046 0.923000816178 98.9441 -11.7538 -109.511
10.8504 90001224200000047 90001224200000046 90001224200000101 90001224200000045 0.886896937575 109.991 -14.4226 -105.473
10.8571 90001224200000046 90001224200000045 90001224200000101 90001224200000044 0.851470900625 115.732 -18.1247 -106.471
10.8593 90001224200000045 90001224200000044 90001224200000101 90001224200000043 0.816709979012 123.461 -14.4128 -109.131
10.8671 90001224200000044 90001224200000043 90001224200000101 90001224200000042 0.791068248946 127.569 -11.1539 -112.844
10.8755 90001224200000043 90001224200000042 90001224200000101 90001224200000041 0.757441372616 121.288 -11.51 -115.217
10.8826 90001224200000042 90001224200000041 90001224200000101 90001224200000040 0.732636182022 133.848 -16.6449 -121.985
10.8857 90001224200000041 90001224200000040 90001224200000101 90001224200000039 0.700106353719 126.018 -21.0631 -135.912
10.8914 90001224200000040 90001224200000039 90001224200000101 90001224200000038 0.676110411213 137.714 -19.3499 -137.455
10.8921 90001224200000039 90001224200000037 90001224200000101 90001224200000036 0.621428745243 133.271 -23.702 -120.696
10.9018 90001224200000037 90001224200000036 90001224200000101 90001224200000035 0.598543288188 136.2 -21.1868 -140.783
10.9065 90001224200000036 90001224200000035 90001224200000101 90001224200000034 0.575980845108 137.397 -20.6906 -142.749
10.9103 90001224200000035 90001224200000034 90001224200000101 90001224200000033 0.546392183141 125.967 -16.4255 -143.811
10.9159 90001224200000034 90001224200000033 90001224200000101 90001224200000032 0.524565820434 128.826 -18.183 -156.828
10.9231 90001224200000033 90001224200000032 90001224200000101 90001224200000031 0.503047523245 135.335 -19.3872 -162.504
10.931 90001224200000032 90001224200000030 90001224200000101 90001224200000029 0.460917794181 129.595 -12.6393 -164.025
10.9347 90001224200000030 90001224200000028 90001224200000101 90001224200000027 0.419968941997 142.909 -12.3808 -160.978
10.9393 90001224200000028 90001224200000027 90001224200000101 90001224200000026 0.399926964614 135.023 -13.2522 -166.058
10.9479 90001224200000027 90001224200000026 90001224200000101 90001224200000025 0.38016786726 140.856 -14.7361 -176.133
10.9497 90001224200000026 90001224200000025 90001224200000101 90001224200000024 0.360687657262 133.691 -14.9608 -169.63
10.9508 90001224200000025 90001224200000024 90001224200000101 90001224200000023 0.347853841858 123.651 -13.2174 -166.42
10.9574 90001224200000024 90001224200000023 90001224200000101 90001224200000022 0.328829724206 121.526 -13.7185 -179.83
10.9602 90001224200000023 90001224200000022 90001224200000101 90001224200000021 0.310074120128 112.494 -23.6365 -169.127
10.9624 90001224200000022 90001224200000021 90001224200000101 90001224200000020 0.291583239722 108.262 -15.3234 -166.268
10.97 90001224200000021 90001224200000019 90001224200000101 90001224200000018 0.261343256161 102.42 -23.6914 -177.802
10.9742 90001224200000019 90001224200000018 90001224200000101 90001224200000017 0.243540181555 94.773 -22.044 -192.086
10.9745 90001224200000018 90001224200000017 90001224200000101 90001224200000016 0.22598838626 110.98 -25.8452 -182.17
10.9755 90001224200000017 90001224200000016 90001224200000101 90001224200000015 0.214425035514 110.511 -33.1178 -187.584
10.9823 90001224200000016 90001224200000015 90001224200000101 90001224200000014 0.197284182376 112.989 -39.8372 -189.151
10.9885 90001224200000015 90001224200000013 90001224200000101 90001224200000012 0.169252033244 105.362 -35.2702 -190.708
10.9917 90001224200000013 90001224200000012 90001224200000101 90001224200000011 0.152748768902 108.395 -36.9992 -194.78
10.9947 90001224200000012 90001224200000011 90001224200000101 90001224200000010 0.14187620397 118.089 -43.3871 -201.127
10.9989 90001224200000011 90001224200000010 90001224200000101 90001224200000009 0.125759332411 117.616 -37.7715 -205.303
11.0032 90001224200000010 90001224200000009 90001224200000101 90001224200000008 0.109869940459 121.85 -52.9607 -220.526
11.0046 90001224200000009 90001224200000008 90001224200000101 90001224200000007 0.0994018026302 121.725 -54.4162 -232.7
11.0111 90001224200000008 90001224200000006 90001224200000101 90001224200000005 0.0736613846564 130.295 -63.7472 -237.618
11.0176 90001224200000006 90001224200000003 90001224200000101 90001224200000002 0.0337243718735 136.535 -68.8207 -251.758
11.0202 90001224200000003 90001224200000002 90001224200000101 90001224200000001 0.0239744283828 138.431 -67.6033 -255.406
11.0218 90001224200000002 90001224200000001 90001224200000101 90001224200000000 0.00952166696794 131.742 -64.9066 -250.142
11.0261 90001224200000001 90001224200000000 90001224200000101 -1 2.22044604925e-16 133.958 -62.0983 -245.652
9.55387 90001224200000112 90001224200000111 90001224200000128 90001224200000088 5.84661374788 -12.2229 9.0624 2.78334
9.08038 90001224200000154 90001224200000153 90001224200000161 90001224200000152 5.52976580795 4.17543 -7.03817 3.52607
9.10671 90001224200000153 90001224200000152 90001224200000161 90001224200000151 5.22758097313 6.04166 -9.90364 3.05396
9.19223 90001224200000152 90001224200000151 90001224200000161 90001224200000150 4.99593346816 -4.10089 -8.30747 -0.781539
9.19223 90001224200000151 90001224200000150 90001224200000161 90001224200000149 4.93938066349 -4.17683 -7.52947 0.647355
10.1286 90001224200000150 90001224200000148 90001224200000161 90001224200000147 4.42803373661 17.9287 -31.0847 44.2438
10.2317 90001224200000148 90001224200000147 90001224200000161 90001224200000081 4.17683491473 33.2011 -30.2994 37.9084
9.04358 90001224200000186 90001224200000185 90001224200000194 90001224200000184 8.01217294887 -0.652894 -0.906733 -4.16203
9.05235 90001224200000185 90001224200000184 90001224200000194 90001224200000183 7.59510714987 0.281531 -3.91252 -3.95446
9.12424 90001224200000184 90001224200000183 90001224200000194 90001224200000182 7.23627606617 1.24568 -4.2801 -1.27536
9.18162 90001224200000183 90001224200000182 90001224200000194 90001224200000181 7.00541704554 1.59376 1.8208 -3.03238
9.19223 90001224200000182 90001224200000181 90001224200000194 90001224200000180 6.85511726265 0.560617 0.0578185 -2.80664
9.27938 90001224200000181 90001224200000180 90001224200000194 90001224200000179 6.49159774567 -6.87871 1.82076 2.88656
9.35914 90001224200000180 90001224200000177 90001224200000194 90001224200000176 5.84661374788 -8.91879 0.883802 4.19923
9.23037 90001224200000209 90001224200000208 90001224200000214 90001224200000207 6.01075739884 -3.57954 5.69985 0.792264
9.2342 90001224200000208 90001224200000207 90001224200000214 90001224200000206 5.84661374788 -3.48502 5.63087 1.81841
9.26896 90001224200000207 90001224200000206 90001224200000214 90001224200000205 5.52976580795 -1.19418 6.10306 1.01578
9.30923 90001224200000206 90001224200000204 90001224200000214 90001224200000203 4.99593346816 -0.993632 8.00756 5.04122
9.34461 90001224200000204 90001224200000203 90001224200000214 90001224200000202 4.93938066349 -6.24997 6.08847 3.11133
9.0098 90001224200000230 90001224200000229 90001224200000247 90001224200000228 4.66451770247 -6.42847 6.7457 7.94253
9.02548 90001224200000229 90001224200000225 90001224200000247 90001224200000224 3.93726108473 -0.589678 1.8819 5.56941
9.04062 90001224200000287 90001224200000286 90001224200000297 90001224200000285 5.84661374788 2.18481 2.52048 -1.21358
9.05811 90001224200000286 90001224200000285 90001224200000297 90001224200000284 5.52976580795 -1.17118 1.55333 -1.84909
9.22262 90001224200000285 90001224200000284 90001224200000297 90001224200000283 5.22758097313 9.77272 6.31177 0.0127688
9.25101 90001224200000284 90001224200000283 90001224200000297 90001224200000282 4.99593346816 12.0194 1.7142 -2.91808
9.26896 90001224200000283 90001224200000279 90001224200000297 90001224200000278 4.17683491473 8.36136 4.50014 5.83698
9.0066 90001224200000376 90001224200000375 90001224200000380 90001224200000374 7.59510714987 -0.773584 -2.32039 0.375106
9.02239 90001224200000375 90001224200000374 90001224200000380 90001224200000373 7.23627606617 -1.89656 -4.05407 -1.61405
9.08845 90001224200000374 90001224200000373 90001224200000380 90001224200000372 7.00541704554 -2.61161 -5.19115 0.0219315
9.08845 90001224200000373 90001224200000372 90001224200000380 90001224200000371 6.85511726265 -3.3548 -6.80745 -2.44312
9.21272 90001224200000372 90001224200000371 90001224200000380 90001224200000370 6.49159774567 -0.866911 -5.36146 -1.63168
9.29951 90001224200000371 90001224200000370 90001224200000380 90001224200000369 6.14490120342 -2.14454 -12.2534 -0.427825
9.30278 90001224200000370 90001224200000369 90001224200000380 90001224200000368 6.01075739884 -2.3639 -6.18588 -6.2991
9.36481 90001224200000369 90001224200000368 90001224200000380 90001224200000367 5.84661374788 2.78109 -8.20734 -7.08634
9.54651 90001224200000368 90001224200000365 90001224200000380 90001224200000364 4.99593346816 -6.10325 -2.92869 -9.3966
9.64416 90001224200000365 90001224200000364 90001224200000380 90001224200000363 4.93938066349 -21.9518 15.8037 -14.7781
9.7354 90001224200000364 90001224200000363 90001224200000380 90001224200000362 4.66451770247 -21.5451 9.3327 -9.2351
9.83291 90001224200000363 90001224200000362 90001224200000380 90001224200000361 4.42803373661 -31.8482 5.49731 3.03339
9.88994 90001224200000362 90001224200000361 90001224200000380 90001224200000360 4.17683491473 -24.3604 10.7494 -3.65787
9.89371 90001224200000361 90001224200000359 90001224200000380 90001224200000358 3.93726108473 -25.0006 -5.75979 13.0203
9.92587 90001224200000359 90001224200000355 90001224200000380 90001224200000354 3.08482263583 -38.7879 -11.5433 29.9433
9.95181 90001224200000355 90001224200000354 90001224200000380 90001224200000353 3.00813107163 -28.2839 -11.7313 27.357
9.95508 90001224200000354 90001224200000353 90001224200000380 90001224200000352 2.89578500573 -33.9966 -13.8511 27.7904
9.0098 90001224200000405 90001224200000404 90001224200000414 90001224200000403 6.14490120342 -1.48401 3.50604 -6.12721
9.05524 90001224200000404 90001224200000401 90001224200000414 90001224200000400 5.52976580795 -4.21122 2.77489 -8.82641
9.07216 90001224200000401 90001224200000400 90001224200000414 90001224200000399 5.22758097313 -3.07816 6.10461 -11.1441
9.04653 90001224200000514 90001224200000513 90001224200000526 90001224200000512 5.52976580795 3.17291 0.132518 -3.69748
9.06939 90001224200000513 90001224200000512 90001224200000526 90001224200000511 5.22758097313 0.373846 -0.403318 -3.00046
9.12424 90001224200000512 90001224200000511 90001224200000526 90001224200000510 4.99593346816 -2.52914 -6.01957 -4.08445
9.18376 90001224200000511 90001224200000510 90001224200000526 90001224200000509 4.93938066349 -6.41127 -4.89757 4.2539
9.21272 90001224200000510 90001224200000509 90001224200000526 90001224200000508 4.66451770247 -4.69043 -4.21492 3.21118
9.24733 90001224200000509 90001224200000506 90001224200000526 90001224200000505 4.00794511147 -16.4186 -10.7184 6.54742
