logMh | fpID | subhaloID | main leaf ID | descID |  z
9.0316 90000028100000088 90000028100000087 90000028100000096 90000028100000086 5.84661374788 -1.42451 -6.74237 8.83148
9.0666 90000028100000087 90000028100000086 90000028100000096 90000028100000085 5.52976580795 -0.771531 -4.19523 8.0861
9.09111 90000028100000086 90000028100000085 90000028100000096 90000028100000084 5.22758097313 -2.43166 -7.25374 6.81487
9.13154 90000028100000085 90000028100000084 90000028100000096 90000028100000083 4.99593346816 0.325313 -8.23791 5.84666
9.13634 90000028100000084 90000028100000083 90000028100000096 90000028100000082 4.93938066349 0.135672 -7.00779 4.79166
9.2026 90000028100000083 90000028100000082 90000028100000096 90000028100000081 4.66451770247 0.347604 -10.1532 7.28828
9.36199 90000028100000082 90000028100000081 90000028100000096 90000028100000080 4.42803373661 10.2298 -4.56756 3.00446
9.47396 90000028100000081 90000028100000080 90000028100000096 90000028100000079 4.17683491473 6.81882 -3.5141 4.64348
9.71068 90000028100000080 90000028100000079 90000028100000096 90000028100000078 4.00794511147 21.4317 17.8583 14.4291
9.78044 90000028100000079 90000028100000077 90000028100000096 90000028100000076 3.70877426464 30.1713 5.9244 1.06794
9.86348 90000028100000077 90000028100000076 90000028100000096 90000028100000075 3.49086136926 15.5412 -3.29423 -4.55831
10.0532 90000028100000076 90000028100000075 90000028100000096 90000028100000074 3.28303305796 -7.06242 2.70564 20.3137
10.2597 90000028100000075 90000028100000074 90000028100000096 90000028100000073 3.00813107163 -34.0582 43.813 56.3318
10.3143 90000028100000074 90000028100000073 90000028100000096 90000028100000072 2.73314261732 -49.355 51.6021 59.0909
10.3916 90000028100000073 90000028100000072 90000028100000096 90000028100000071 2.5772902716 -49.379 55.4434 64.117
10.4466 90000028100000072 90000028100000071 90000028100000096 90000028100000070 2.44422570455 -64.0653 62.8322 52.2294
10.5049 90000028100000071 90000028100000070 90000028100000096 90000028100000069 2.31611074396 -94.0158 51.0094 28.6941
10.5414 90000028100000070 90000028100000068 90000028100000096 90000028100000067 2.1032696526 -133.053 99.4598 -22.1955
10.6535 90000028100000068 90000028100000067 90000028100000096 90000028100000066 2.00202813925 -209.907 50.1384 5.10903
10.7128 90000028100000067 90000028100000064 90000028100000096 90000028100000063 1.74357057433 -202.387 20.5307 49.4535
10.7177 90000028100000064 90000028100000063 90000028100000096 90000028100000062 1.66666955611 -192.901 6.84491 -1.18763
10.7359 90000028100000063 90000028100000062 90000028100000096 90000028100000061 1.60423452207 -196.718 -15.0011 -18.7176
10.7797 90000028100000062 90000028100000061 90000028100000096 90000028100000060 1.53123902916 -258.383 -58.0856 -39.244
10.8355 90000028100000061 90000028100000060 90000028100000096 90000028100000059 1.47197484527 -348.504 -103.012 -95.4775
10.8802 90000028100000060 90000028100000059 90000028100000096 90000028100000058 1.41409822037 -446.118 -82.5391 -101.782
10.889 90000028100000059 90000028100000058 90000028100000096 90000028100000057 1.3575766674 -392.592 -25.7877 -91.1704
10.9155 90000028100000058 90000028100000057 90000028100000096 90000028100000056 1.30237845991 -391.523 -4.4634 -96.2703
10.948 90000028100000057 90000028100000056 90000028100000096 90000028100000055 1.24847261425 -406.468 -8.81997 -104.407
10.9768 90000028100000056 90000028100000055 90000028100000096 90000028100000054 1.20625808078 -389.109 7.99573 -85.3239
11.1514 90000028100000055 90000028100000053 90000028100000096 90000028100000052 1.11415056377 -398.726 130.629 -164.086
11.1642 90000028100000053 90000028100000051 90000028100000096 90000028100000050 1.03551044566 -436.07 174.903 -127.811
11.1866 90000028100000051 90000028100000050 90000028100000096 90000028100000049 0.997294225782 -433.223 198.454 -124.401
11.1991 90000028100000050 90000028100000049 90000028100000096 90000028100000048 0.987852810816 -444.544 189.734 -129.306
11.2284 90000028100000049 90000028100000048 90000028100000096 90000028100000047 0.950531351585 -460.227 179.563 -123.02
11.2429 90000028100000048 90000028100000047 90000028100000096 90000028100000046 0.923000816178 -473.176 210.049 -119.171
11.257 90000028100000047 90000028100000046 90000028100000096 90000028100000045 0.886896937575 -431.596 244.745 -125.174
11.2683 90000028100000046 90000028100000045 90000028100000096 90000028100000044 0.851470900625 -460.869 246.31 -128.469
11.281 90000028100000045 90000028100000044 90000028100000096 90000028100000043 0.816709979012 -464.317 266.09 -160.402
11.2821 90000028100000044 90000028100000043 90000028100000096 90000028100000042 0.791068248946 -482.281 251.569 -144.58
11.2984 90000028100000043 90000028100000042 90000028100000096 90000028100000041 0.757441372616 -473.646 261.979 -148.185
11.3085 90000028100000042 90000028100000041 90000028100000096 90000028100000040 0.732636182022 -471.57 250.591 -133.978
11.317 90000028100000041 90000028100000040 90000028100000096 90000028100000039 0.700106353719 -491.147 245.018 -156.594
11.3223 90000028100000040 90000028100000038 90000028100000096 90000028100000037 0.644641840685 -483.581 227.474 -174.532
11.3251 90000028100000038 90000028100000037 90000028100000096 90000028100000036 0.621428745243 -481.863 208.42 -165.526
11.3255 90000028100000037 90000028100000036 90000028100000096 90000028100000035 0.598543288188 -499.662 190.704 -150.8
11.3266 90000028100000036 90000028100000027 90000028100000096 90000028100000026 0.399926964614 -486.178 69.1119 -192.513
11.3315 90000028100000027 90000028100000025 90000028100000096 90000028100000024 0.360687657262 -457.95 124.891 -208.192
11.3322 90000028100000025 90000028100000023 90000028100000096 90000028100000022 0.328829724206 -469.814 80.1142 -204.436
11.3353 90000028100000023 90000028100000022 90000028100000096 90000028100000021 0.310074120128 -483.162 76.8379 -206.406
11.3368 90000028100000022 90000028100000021 90000028100000096 90000028100000020 0.291583239722 -482.356 89.6661 -202.238
11.3404 90000028100000021 90000028100000020 90000028100000096 90000028100000019 0.273353346578 -484.977 90.0036 -214.424
11.3465 90000028100000020 90000028100000019 90000028100000096 90000028100000018 0.261343256161 -500.838 76.2736 -219.827
11.3515 90000028100000019 90000028100000017 90000028100000096 90000028100000016 0.22598838626 -504.538 89.5499 -203.101
11.3535 90000028100000017 90000028100000015 90000028100000096 90000028100000014 0.197284182376 -526.738 78.8401 -193.004
11.3562 90000028100000015 90000028100000014 90000028100000096 90000028100000013 0.180385261706 -519.277 70.5236 -198.348
11.3571 90000028100000014 90000028100000011 90000028100000096 90000028100000010 0.14187620397 -529.546 73.7311 -193.399
11.3624 90000028100000011 90000028100000010 90000028100000096 90000028100000009 0.125759332411 -522.461 76.5963 -177.95
11.3673 90000028100000010 90000028100000009 90000028100000096 90000028100000008 0.109869940459 -534.281 81.1727 -173.906
11.3682 90000028100000009 90000028100000008 90000028100000096 90000028100000007 0.0994018026302 -539.646 82.319 -177.19
11.3734 90000028100000008 90000028100000007 90000028100000096 90000028100000006 0.0838844307975 -537.683 77.7307 -174.963
11.3769 90000028100000007 90000028100000006 90000028100000096 90000028100000005 0.0736613846564 -539.517 73.8118 -175.282
11.3811 90000028100000006 90000028100000005 90000028100000096 90000028100000004 0.0585073227945 -533.508 85.7995 -170.719
11.3865 90000028100000005 90000028100000004 90000028100000096 90000028100000003 0.0485236299818 -539.565 95.9117 -159.62
11.3883 90000028100000004 90000028100000003 90000028100000096 90000028100000002 0.0337243718735 -540.268 89.4957 -154.404
11.3887 90000028100000003 90000028100000002 90000028100000096 90000028100000001 0.0239744283828 -545.932 82.6625 -154.242
11.3928 90000028100000002 90000028100000001 90000028100000096 90000028100000000 0.00952166696794 -526.157 89.8207 -157.607
11.394 90000028100000001 90000028100000000 90000028100000096 -1 2.22044604925e-16 -524.363 85.4667 -159.059
9.04062 90000028100000134 90000028100000133 90000028100000139 90000028100000132 7.00541704554 -5.37305 -3.93671 0.181447
9.07766 90000028100000133 90000028100000131 90000028100000139 90000028100000130 6.49159774567 -3.08578 -4.6066 -1.19535
9.15502 90000028100000131 90000028100000130 90000028100000139 90000028100000129 6.14490120342 -1.77344 1.79262 -1.75767
9.16407 90000028100000130 90000028100000129 90000028100000139 90000028100000128 6.01075739884 -3.25444 2.10123 -2.59948
9.24362 90000028100000129 90000028100000128 90000028100000139 90000028100000127 5.84661374788 -2.82794 10.535 -3.70877
9.2862 90000028100000128 90000028100000127 90000028100000139 90000028100000126 5.52976580795 -1.78949 4.56678 -1.05193
9.30278 90000028100000127 90000028100000125 90000028100000139 90000028100000124 4.99593346816 0.57595 0.863305 0.0611713
9.34165 90000028100000125 90000028100000123 90000028100000139 90000028100000122 4.66451770247 3.46236 -2.80066 -0.765042
9.37869 90000028100000123 90000028100000122 90000028100000139 90000028100000121 4.42803373661 -0.941091 0.173861 -3.70145
9.40518 90000028100000122 90000028100000121 90000028100000139 90000028100000120 4.17683491473 -7.87254 5.68553 0.392248
9.51175 90000028100000121 90000028100000119 90000028100000139 90000028100000118 3.93726108473 -24.7272 19.6677 22.831
9.52462 90000028100000119 90000028100000117 90000028100000139 90000028100000116 3.49086136926 -20.7196 15.7562 23.7683
9.0098 90000028100000147 90000028100000146 90000028100000159 90000028100000145 5.22758097313 -1.73665 -2.37805 -0.349106
9.01298 90000028100000146 90000028100000145 90000028100000159 90000028100000144 4.99593346816 -0.0568742 -0.39688 0.558696
9.02548 90000028100000145 90000028100000144 90000028100000159 90000028100000143 4.93938066349 -0.489657 -1.20914 1.56087
10.1889 90000028100000164 90000028100000163 90000028100000171 90000028100000162 3.08482263583 -17.8619 37.1515 43.5552
10.2842 90000028100000163 90000028100000161 90000028100000171 90000028100000073 2.89578500573 -41.954 57.0299 51.2681
9.05524 90000028100000184 90000028100000183 90000028100000188 90000028100000182 4.99593346816 8.02483 -13.5439 -10.3094
9.16852 90000028100000183 90000028100000179 90000028100000188 90000028100000178 4.17683491473 12.3067 -19.8701 -4.68782
9.17073 90000028100000179 90000028100000178 90000028100000188 90000028100000177 4.00794511147 10.3659 -11.4934 -3.32937
9.19433 90000028100000178 90000028100000177 90000028100000188 90000028100000176 3.93726108473 11.0111 -10.6355 -1.3669
9.20464 90000028100000177 90000028100000176 90000028100000188 90000028100000175 3.70877426464 7.5386 9.20039 -1.77918
9.19848 90000028100000546 90000028100000545 90000028100000550 90000028100000544 6.85511726265 -10.6048 2.29298 -4.06566
9.31717 90000028100000545 90000028100000544 90000028100000550 90000028100000543 6.49159774567 -12.7866 -1.73507 -13.6441
9.41659 90000028100000544 90000028100000543 90000028100000550 90000028100000542 6.14490120342 -17.1869 -6.83829 -15.5089
9.43136 90000028100000543 90000028100000541 90000028100000550 90000028100000540 5.84661374788 -12.5277 -7.85227 -13.9502
9.52851 90000028100000541 90000028100000540 90000028100000550 90000028100000539 5.52976580795 -7.99234 -4.27885 -6.34513
9.65586 90000028100000540 90000028100000539 90000028100000550 90000028100000538 5.22758097313 -21.5276 3.94717 -11.7944
9.90686 90000028100000539 90000028100000538 90000028100000550 90000028100000537 4.99593346816 -30.6981 17.9401 -5.8827
9.9278 90000028100000538 90000028100000537 90000028100000550 90000028100000536 4.93938066349 2.09353 -15.25 -8.8313
9.94259 90000028100000537 90000028100000536 90000028100000550 90000028100000535 4.66451770247 -24.9059 45.4208 4.90287
10.1123 90000028100000536 90000028100000535 90000028100000550 90000028100000534 4.42803373661 -32.9983 71.2862 0.117905
10.1128 90000028100000535 90000028100000534 90000028100000550 90000028100000533 4.17683491473 -22.6698 68.8605 12.1923
10.1472 90000028100000534 90000028100000533 90000028100000550 90000028100000532 4.00794511147 2.54051 64.7038 27.8245
10.1901 90000028100000533 90000028100000532 90000028100000550 90000028100000531 3.93726108473 -13.9179 86.0869 26.2592
10.202 90000028100000532 90000028100000531 90000028100000550 90000028100000530 3.70877426464 4.70536 59.2792 13.358
10.2044 90000028100000531 90000028100000530 90000028100000550 90000028100000529 3.49086136926 -3.30642 74.5555 21.1617
10.2046 90000028100000530 90000028100000529 90000028100000550 90000028100000528 3.28303305796 -5.17106 63.1696 19.8012
10.259 90000028100000529 90000028100000528 90000028100000550 90000028100000527 3.08482263583 22.4048 32.643 -7.08511
10.2909 90000028100000528 90000028100000522 90000028100000550 90000028100000521 2.31611074396 4.49897 68.594 -11.0046
10.3005 90000028100000522 90000028100000521 90000028100000550 90000028100000520 2.20792547238 -14.6957 57.9897 -4.10177
10.3332 90000028100000521 90000028100000520 90000028100000550 90000028100000519 2.1032696526 -14.1819 48.9638 -9.45646
10.3777 90000028100000520 90000028100000517 90000028100000550 90000028100000516 1.82268925262 -47.1967 23.0346 -1.51432
10.4007 90000028100000517 90000028100000515 90000028100000550 90000028100000514 1.66666955611 -43.8812 35.6441 2.27218
10.4452 90000028100000515 90000028100000514 90000028100000550 90000028100000513 1.60423452207 -49.926 49.5517 -0.071564
11.1023 90000028100000514 90000028100000506 90000028100000550 90000028100000505 1.15460271236 -337.361 110.098 -175.613
11.1535 90000028100000506 90000028100000505 90000028100000550 90000028100000504 1.07445789455 -384.056 199.718 -149.692
9.16407 90000028100000554 90000028100000553 90000028100000561 90000028100000552 7.00541704554 -20.3261 -11.3715 -10.5145
9.10157 90000028100000608 90000028100000607 90000028100000616 90000028100000606 6.49159774567 3.49588 0.783609 6.36619
9.32187 90000028100000607 90000028100000606 90000028100000616 90000028100000605 6.14490120342 10.4295 -6.86619 25.1107
9.33111 90000028100000606 90000028100000605 90000028100000616 90000028100000604 6.01075739884 7.49693 -3.57171 25.0249
9.39478 90000028100000605 90000028100000604 90000028100000616 90000028100000603 5.84661374788 8.31391 -3.87604 32.1056
9.42893 90000028100000604 90000028100000603 90000028100000616 90000028100000602 5.52976580795 5.07464 -4.65298 27.4655
9.46285 90000028100000603 90000028100000602 90000028100000616 90000028100000601 5.22758097313 4.60711 -7.37257 25.8389
9.10157 90000028100000641 90000028100000640 90000028100000652 90000028100000639 5.84661374788 -7.7061 -0.247325 2.8395
9.10157 90000028100000640 90000028100000639 90000028100000652 90000028100000638 5.52976580795 -7.46771 -1.11778 6.43099
9.17946 90000028100000639 90000028100000638 90000028100000652 90000028100000637 5.22758097313 0.92651 1.40035 0.0673342
9.22845 90000028100000638 90000028100000635 90000028100000652 90000028100000634 4.66451770247 -5.30915 -2.00443 -0.13257
9.06378 90000028100000777 90000028100000776 90000028100000795 90000028100000775 3.70877426464 9.81318 4.74199 0.774448
9.08845 90000028100000776 90000028100000775 90000028100000795 90000028100000774 3.49086136926 8.46769 4.0124 0.529242
9.11681 90000028100000775 90000028100000773 90000028100000795 90000028100000772 3.08482263583 5.86297 1.12075 -1.09619
9.13394 90000028100000773 90000028100000769 90000028100000795 90000028100000768 2.5772902716 9.16834 6.22759 -5.79949
9.13634 90000028100000769 90000028100000767 90000028100000795 90000028100000766 2.31611074396 6.07619 5.61771 -7.68017
9.08309 90000028100000848 90000028100000847 90000028100000849 90000028100000846 6.01075739884 9.43073 23.5595 -16.065
9.12668 90000028100000847 90000028100000846 90000028100000849 90000028100000845 5.84661374788 5.63861 22.653 -15.0304
9.15273 90000028100000846 90000028100000842 90000028100000849 90000028100000841 4.66451770247 6.65408 1.62417 -4.88762
9.24362 90000028100000842 90000028100000841 90000028100000849 90000028100000840 4.42803373661 10.2846 4.63862 -13.6243
9.24362 90000028100000841 90000028100000836 90000028100000849 90000028100000835 3.49086136926 15.4295 -12.3966 -13.7783
9.25101 90000028100000836 90000028100000830 90000028100000849 90000028100000829 2.5772902716 -2.87126 10.7908 -12.3639
9.0316 90000028100000892 90000028100000891 90000028100000902 90000028100000890 5.22758097313 1.05212 1.02134 -6.34311
9.06378 90000028100000891 90000028100000890 90000028100000902 90000028100000889 4.99593346816 1.18895 0.857513 -7.3907
9.08845 90000028100000890 90000028100000888 90000028100000902 90000028100000887 4.66451770247 1.96037 0.19902 -6.20229
9.1193 90000028100000888 90000028100000887 90000028100000902 90000028100000886 4.42803373661 1.87698 0.469057 -3.19258
9.1573 90000028100000887 90000028100000886 90000028100000902 90000028100000885 4.17683491473 -0.587826 4.02632 -3.75642
9.25648 90000028100000886 90000028100000885 90000028100000902 90000028100000884 4.00794511147 2.23943 18.911 -6.78468
9.2811 90000028100000885 90000028100000884 90000028100000902 90000028100000883 3.93726108473 0.956835 9.53959 -7.88513
9.52365 90000028100000884 90000028100000882 90000028100000902 90000028100000881 3.49086136926 8.77257 -7.77856 -30.2784
9.58553 90000028100000882 90000028100000881 90000028100000902 90000028100000880 3.28303305796 20.3923 0.997425 -34.1271
9.63669 90000028100000881 90000028100000880 90000028100000902 90000028100000879 3.08482263583 22.5715 -18.2332 -35.1517
9.6838 90000028100000880 90000028100000873 90000028100000902 90000028100000872 2.20792547238 14.6235 -31.3597 -21.6973
9.01298 90000028100001038 90000028100001037 90000028100001048 90000028100001036 6.85511726265 1.31482 0.33996 0.486507
9.07492 90000028100001037 90000028100001036 90000028100001048 90000028100001035 6.49159774567 1.27075 0.420963 -1.93541
9.09898 90000028100001036 90000028100001035 90000028100001048 90000028100001034 6.14490120342 1.12556 4.08591 -0.176669
9.20464 90000028100001035 90000028100001034 90000028100001048 90000028100001033 6.01075739884 4.24314 -5.64363 -1.55832
9.2361 90000028100001034 90000028100001033 90000028100001048 90000028100001032 5.84661374788 7.73062 -4.74708 5.97702
9.29124 90000028100001033 90000028100001032 90000028100001048 90000028100001031 5.52976580795 6.59041 -5.47704 5.10714
9.35338 90000028100001032 90000028100001031 90000028100001048 90000028100001030 5.22758097313 10.7362 -11.6541 2.61524
9.3634 90000028100001031 90000028100001022 90000028100001048 90000028100001021 3.49086136926 3.00835 -14.2408 -4.92498
9.40774 90000028100001022 90000028100001018 90000028100001048 90000028100001017 2.89578500573 -8.74602 -11.6169 -11.4454
9.83816 90000028100001018 90000028100001016 90000028100001048 90000028100001015 2.5772902716 -30.8475 -53.4001 -15.6579
9.84939 90000028100001016 90000028100001010 90000028100001048 90000028100001009 1.90408954353 -68.2166 -122.282 -16.0939
9.94556 90000028100001010 90000028100001005 90000028100001048 90000028100001004 1.53123902916 -18.2901 52.0098 -61.0061
10.0394 90000028100001005 90000028100001003 90000028100001048 90000028100001002 1.41409822037 -29.6453 44.755 -49.3046
9.15956 90000028100001172 90000028100001171 90000028100001181 90000028100001170 6.01075739884 -16.7726 -1.33737 -1.78549
9.21472 90000028100001171 90000028100001170 90000028100001181 90000028100001169 5.84661374788 -14.1186 -7.29418 -1.09333
9.50567 90000028100001170 90000028100001169 90000028100001181 90000028100001168 5.52976580795 -23.6615 7.50995 5.0713
9.63894 90000028100001169 90000028100001168 90000028100001181 90000028100001167 5.22758097313 -19.7968 10.5317 4.88435
9.67972 90000028100001168 90000028100001167 90000028100001181 90000028100001166 4.99593346816 -18.8389 7.42835 4.98942
9.69317 90000028100001167 90000028100001166 90000028100001181 90000028100001165 4.93938066349 -18.8017 8.57714 5.01422
9.7354 90000028100001166 90000028100001165 90000028100001181 90000028100001164 4.66451770247 -16.7197 9.65069 5.61803
9.7372 90000028100001165 90000028100001164 90000028100001181 90000028100001163 4.42803373661 -8.93674 7.51356 3.95056
10.0424 90000028100001164 90000028100001161 90000028100001181 90000028100001160 3.93726108473 -52.1582 35.8926 27.3878
10.1342 90000028100001161 90000028100001160 90000028100001181 90000028100001159 3.70877426464 -58.1283 42.4772 24.1369
10.2093 90000028100001160 90000028100001159 90000028100001181 90000028100001158 3.49086136926 -80.8798 61.7191 47.9584
10.2425 90000028100001159 90000028100001158 90000028100001181 90000028100001157 3.28303305796 -76.5951 68.9954 31.814
10.2622 90000028100001158 90000028100001151 90000028100001181 90000028100001150 2.31611074396 -68.5802 52.5696 38.9005
10.3205 90000028100001151 90000028100001149 90000028100001181 90000028100001148 2.1032696526 -79.7673 45.5381 25.8704
10.3405 90000028100001149 90000028100001147 90000028100001181 90000028100001146 1.90408954353 -75.979 62.2886 39.8257
9.10415 90000028100001185 90000028100001184 90000028100001191 90000028100001183 6.14490120342 -11.5603 -0.615686 -4.30363
9.01928 90000028100001219 90000028100001218 90000028100001226 90000028100001217 5.22758097313 -3.58005 -6.12241 -4.21267
9.07492 90000028100001218 90000028100001217 90000028100001226 90000028100001216 4.99593346816 -3.04645 -1.7464 1.89662
9.08845 90000028100001217 90000028100001216 90000028100001226 90000028100001215 4.93938066349 -2.10451 -2.51361 3.40523
9.12668 90000028100001216 90000028100001215 90000028100001226 90000028100001214 4.66451770247 -2.05061 -2.49488 1.37105
9.56735 90000028100001215 90000028100001214 90000028100001226 90000028100001213 4.42803373661 11.1785 8.43683 -1.12328
9.76501 90000028100001214 90000028100001213 90000028100001226 90000028100001212 4.17683491473 0.189483 6.55087 7.54745
9.86749 90000028100001213 90000028100001212 90000028100001226 90000028100001161 4.00794511147 -10.0497 16.2987 16.1231
9.00012 90000028100001250 90000028100001249 90000028100001256 90000028100001248 4.93938066349 1.49452 2.25461 -0.987357
9.02548 90000028100001249 90000028100001248 90000028100001256 90000028100001247 4.66451770247 0.473952 0.58939 1.25246
9.0666 90000028100001278 90000028100001277 90000028100001285 90000028100001276 4.66451770247 7.88897 -3.84433 7.95797
9.09111 90000028100001277 90000028100001275 90000028100001285 90000028100001274 4.17683491473 6.96021 -0.231843 1.77108
9.14578 90000028100001275 90000028100001274 90000028100001285 90000028100001273 4.00794511147 8.32024 4.01973 4.44526
9.02855 90000028100001318 90000028100001317 90000028100001335 90000028100001316 4.17683491473 1.94689 -2.14215 -0.499259
9.06096 90000028100001317 90000028100001316 90000028100001335 90000028100001315 4.00794511147 4.95893 -1.63577 1.02807
9.07216 90000028100001316 90000028100001313 90000028100001335 90000028100001312 3.49086136926 4.85924 0.910112 -5.34792
9.08309 90000028100001313 90000028100001312 90000028100001335 90000028100001311 3.28303305796 6.28518 4.50813 -2.2454
9.09375 90000028100001312 90000028100001311 90000028100001335 90000028100001310 3.08482263583 4.43441 1.27772 -5.13208
9.10926 90000028100001311 90000028100001310 90000028100001335 90000028100001309 3.00813107163 2.00781 4.98207 -5.30994
9.13634 90000028100001310 90000028100001308 90000028100001335 90000028100001307 2.73314261732 2.903 3.10406 -1.88243
9.15502 90000028100001308 90000028100001304 90000028100001335 90000028100001303 2.20792547238 3.87998 -1.80685 0.553589
9.06939 90000028100001448 90000028100001447 90000028100001456 90000028100001446 7.00541704554 9.53165 -2.40646 -6.46034
9.15956 90000028100001447 90000028100001446 90000028100001456 90000028100001445 6.85511726265 -1.49852 9.05901 5.00722
9.27072 90000028100001446 90000028100001445 90000028100001456 90000028100001444 6.49159774567 -0.0501117 8.42128 7.41229
9.39609 90000028100001445 90000028100001444 90000028100001456 90000028100001443 6.14490120342 -5.44111 12.1502 10.8538
9.40001 90000028100001444 90000028100001443 90000028100001456 90000028100001442 6.01075739884 -2.90643 12.4326 10.6658
9.42771 90000028100001443 90000028100001442 90000028100001456 90000028100001441 5.84661374788 -6.72168 12.7794 12.5862
9.45719 90000028100001442 90000028100001441 90000028100001456 90000028100001440 5.52976580795 -7.10433 11.0422 8.41932
9.54558 90000028100001441 90000028100001440 90000028100001456 90000028100001439 5.22758097313 -9.71642 2.88411 5.03462
9.61266 90000028100001440 90000028100001439 90000028100001456 90000028100001438 4.99593346816 -11.3613 15.9643 20.7435
9.63819 90000028100001439 90000028100001438 90000028100001456 90000028100001437 4.93938066349 -10.4132 6.1245 15.2083
9.67767 90000028100001438 90000028100001437 90000028100001456 90000028100001436 4.66451770247 -1.68 -1.51827 5.67519
9.69118 90000028100001437 90000028100001436 90000028100001456 90000028100001435 4.42803373661 0.223526 -3.467 7.81969
9.73299 90000028100001436 90000028100001435 90000028100001456 90000028100001434 4.17683491473 11.9302 -11.372 5.98824
9.79795 90000028100001435 90000028100001432 90000028100001456 90000028100001431 3.70877426464 11.8097 -4.67738 14.1012
9.79847 90000028100001432 90000028100001431 90000028100001456 90000028100001430 3.49086136926 7.71515 -2.06941 12.5571
9.82025 90000028100001431 90000028100001430 90000028100001456 90000028100001429 3.28303305796 12.4456 -2.50052 23.5241
9.89869 90000028100001430 90000028100001427 90000028100001456 90000028100001426 2.89578500573 22.4432 1.10876 25.6341
9.90075 90000028100001427 90000028100001426 90000028100001456 90000028100001425 2.73314261732 11.4837 -6.31573 20.439
9.9612 90000028100001426 90000028100001425 90000028100001456 90000028100001424 2.5772902716 16.533 12.5065 26.6725
9.99054 90000028100001425 90000028100001424 90000028100001456 90000028100001423 2.44422570455 17.8513 9.65677 16.6094
10.665 90000028100001424 90000028100001419 90000028100001456 90000028100001418 1.90408954353 -218.357 -15.903 -38.1413
9.0666 90000028100001614 90000028100001613 90000028100001624 90000028100001612 4.17683491473 6.5693 7.96592 -0.609843
9.09637 90000028100001613 90000028100001610 90000028100001624 90000028100001609 3.70877426464 9.59398 5.80543 0.989648
9.09898 90000028100001610 90000028100001605 90000028100001624 90000028100001604 2.89578500573 13.4209 4.54252 -3.90321
9.1193 90000028100001680 90000028100001679 90000028100001693 90000028100001678 4.17683491473 -4.82449 5.86636 4.02345
9.1573 90000028100001679 90000028100001677 90000028100001693 90000028100001676 3.93726108473 0.223018 -1.31631 -1.2065
9.33111 90000028100001677 90000028100001676 90000028100001693 90000028100001675 3.70877426464 -1.14056 0.395581 10.5673
9.45946 90000028100001676 90000028100001675 90000028100001693 90000028100001674 3.49086136926 -0.0824077 -0.83764 3.321
9.50158 90000028100001675 90000028100001674 90000028100001693 90000028100001673 3.28303305796 -2.7655 -1.06359 7.36351
9.54744 90000028100001674 90000028100001673 90000028100001693 90000028100001672 3.08482263583 -1.46308 -10.8385 12.704
9.64342 90000028100001673 90000028100001672 90000028100001693 90000028100001671 3.00813107163 -0.230611 -6.71133 5.16893
9.65586 90000028100001672 90000028100001671 90000028100001693 90000028100001670 2.89578500573 8.88492 -7.60905 -9.34909
9.7384 90000028100001671 90000028100001670 90000028100001693 90000028100001669 2.73314261732 2.72365 7.17982 -10.7859
9.92471 90000028100001670 90000028100001653 90000028100001693 90000028100001652 1.24847261425 11.3077 72.8095 -33.8821
9.01928 90000028100001766 90000028100001765 90000028100001778 90000028100001764 3.00813107163 -4.24596 2.08853 -5.39738
9.02239 90000028100001765 90000028100001764 90000028100001778 90000028100001763 2.89578500573 -6.36292 1.76323 -5.15737
9.07216 90000028100001764 90000028100001763 90000028100001778 90000028100001762 2.73314261732 -6.49398 5.06912 -0.926815
9.06378 90000028100002031 90000028100002030 90000028100002045 90000028100002029 6.01075739884 -8.28687 -1.30523 -1.16285
9.08578 90000028100002030 90000028100002029 90000028100002045 90000028100002028 5.84661374788 -7.51147 0.754909 -2.27887
9.12424 90000028100002029 90000028100002027 90000028100002045 90000028100002026 5.22758097313 -7.24842 -0.963282 -0.282007
9.14344 90000028100002027 90000028100002026 90000028100002045 90000028100002025 4.99593346816 -4.51378 1.07082 -1.09669
9.16182 90000028100002026 90000028100002025 90000028100002045 90000028100002024 4.93938066349 -3.18433 1.66712 -0.423675
9.20668 90000028100002025 90000028100002024 90000028100002045 90000028100002023 4.66451770247 -3.44247 0.68908 1.31516
9.23988 90000028100002024 90000028100002023 90000028100002045 90000028100002022 4.42803373661 -4.40359 0.273623 2.30812
9.2862 90000028100002023 90000028100002018 90000028100002045 90000028100002017 3.49086136926 -5.97103 -0.411042 -1.12006
9.32342 90000028100002018 90000028100002015 90000028100002045 90000028100002014 3.00813107163 -4.55205 1.08196 2.32259
9.34902 90000028100002015 90000028100002014 90000028100002045 90000028100002013 2.89578500573 -4.15031 -2.93025 2.33758
