logMh | fpID | subhaloID | main leaf ID | descID |  z
9.1193 80000049700005691 80000049700005690 80000049700005700 80000049700005689 7.59510714987 2.15908 -1.38094 5.90671
9.33566 80000049700005690 80000049700005689 80000049700005700 80000049700005688 7.23627606617 11.8959 3.06161 9.16194
9.41909 80000049700005689 80000049700005687 80000049700005700 80000049700005686 6.85511726265 15.5438 6.47323 13.8326
9.56379 80000049700005687 80000049700005686 80000049700005700 80000049700005685 6.49159774567 9.12245 10.6398 13.5991
9.62056 80000049700005686 80000049700005685 80000049700005700 80000049700005684 6.14490120342 9.37359 8.22882 11.5119
9.68515 80000049700005685 80000049700005684 80000049700005700 80000049700005683 6.01075739884 9.4439 5.09085 11.0734
9.77058 80000049700005684 80000049700005683 80000049700005700 80000049700005682 5.84661374788 5.71797 3.86186 5.88848
9.86926 80000049700005683 80000049700005682 80000049700005700 80000049700005681 5.52976580795 10.1853 7.86334 -6.28718
10.0199 80000049700005682 80000049700005681 80000049700005700 80000049700005680 5.22758097313 20.3181 -13.7264 -19.0262
10.0738 80000049700005681 80000049700005680 80000049700005700 80000049700005679 4.99593346816 17.5605 -16.6993 -19.3569
10.0774 80000049700005680 80000049700005679 80000049700005700 80000049700005678 4.93938066349 14.0415 -17.1937 -17.6669
10.1323 80000049700005679 80000049700005678 80000049700005700 80000049700005677 4.66451770247 22.4733 -25.5167 -2.90095
10.196 80000049700005678 80000049700005677 80000049700005700 80000049700005676 4.42803373661 -10.6961 -32.6296 -11.2773
10.1985 80000049700005677 80000049700005676 80000049700005700 80000049700005675 4.17683491473 5.97689 -35.4115 21.0368
10.2137 80000049700005676 80000049700005674 80000049700005700 80000049700005673 3.93726108473 18.1942 -34.9138 40.319
10.3875 80000049700005674 80000049700005673 80000049700005700 80000049700005672 3.70877426464 22.0353 16.8929 69.5278
10.5913 80000049700005673 80000049700005672 80000049700005700 80000049700005671 3.49086136926 -72.5407 26.9842 107.552
10.7571 80000049700005672 80000049700005671 80000049700005700 80000049700005670 3.28303305796 -136.856 -51.7851 84.6524
10.8877 80000049700005671 80000049700005670 80000049700005700 80000049700005669 3.08482263583 -120.427 -65.1867 201.676
10.9329 80000049700005670 80000049700005668 80000049700005700 80000049700005667 2.89578500573 -117.176 -58.2735 187.523
10.9716 80000049700005668 80000049700005667 80000049700005700 80000049700005666 2.73314261732 -110.694 -39.214 159.916
11.0003 80000049700005667 80000049700005666 80000049700005700 80000049700005665 2.5772902716 -82.4789 -41.586 175.124
11.0077 80000049700005666 80000049700005665 80000049700005700 80000049700005664 2.44422570455 -70.0808 -40.0379 190.758
11.0323 80000049700005665 80000049700005664 80000049700005700 80000049700005663 2.31611074396 -69.5566 -42.1836 183.83
11.0467 80000049700005664 80000049700005663 80000049700005700 80000049700005662 2.20792547238 -63.6812 -57.3313 202.023
11.0535 80000049700005663 80000049700005661 80000049700005700 80000049700005660 2.00202813925 -59.9301 -83.2792 215.62
11.0805 80000049700005661 80000049700005657 80000049700005700 80000049700005656 1.66666955611 -53.4217 -98.8892 180.576
11.0898 80000049700005657 80000049700005656 80000049700005700 80000049700005655 1.60423452207 -51.8358 -83.1099 144.804
11.1035 80000049700005656 80000049700005655 80000049700005700 80000049700005654 1.53123902916 -42.1959 -70.8856 116.432
11.1094 80000049700005655 80000049700005654 80000049700005700 80000049700005653 1.47197484527 -27.1861 -51.485 102.105
11.1229 80000049700005654 80000049700005653 80000049700005700 80000049700005652 1.41409822037 -20.965 -67.5449 90.225
11.1377 80000049700005653 80000049700005652 80000049700005700 80000049700005651 1.3575766674 -30.6845 -69.3367 71.9681
11.1417 80000049700005652 80000049700005650 80000049700005700 80000049700005649 1.24847261425 -38.2438 -66.3472 94.5798
11.1525 80000049700005650 80000049700005649 80000049700005700 80000049700005648 1.20625808078 -21.0907 -87.901 88.6155
11.1685 80000049700005649 80000049700005648 80000049700005700 80000049700005647 1.15460271236 -10.099 -91.9284 102.243
11.1772 80000049700005648 80000049700005647 80000049700005700 80000049700005646 1.11415056377 -9.19716 -105.725 92.2202
11.1883 80000049700005647 80000049700005646 80000049700005700 80000049700005645 1.07445789455 -21.0014 -82.6183 100.207
11.2076 80000049700005646 80000049700005645 80000049700005700 80000049700005644 1.03551044566 -15.8195 -104.561 111.084
11.2137 80000049700005645 80000049700005642 80000049700005700 80000049700005641 0.950531351585 -27.4719 -108.509 133.417
11.2172 80000049700005642 80000049700005641 80000049700005700 80000049700005640 0.923000816178 -22.9349 -105.333 151.191
11.222 80000049700005641 80000049700005640 80000049700005700 80000049700005639 0.886896937575 -24.4137 -126.85 136.282
11.2369 80000049700005640 80000049700005639 80000049700005700 80000049700005638 0.851470900625 -22.4567 -132.025 164.278
11.244 80000049700005639 80000049700005637 80000049700005700 80000049700005636 0.791068248946 -20.289 -147.414 176.268
11.2451 80000049700005637 80000049700005636 80000049700005700 80000049700005635 0.757441372616 -13.8589 -119.145 175.214
11.2517 80000049700005636 80000049700005635 80000049700005700 80000049700005634 0.732636182022 -8.07882 -121.279 174.59
11.2587 80000049700005635 80000049700005634 80000049700005700 80000049700005633 0.700106353719 -8.2866 -111.619 177.549
11.2636 80000049700005634 80000049700005633 80000049700005700 80000049700005632 0.676110411213 -5.07008 -129.728 188.844
11.2695 80000049700005633 80000049700005632 80000049700005700 80000049700005631 0.644641840685 -4.79675 -132.731 203.081
11.2699 80000049700005632 80000049700005631 80000049700005700 80000049700005630 0.621428745243 -0.490404 -125.391 217.836
11.2712 80000049700005631 80000049700005630 80000049700005700 80000049700005629 0.598543288188 -3.826 -122.73 208.194
11.2805 80000049700005630 80000049700005628 80000049700005700 80000049700005627 0.546392183141 -7.06464 -130.639 233.042
11.2852 80000049700005628 80000049700005625 80000049700005700 80000049700005624 0.481832943421 -19.4057 -140.232 228.446
11.2906 80000049700005625 80000049700005624 80000049700005700 80000049700005623 0.460917794181 -27.5195 -155.303 231.86
11.2985 80000049700005624 80000049700005623 80000049700005700 80000049700005622 0.440297849248 -32.9996 -159.408 233.974
11.3041 80000049700005623 80000049700005621 80000049700005700 80000049700005620 0.399926964614 -30.9078 -133.068 230.239
11.3112 80000049700005621 80000049700005619 80000049700005700 80000049700005618 0.360687657262 -36.7566 -122.62 221.114
11.3126 80000049700005619 80000049700005618 80000049700005700 80000049700005617 0.347853841858 -35.8551 -122.23 217.107
11.3173 80000049700005618 80000049700005617 80000049700005700 80000049700005616 0.328829724206 -34.8806 -115.366 210.073
11.3181 80000049700005617 80000049700005616 80000049700005700 80000049700005615 0.310074120128 -28.3617 -94.0385 207.347
11.3226 80000049700005616 80000049700005615 80000049700005700 80000049700005614 0.291583239722 -27.1875 -123.142 223.415
11.325 80000049700005615 80000049700005612 80000049700005700 80000049700005611 0.243540181555 -27.1548 -80.3289 185.41
11.3286 80000049700005612 80000049700005611 80000049700005700 80000049700005610 0.22598838626 -27.7585 -88.9221 187.216
11.3301 80000049700005611 80000049700005610 80000049700005700 80000049700005609 0.214425035514 -21.8919 -81.9838 170.575
11.3354 80000049700005610 80000049700005609 80000049700005700 80000049700005608 0.197284182376 -25.1515 -73.0002 171.485
11.3424 80000049700005609 80000049700005606 80000049700005700 80000049700005605 0.152748768902 -23.9271 -94.5701 183.151
11.346 80000049700005606 80000049700005605 80000049700005700 80000049700005604 0.14187620397 -14.4962 -88.5667 163.57
11.3524 80000049700005605 80000049700005604 80000049700005700 80000049700005603 0.125759332411 -12.2461 -105.885 166.818
11.3535 80000049700005604 80000049700005603 80000049700005700 80000049700005602 0.109869940459 -7.77431 -90.6169 171.864
11.3605 80000049700005603 80000049700005602 80000049700005700 80000049700005601 0.0994018026302 -0.986131 -101.09 180.163
11.3623 80000049700005602 80000049700005601 80000049700005700 80000049700005600 0.0838844307975 4.83837 -90.0793 177.272
11.3677 80000049700005601 80000049700005600 80000049700005700 80000049700005599 0.0736613846564 5.85119 -69.7441 167.994
11.3733 80000049700005600 80000049700005599 80000049700005700 80000049700005598 0.0585073227945 17.5365 -66.282 186.029
11.3769 80000049700005599 80000049700005598 80000049700005700 80000049700005597 0.0485236299818 23.4609 -67.0734 188.278
11.381 80000049700005598 80000049700005597 80000049700005700 80000049700005596 0.0337243718735 33.0919 -58.1446 188.809
11.3852 80000049700005597 80000049700005596 80000049700005700 80000049700005595 0.0239744283828 38.088 -47.3396 209.465
11.3917 80000049700005596 80000049700005595 80000049700005700 80000049700005594 0.00952166696794 37.9398 -40.7088 210.519
11.3973 80000049700005595 80000049700005594 80000049700005700 -1 2.22044604925e-16 46.1986 -33.0896 217.714
9.22651 80000049700005723 80000049700005722 80000049700005729 80000049700005721 6.14490120342 13.1746 12.1726 3.71367
9.27072 80000049700005722 80000049700005720 80000049700005729 80000049700005719 5.84661374788 5.82625 -1.50929 -3.02779
9.16182 80000049700005731 80000049700005730 80000049700005737 80000049700005720 6.01075739884 12.1454 2.80917 3.67324
9.0066 80000049700005831 80000049700005830 80000049700005836 80000049700005829 8.9079991856 -0.179147 -0.15204 1.30604
9.04062 80000049700005830 80000049700005829 80000049700005836 80000049700005828 8.44947629437 -1.14082 -0.55117 1.12071
9.19641 80000049700005829 80000049700005828 80000049700005836 80000049700005827 8.01217294887 1.58007 5.11363 3.43521
9.34756 80000049700005828 80000049700005827 80000049700005836 80000049700005826 7.59510714987 -19.7163 -12.9552 -4.3355
9.43136 80000049700005827 80000049700005826 80000049700005836 80000049700005825 7.23627606617 -14.7422 -3.01923 -6.82365
9.43377 80000049700005826 80000049700005825 80000049700005836 80000049700005824 7.00541704554 -11.5104 0.00517946 -10.0803
9.45833 80000049700005825 80000049700005824 80000049700005836 80000049700005823 6.85511726265 -12.2443 -2.08394 -8.53604
9.49536 80000049700005824 80000049700005823 80000049700005836 80000049700005822 6.49159774567 -10.6679 2.39383 -10.4004
9.53044 80000049700005823 80000049700005822 80000049700005836 80000049700005821 6.14490120342 -9.08497 -0.0850679 -4.15896
9.56468 80000049700005822 80000049700005821 80000049700005836 80000049700005820 6.01075739884 -6.52088 1.99299 -2.36148
9.56557 80000049700005821 80000049700005820 80000049700005836 80000049700005819 5.84661374788 -6.32631 1.65957 -6.69719
9.63593 80000049700005820 80000049700005819 80000049700005836 80000049700005818 5.52976580795 -8.67306 -3.84502 0.336935
9.7519 80000049700005819 80000049700005818 80000049700005836 80000049700005817 5.22758097313 -25.3262 -22.5598 4.86169
9.75993 80000049700005818 80000049700005817 80000049700005836 80000049700005816 4.99593346816 -15.178 -10.0517 -3.97421
9.77935 80000049700005817 80000049700005816 80000049700005836 80000049700005815 4.93938066349 -14.6544 -8.30647 -2.90226
9.80106 80000049700005816 80000049700005815 80000049700005836 80000049700005814 4.66451770247 -7.38699 -6.9922 -2.70764
9.80261 80000049700005815 80000049700005813 80000049700005836 80000049700005812 4.17683491473 -9.05137 -0.146898 12.4532
9.81227 80000049700005813 80000049700005812 80000049700005836 80000049700005811 4.00794511147 -9.29066 0.381414 10.3209
9.11431 80000049700005883 80000049700005882 80000049700005891 80000049700005881 5.22758097313 10.5593 3.56353 -8.82735
9.19223 80000049700005882 80000049700005881 80000049700005891 80000049700005880 4.99593346816 14.3013 5.80174 -14.8933
9.21272 80000049700005881 80000049700005880 80000049700005891 80000049700005879 4.93938066349 11.5278 4.75296 -12.7049
9.37869 80000049700005880 80000049700005879 80000049700005891 80000049700005878 4.66451770247 4.17953 -4.25847 -2.91439
9.06096 80000049700005954 80000049700005953 80000049700005955 80000049700005952 7.59510714987 -7.35837 -1.90976 -0.928406
9.08309 80000049700005953 80000049700005950 80000049700005955 80000049700005949 6.85511726265 -10.0978 -4.77806 -3.04548
9.10926 80000049700005950 80000049700005948 80000049700005955 80000049700005947 6.14490120342 -4.42384 -1.90856 -6.05911
9.11431 80000049700005948 80000049700005947 80000049700005955 80000049700005946 6.01075739884 -8.19054 -2.79633 -5.61241
9.12668 80000049700005947 80000049700005946 80000049700005955 80000049700005945 5.84661374788 -6.53052 -2.00018 -4.69451
9.13154 80000049700005946 80000049700005944 80000049700005955 80000049700005943 5.22758097313 -7.11056 -3.53841 0.258482
9.21472 80000049700005944 80000049700005943 80000049700005955 80000049700005942 4.99593346816 -4.58694 -2.93509 -0.629457
9.24918 80000049700005943 80000049700005940 80000049700005955 80000049700005939 4.42803373661 -8.03635 -6.36845 -4.25766
9.15956 80000049700006112 80000049700006111 80000049700006115 80000049700006110 7.59510714987 -9.1005 0.992815 12.3892
9.23229 80000049700006111 80000049700006110 80000049700006115 80000049700006109 7.23627606617 -9.38977 3.48332 13.5466
9.27594 80000049700006110 80000049700006109 80000049700006115 80000049700006108 7.00541704554 -11.7443 -7.05889 9.68373
9.30278 80000049700006109 80000049700006108 80000049700006115 80000049700006107 6.85511726265 -4.93779 6.32733 10.7697
9.40001 80000049700006108 80000049700006107 80000049700006115 80000049700006106 6.49159774567 -7.37124 2.27212 9.86449
9.43856 80000049700006107 80000049700006106 80000049700006115 80000049700006105 6.14490120342 -5.12649 3.02906 7.24794
9.52267 80000049700006106 80000049700006105 80000049700006115 80000049700006104 6.01075739884 -7.15837 -4.55293 8.38746
9.58213 80000049700006105 80000049700006104 80000049700006115 80000049700006103 5.84661374788 -12.0675 -5.84943 12.9575
9.69118 80000049700006104 80000049700006103 80000049700006115 80000049700006102 5.52976580795 -20.0692 10.0701 21.7269
9.74314 80000049700006103 80000049700006102 80000049700006115 80000049700006101 5.22758097313 -13.7843 12.0799 13.1884
9.80517 80000049700006102 80000049700006101 80000049700006115 80000049700006100 4.99593346816 -13.2661 15.021 12.1091
9.85853 80000049700006101 80000049700006100 80000049700006115 80000049700006099 4.93938066349 -9.40571 6.56722 17.9714
9.94556 80000049700006100 80000049700006099 80000049700006115 80000049700006098 4.66451770247 -12.7698 10.8302 17.379
10.0085 80000049700006099 80000049700006098 80000049700006115 80000049700006097 4.42803373661 -1.02406 -0.0695516 16.8048
10.1488 80000049700006098 80000049700006097 80000049700006115 80000049700006096 4.17683491473 -3.84924 7.64794 69.7349
10.2177 80000049700006097 80000049700006096 80000049700006115 80000049700006095 4.00794511147 28.2207 24.5177 60.7634
10.2842 80000049700006096 80000049700006095 80000049700006115 80000049700006094 3.93726108473 38.8855 33.7482 68.8406
10.305 80000049700006095 80000049700006094 80000049700006115 80000049700006093 3.70877426464 21.0659 39.9106 69.114
10.9057 80000049700006094 80000049700006090 80000049700006115 80000049700006089 3.00813107163 -120.835 -77.7505 173.323
9.01928 80000049700006132 80000049700006131 80000049700006142 80000049700006130 6.49159774567 9.08829 12.8348 2.11978
9.19223 80000049700006131 80000049700006130 80000049700006142 80000049700006129 6.14490120342 6.48472 27.782 11.3324
9.15042 80000049700006152 80000049700006151 80000049700006158 80000049700006150 4.99593346816 7.9261 -1.95306 7.01542
9.0098 80000049700006177 80000049700006176 80000049700006183 80000049700006175 6.01075739884 6.34857 0.191302 3.99144
9.01614 80000049700006176 80000049700006175 80000049700006183 80000049700006174 5.84661374788 4.8614 1.40731 2.84205
9.07216 80000049700006175 80000049700006174 80000049700006183 80000049700006173 5.52976580795 2.90656 -3.04406 5.46843
9.07216 80000049700006174 80000049700006173 80000049700006183 80000049700006172 5.22758097313 1.20898 -0.667101 4.59085
9.08845 80000049700006173 80000049700006172 80000049700006183 80000049700006171 4.99593346816 2.02004 -3.88116 1.90382
9.09375 80000049700006172 80000049700006171 80000049700006183 80000049700006170 4.93938066349 2.71844 -4.3465 1.26002
9.12912 80000049700006171 80000049700006170 80000049700006183 80000049700006169 4.66451770247 5.83537 -9.91783 3.69472
9.09375 80000049700006260 80000049700006259 80000049700006270 80000049700006258 8.01217294887 6.77866 -4.74573 9.82425
9.39214 80000049700006259 80000049700006258 80000049700006270 80000049700006257 7.59510714987 9.14463 5.42199 6.86225
9.39346 80000049700006258 80000049700006257 80000049700006270 80000049700006256 7.23627606617 6.95923 4.52335 2.23349
9.44447 80000049700006257 80000049700006256 80000049700006270 80000049700006255 7.00541704554 8.63887 2.88362 -4.83486
9.53996 80000049700006256 80000049700006255 80000049700006270 80000049700006254 6.85511726265 8.79749 -0.497612 1.96938
9.57956 80000049700006255 80000049700006254 80000049700006270 80000049700006253 6.49159774567 10.9114 -2.54373 2.43804
9.64044 80000049700006254 80000049700006253 80000049700006270 80000049700006252 6.14490120342 10.9805 -13.4566 9.84807
9.78528 80000049700006253 80000049700006252 80000049700006270 80000049700006251 6.01075739884 23.6829 -24.4102 1.08899
9.78795 80000049700006252 80000049700006251 80000049700006270 80000049700006250 5.84661374788 24.1309 -14.3364 7.16716
9.88144 80000049700006251 80000049700006250 80000049700006270 80000049700006249 5.52976580795 23.3996 -14.2601 8.52571
9.9212 80000049700006250 80000049700006249 80000049700006270 80000049700006248 5.22758097313 23.095 -13.6375 10.5682
9.97801 80000049700006249 80000049700006248 80000049700006270 80000049700006247 4.99593346816 23.4552 -8.77103 10.5369
10.0027 80000049700006248 80000049700006247 80000049700006270 80000049700006246 4.93938066349 15.0974 -6.75651 4.61706
10.0515 80000049700006247 80000049700006246 80000049700006270 80000049700006245 4.66451770247 18.5291 -6.70869 0.261457
10.0638 80000049700006246 80000049700006245 80000049700006270 80000049700006244 4.42803373661 33.7775 -0.465902 -1.81032
10.0658 80000049700006245 80000049700006244 80000049700006270 80000049700006243 4.17683491473 29.4228 -10.0366 -2.97061
10.1042 80000049700006244 80000049700006243 80000049700006270 80000049700006242 4.00794511147 38.4891 -18.7487 -12.2487
9.00012 80000049700006294 80000049700006293 80000049700006301 80000049700006292 7.23627606617 7.05569 2.6844 5.45437
9.12424 80000049700006293 80000049700006292 80000049700006301 80000049700006291 7.00541704554 4.2468 -8.66556 10.2778
9.01928 80000049700006353 80000049700006352 80000049700006362 80000049700006351 5.22758097313 -4.82053 0.752015 -6.99081
9.02855 80000049700006352 80000049700006350 80000049700006362 80000049700006349 4.93938066349 -5.62906 -3.61219 -9.23177
9.2811 80000049700006350 80000049700006349 80000049700006362 80000049700006348 4.66451770247 -18.5624 -2.16086 -6.56477
9.34165 80000049700006349 80000049700006348 80000049700006362 80000049700006347 4.42803373661 -18.7523 -0.242663 -7.09876
9.40001 80000049700006348 80000049700006347 80000049700006362 80000049700006346 4.17683491473 -18.6315 2.76511 -8.26292
9.41534 80000049700006347 80000049700006346 80000049700006362 80000049700006345 4.00794511147 -17.8998 7.40025 -6.35344
9.54465 80000049700006346 80000049700006345 80000049700006362 80000049700006344 3.93726108473 -18.2208 4.50469 7.26728
9.57697 80000049700006345 80000049700006344 80000049700006362 80000049700006343 3.70877426464 -5.24966 12.0147 -0.506264
9.58891 80000049700006344 80000049700006341 80000049700006362 80000049700006340 3.08482263583 -10.4806 18.7915 -4.05139
9.69383 80000049700006341 80000049700006340 80000049700006362 80000049700006339 3.00813107163 -17.4569 10.6115 -2.54123
9.02239 80000049700006551 80000049700006550 80000049700006559 80000049700006549 5.52976580795 0.979002 0.624274 4.44357
9.22457 80000049700006550 80000049700006549 80000049700006559 80000049700006548 5.22758097313 10.9348 -17.5315 5.09102
9.23988 80000049700006549 80000049700006548 80000049700006559 80000049700006547 4.99593346816 12.0613 -18.1593 4.59472
9.24548 80000049700006548 80000049700006547 80000049700006559 80000049700006546 4.93938066349 11.5947 -18.7955 4.23517
9.32342 80000049700006547 80000049700006546 80000049700006559 80000049700006545 4.66451770247 6.81899 -16.2966 4.09164
9.41282 80000049700006546 80000049700006545 80000049700006559 80000049700006544 4.42803373661 -1.78714 -19.1948 1.08109
9.48692 80000049700006545 80000049700006544 80000049700006559 80000049700006543 4.17683491473 -1.50964 -15.9306 -0.77526
9.49326 80000049700006544 80000049700006543 80000049700006559 80000049700006542 4.00794511147 -0.335556 -14.8308 0.812657
9.50669 80000049700006543 80000049700006542 80000049700006559 80000049700006541 3.93726108473 -0.0646216 -13.8235 0.996702
9.52267 80000049700006542 80000049700006541 80000049700006559 80000049700006540 3.70877426464 -5.44039 -17.9836 -0.770593
9.55021 80000049700006541 80000049700006540 80000049700006559 80000049700006539 3.49086136926 -0.725134 -22.92 0.250767
9.61026 80000049700006540 80000049700006539 80000049700006559 80000049700006538 3.28303305796 12.8609 -20.4735 -3.86383
9.00337 80000049700006679 80000049700006678 80000049700006688 80000049700006677 4.17683491473 0.324765 4.04732 5.39416
9.00337 80000049700006678 80000049700006676 80000049700006688 80000049700006675 3.93726108473 -0.479102 4.39089 6.80664
9.01614 80000049700006676 80000049700006674 80000049700006688 80000049700006673 3.49086136926 1.03079 -0.0445787 7.31066
9.0316 80000049700006674 80000049700006672 80000049700006688 80000049700006671 3.08482263583 0.949132 -0.085305 8.85537
9.0066 80000049700006748 80000049700006747 80000049700006769 80000049700006746 2.00202813925 19.7909 4.1581 -15.7661
9.04653 80000049700006927 80000049700006926 80000049700006936 80000049700006925 4.00794511147 5.42678 -3.13437 0.546729
9.06939 80000049700006926 80000049700006924 80000049700006936 80000049700006923 3.70877426464 4.7268 -1.65321 -0.531928
9.09637 80000049700006924 80000049700006923 80000049700006936 80000049700006922 3.49086136926 6.13716 -2.73855 2.08757
9.15273 80000049700006923 80000049700006922 80000049700006936 80000049700006921 3.28303305796 8.69733 -2.92405 -2.28151
9.16407 80000049700006922 80000049700006920 80000049700006936 80000049700006919 3.00813107163 7.32727 -4.05049 -2.48441
9.16852 80000049700006920 80000049700006919 80000049700006936 80000049700006918 2.89578500573 8.26899 -3.0991 -4.78243
9.18376 80000049700006919 80000049700006918 80000049700006936 80000049700006917 2.73314261732 5.80315 -2.99171 -1.5378
9.22457 80000049700006918 80000049700006917 80000049700006936 80000049700006916 2.5772902716 4.41858 -6.64704 -2.58043
9.25101 80000049700006917 80000049700006915 80000049700006936 80000049700006914 2.31611074396 7.78169 -7.38586 -4.83109
9.25466 80000049700006915 80000049700006910 80000049700006936 80000049700006909 1.82268925262 5.94839 -7.05908 -1.65043
9.27766 80000049700006910 80000049700006908 80000049700006936 80000049700006907 1.66666955611 -2.04069 -10.9109 -1.9754
9.02239 80000049700007187 80000049700007186 80000049700007201 80000049700007185 3.28303305796 -0.467112 2.55578 -7.90813
9.0316 80000049700007186 80000049700007184 80000049700007201 80000049700007183 3.00813107163 2.12168 5.97108 -9.37875
9.04358 80000049700007184 80000049700007182 80000049700007201 80000049700007181 2.73314261732 0.14184 5.59391 -8.3632
9.06378 80000049700007182 80000049700007181 80000049700007201 80000049700007180 2.5772902716 -1.23103 6.90775 -5.62917
9.06378 80000049700007181 80000049700007180 80000049700007201 80000049700007179 2.44422570455 -6.01915 6.71921 -10.7222
9.10415 80000049700007180 80000049700007178 80000049700007201 80000049700007177 2.20792547238 -9.49442 3.11588 -12.6098
9.11179 80000049700007178 80000049700007176 80000049700007201 80000049700007175 2.00202813925 -8.04196 7.41648 -10.1311
