logMh | fpID | subhaloID | main leaf ID | descID |  z
9.626 90000052200000095 90000052200000094 90000052200000104 90000052200000093 7.00541704554 -10.3323 -2.40482 -0.786499
9.72507 90000052200000094 90000052200000093 90000052200000104 90000052200000092 6.85511726265 -1.7236 -2.87723 -11.8759
9.81328 90000052200000093 90000052200000092 90000052200000104 90000052200000091 6.49159774567 -2.75451 -2.00916 -13.1267
9.85353 90000052200000092 90000052200000091 90000052200000104 90000052200000090 6.14490120342 -4.20361 -1.61871 -12.7622
9.88826 90000052200000091 90000052200000090 90000052200000104 90000052200000089 6.01075739884 -1.67196 -2.11272 -13.9016
9.91289 90000052200000090 90000052200000089 90000052200000104 90000052200000088 5.84661374788 -2.25899 -2.01561 -15.711
9.9278 90000052200000089 90000052200000088 90000052200000104 90000052200000087 5.52976580795 -4.66879 -0.448113 -19.5035
9.98584 90000052200000088 90000052200000087 90000052200000104 90000052200000086 5.22758097313 -5.00093 1.89287 -14.8579
10.0221 90000052200000087 90000052200000086 90000052200000104 90000052200000085 4.99593346816 -6.43916 2.70932 -15.0885
10.027 90000052200000086 90000052200000085 90000052200000104 90000052200000084 4.93938066349 -8.06932 2.68747 -12.7944
10.05 90000052200000085 90000052200000084 90000052200000104 90000052200000083 4.66451770247 -12.4311 5.97612 -11.8805
10.0869 90000052200000084 90000052200000083 90000052200000104 90000052200000082 4.42803373661 -17.0739 6.05849 -11.9039
10.1667 90000052200000083 90000052200000082 90000052200000104 90000052200000081 4.17683491473 -8.44759 10.219 -14.2019
10.2255 90000052200000082 90000052200000081 90000052200000104 90000052200000080 4.00794511147 4.14385 17.1262 -6.33917
10.2536 90000052200000081 90000052200000080 90000052200000104 90000052200000079 3.93726108473 -3.51068 12.233 -17.5751
10.3262 90000052200000080 90000052200000079 90000052200000104 90000052200000078 3.70877426464 -38.0118 26.4963 -32.5101
10.427 90000052200000079 90000052200000078 90000052200000104 90000052200000077 3.49086136926 -6.53286 15.1431 -42.9797
10.481 90000052200000078 90000052200000077 90000052200000104 90000052200000076 3.28303305796 2.43435 28.2977 -37.1299
10.5325 90000052200000077 90000052200000076 90000052200000104 90000052200000075 3.08482263583 -3.87042 30.4415 -41.5083
10.5521 90000052200000076 90000052200000075 90000052200000104 90000052200000074 3.00813107163 3.32783 27.5055 -38.6691
10.5703 90000052200000075 90000052200000074 90000052200000104 90000052200000073 2.89578500573 -2.94998 34.3344 -37.5083
10.5924 90000052200000074 90000052200000073 90000052200000104 90000052200000072 2.73314261732 -19.148 27.0988 -42.2194
10.6229 90000052200000073 90000052200000071 90000052200000104 90000052200000070 2.44422570455 -58.6635 61.6452 -21.5778
10.738 90000052200000071 90000052200000070 90000052200000104 90000052200000069 2.31611074396 -55.7793 68.9848 -30.4922
10.8159 90000052200000070 90000052200000069 90000052200000104 90000052200000068 2.20792547238 -66.4764 76.6115 -26.9287
10.9094 90000052200000069 90000052200000068 90000052200000104 90000052200000067 2.1032696526 -72.775 64.0084 -34.6961
10.9202 90000052200000068 90000052200000067 90000052200000104 90000052200000066 2.00202813925 -81.2479 75.734 -32.1922
10.9623 90000052200000067 90000052200000066 90000052200000104 90000052200000065 1.90408954353 -90.1484 76.2595 -38.9814
10.9766 90000052200000066 90000052200000065 90000052200000104 90000052200000064 1.82268925262 -79.8019 75.2859 -42.3152
11.0267 90000052200000065 90000052200000058 90000052200000104 90000052200000057 1.3575766674 -82.5527 1.35966 -143.067
11.0369 90000052200000058 90000052200000057 90000052200000104 90000052200000056 1.30237845991 -99.8838 21.504 -89.9376
11.0811 90000052200000057 90000052200000056 90000052200000104 90000052200000055 1.24847261425 -101.467 11.5702 -79.1561
11.0879 90000052200000056 90000052200000055 90000052200000104 90000052200000054 1.20625808078 -106.973 29.4075 -71.9805
11.1597 90000052200000055 90000052200000054 90000052200000104 90000052200000053 1.15460271236 -144.039 76.3487 -191.348
11.1805 90000052200000054 90000052200000053 90000052200000104 90000052200000052 1.11415056377 -150.201 77.359 -248.639
11.226 90000052200000053 90000052200000052 90000052200000104 90000052200000051 1.07445789455 -192.784 107.19 -353.31
11.2346 90000052200000052 90000052200000050 90000052200000104 90000052200000049 0.997294225782 -210.435 108.821 -401.545
11.2458 90000052200000050 90000052200000049 90000052200000104 90000052200000048 0.987852810816 -228.659 114.993 -433.7
11.2598 90000052200000049 90000052200000048 90000052200000104 90000052200000047 0.950531351585 -247.299 134.564 -454.868
11.2741 90000052200000048 90000052200000047 90000052200000104 90000052200000046 0.923000816178 -254.697 138.931 -476.474
11.286 90000052200000047 90000052200000046 90000052200000104 90000052200000045 0.886896937575 -260.538 145.829 -438.616
11.2989 90000052200000046 90000052200000045 90000052200000104 90000052200000044 0.851470900625 -274.594 145.378 -436.586
11.3009 90000052200000045 90000052200000044 90000052200000104 90000052200000043 0.816709979012 -286.736 148.292 -416.831
11.3083 90000052200000044 90000052200000042 90000052200000104 90000052200000041 0.757441372616 -296.892 146.75 -363.69
11.3191 90000052200000042 90000052200000041 90000052200000104 90000052200000040 0.732636182022 -334.279 151.746 -345.233
11.3212 90000052200000041 90000052200000040 90000052200000104 90000052200000039 0.700106353719 -353.275 189.878 -336.901
11.3227 90000052200000040 90000052200000039 90000052200000104 90000052200000038 0.676110411213 -367.379 187.758 -312.841
11.3336 90000052200000039 90000052200000036 90000052200000104 90000052200000035 0.598543288188 -366.666 253.449 -286.9
11.3403 90000052200000036 90000052200000034 90000052200000104 90000052200000033 0.546392183141 -354.847 242.261 -290.32
11.3424 90000052200000034 90000052200000032 90000052200000104 90000052200000031 0.503047523245 -330.64 254.004 -283.769
11.3437 90000052200000032 90000052200000030 90000052200000104 90000052200000029 0.460917794181 -317.718 264.51 -292.21
11.3441 90000052200000030 90000052200000029 90000052200000104 90000052200000028 0.440297849248 -310.115 274.205 -296.356
11.3448 90000052200000029 90000052200000027 90000052200000104 90000052200000026 0.399926964614 -296.747 276.228 -292.218
11.3499 90000052200000027 90000052200000022 90000052200000104 90000052200000021 0.310074120128 -287.765 248.597 -268.686
11.3521 90000052200000022 90000052200000021 90000052200000104 90000052200000020 0.291583239722 -283.074 253.731 -266.507
11.3587 90000052200000021 90000052200000020 90000052200000104 90000052200000019 0.273353346578 -281.156 261.339 -269.689
11.3624 90000052200000020 90000052200000019 90000052200000104 90000052200000018 0.261343256161 -285.673 243.485 -273.365
11.3666 90000052200000019 90000052200000018 90000052200000104 90000052200000017 0.243540181555 -299.117 223.476 -274.495
11.368 90000052200000018 90000052200000017 90000052200000104 90000052200000016 0.22598838626 -305.814 201.433 -272.033
11.3694 90000052200000017 90000052200000016 90000052200000104 90000052200000015 0.214425035514 -300.477 179.225 -271.805
11.3734 90000052200000016 90000052200000015 90000052200000104 90000052200000014 0.197284182376 -303.253 182.308 -268.189
11.3755 90000052200000015 90000052200000014 90000052200000104 90000052200000013 0.180385261706 -308.38 182.345 -270.032
11.3823 90000052200000014 90000052200000012 90000052200000104 90000052200000011 0.152748768902 -311.216 157.4 -260.328
11.3846 90000052200000012 90000052200000011 90000052200000104 90000052200000010 0.14187620397 -316.3 154.053 -252.211
11.3861 90000052200000011 90000052200000010 90000052200000104 90000052200000009 0.125759332411 -314.181 153.151 -249.696
11.3875 90000052200000010 90000052200000009 90000052200000104 90000052200000008 0.109869940459 -321.266 135.257 -240.59
11.3898 90000052200000009 90000052200000008 90000052200000104 90000052200000007 0.0994018026302 -317.015 134.974 -240.979
11.3939 90000052200000008 90000052200000007 90000052200000104 90000052200000006 0.0838844307975 -317.157 129.606 -237.424
11.3961 90000052200000007 90000052200000006 90000052200000104 90000052200000005 0.0736613846564 -314.582 134.318 -245.096
11.3986 90000052200000006 90000052200000005 90000052200000104 90000052200000004 0.0585073227945 -318.359 141.904 -254.541
11.4015 90000052200000005 90000052200000004 90000052200000104 90000052200000003 0.0485236299818 -324.397 131.954 -248.035
11.4047 90000052200000004 90000052200000003 90000052200000104 90000052200000002 0.0337243718735 -319.243 160.626 -249.172
11.4095 90000052200000003 90000052200000002 90000052200000104 90000052200000001 0.0239744283828 -320.923 165.232 -255.456
11.4137 90000052200000002 90000052200000001 90000052200000104 90000052200000000 0.00952166696794 -327.963 166.101 -260.704
11.4138 90000052200000001 90000052200000000 90000052200000104 -1 2.22044604925e-16 -309.73 175.168 -256.219
9.03763 90000052200000111 90000052200000110 90000052200000117 90000052200000109 8.44947629437 -3.62149 -1.22876 2.84692
9.11431 90000052200000110 90000052200000109 90000052200000117 90000052200000108 8.01217294887 -0.998386 -4.20056 1.41256
9.30763 90000052200000109 90000052200000108 90000052200000117 90000052200000107 7.59510714987 -5.63381 -5.1079 -5.6061
9.53044 90000052200000108 90000052200000107 90000052200000117 90000052200000106 7.23627606617 -10.9957 -1.66519 4.35301
9.00337 90000052200000124 90000052200000123 90000052200000127 90000052200000122 8.01217294887 1.83443 -2.11552 -2.52477
9.11179 90000052200000123 90000052200000122 90000052200000127 90000052200000121 7.59510714987 1.18712 0.75559 -7.04621
9.05811 90000052200000197 90000052200000196 90000052200000202 90000052200000195 7.23627606617 0.711143 11.7309 2.85309
9.14108 90000052200000196 90000052200000195 90000052200000202 90000052200000194 7.00541704554 -0.38128 6.55241 8.83244
9.35771 90000052200000195 90000052200000193 90000052200000202 90000052200000192 6.49159774567 4.1345 9.69328 10.9236
9.47396 90000052200000193 90000052200000192 90000052200000202 90000052200000191 6.14490120342 0.351904 7.89081 6.17634
9.55478 90000052200000192 90000052200000191 90000052200000202 90000052200000190 6.01075739884 9.84325 19.3806 15.6172
9.59807 90000052200000191 90000052200000190 90000052200000202 90000052200000189 5.84661374788 4.32074 21.2515 15.7695
9.64932 90000052200000190 90000052200000189 90000052200000202 90000052200000188 5.52976580795 6.10409 19.6133 14.0077
9.66655 90000052200000189 90000052200000188 90000052200000202 90000052200000187 5.22758097313 10.6649 23.783 15.9476
9.68515 90000052200000188 90000052200000187 90000052200000202 90000052200000186 4.99593346816 6.4868 26.1658 15.3426
9.71385 90000052200000187 90000052200000186 90000052200000202 90000052200000185 4.93938066349 2.11707 22.3085 14.6258
9.73899 90000052200000186 90000052200000185 90000052200000202 90000052200000184 4.66451770247 9.07002 23.3786 15.294
9.75822 90000052200000185 90000052200000184 90000052200000202 90000052200000183 4.42803373661 -0.170248 28.2696 17.4974
9.0066 90000052200000252 90000052200000251 90000052200000260 90000052200000250 6.14490120342 -4.85969 -1.55989 -4.70315
9.04945 90000052200000251 90000052200000249 90000052200000260 90000052200000248 5.84661374788 -4.36636 -3.84682 -6.33611
9.07766 90000052200000249 90000052200000248 90000052200000260 90000052200000247 5.52976580795 -2.19612 2.04341 -4.98517
9.20055 90000052200000248 90000052200000247 90000052200000260 90000052200000246 5.22758097313 -3.96877 -4.65284 -3.63008
9.2026 90000052200000247 90000052200000245 90000052200000260 90000052200000244 4.93938066349 -9.90143 -5.18196 -6.9793
9.25101 90000052200000245 90000052200000244 90000052200000260 90000052200000243 4.66451770247 -9.99244 -2.72482 -9.22362
9.25466 90000052200000244 90000052200000243 90000052200000260 90000052200000242 4.42803373661 -4.94954 -1.69915 -8.83852
9.25466 90000052200000243 90000052200000239 90000052200000260 90000052200000238 3.70877426464 -2.42044 -0.721024 -3.5212
9.07492 90000052200000355 90000052200000354 90000052200000364 90000052200000353 8.01217294887 -1.37669 -3.80018 2.63907
9.11681 90000052200000354 90000052200000353 90000052200000364 90000052200000352 7.59510714987 -3.06062 -3.32348 4.96952
9.19433 90000052200000353 90000052200000352 90000052200000364 90000052200000351 7.23627606617 -2.64701 -0.312136 11.1107
9.20055 90000052200000352 90000052200000351 90000052200000364 90000052200000350 7.00541704554 -4.55421 -2.67372 10.7991
9.2361 90000052200000351 90000052200000350 90000052200000364 90000052200000349 6.85511726265 -1.56179 -4.87534 13.99
9.32651 90000052200000350 90000052200000349 90000052200000364 90000052200000348 6.49159774567 -6.21398 3.50487 -1.50964
9.46621 90000052200000349 90000052200000348 90000052200000364 90000052200000347 6.14490120342 -9.60336 2.71932 -10.8685
9.48692 90000052200000348 90000052200000347 90000052200000364 90000052200000346 6.01075739884 -10.7604 3.18446 -10.7527
9.53713 90000052200000347 90000052200000345 90000052200000364 90000052200000344 5.52976580795 -13.6001 1.81549 -10.3179
9.66017 90000052200000345 90000052200000344 90000052200000364 90000052200000343 5.22758097313 -27.755 -12.9039 7.06972
9.81528 90000052200000344 90000052200000343 90000052200000364 90000052200000342 4.99593346816 -51.2573 -66.0362 2.42867
9.87146 90000052200000343 90000052200000340 90000052200000364 90000052200000339 4.42803373661 -26.9847 -52.6355 9.76504
9.93809 90000052200000340 90000052200000339 90000052200000364 90000052200000338 4.17683491473 -27.6394 -62.3327 6.60769
9.95869 90000052200000339 90000052200000338 90000052200000364 90000052200000337 4.00794511147 -24.9988 -61.7283 7.43807
9.97004 90000052200000338 90000052200000337 90000052200000364 90000052200000336 3.93726108473 -29.4131 -54.6617 8.63234
9.99187 90000052200000337 90000052200000336 90000052200000364 90000052200000335 3.70877426464 -20.1039 -43.0241 6.65434
10.0844 90000052200000336 90000052200000335 90000052200000364 90000052200000334 3.49086136926 -16.8231 -52.4466 9.20151
10.1771 90000052200000335 90000052200000334 90000052200000364 90000052200000333 3.28303305796 5.09141 -60.3581 22.5799
10.2697 90000052200000334 90000052200000333 90000052200000364 90000052200000332 3.08482263583 16.6878 -53.0061 21.9527
10.4049 90000052200000333 90000052200000331 90000052200000364 90000052200000330 2.89578500573 51.244 -58.5025 7.2265
10.4364 90000052200000331 90000052200000329 90000052200000364 90000052200000328 2.5772902716 37.7322 -57.8078 -6.53919
9.18162 90000052200000386 90000052200000385 90000052200000394 90000052200000384 5.52976580795 5.24283 -15.1345 -6.33172
9.01614 90000052200000473 90000052200000472 90000052200000477 90000052200000471 6.85511726265 -6.2419 0.381136 -1.2304
9.11179 90000052200000472 90000052200000471 90000052200000477 90000052200000470 6.49159774567 -5.90109 5.96281 0.693559
9.21472 90000052200000471 90000052200000470 90000052200000477 90000052200000469 6.14490120342 -9.07156 7.51721 7.02977
9.26187 90000052200000470 90000052200000469 90000052200000477 90000052200000468 6.01075739884 -9.75226 1.68729 9.11628
9.30923 90000052200000469 90000052200000468 90000052200000477 90000052200000467 5.84661374788 -9.60315 -6.95775 1.36972
9.55569 90000052200000468 90000052200000467 90000052200000477 90000052200000466 5.52976580795 7.50684 3.14381 3.83304
9.61106 90000052200000467 90000052200000466 90000052200000477 90000052200000465 5.22758097313 14.705 7.74724 6.10638
9.73899 90000052200000466 90000052200000465 90000052200000477 90000052200000464 4.99593346816 17.9402 10.4761 10.7179
9.78955 90000052200000465 90000052200000463 90000052200000477 90000052200000462 4.66451770247 4.01253 18.18 8.38723
9.83339 90000052200000463 90000052200000462 90000052200000477 90000052200000461 4.42803373661 5.35579 15.0611 8.29955
9.8697 90000052200000462 90000052200000461 90000052200000477 90000052200000460 4.17683491473 -0.0836841 10.3865 11.9242
9.90524 90000052200000461 90000052200000460 90000052200000477 90000052200000459 4.00794511147 -2.1501 11.6894 12.3476
9.04653 90000052200000502 90000052200000501 90000052200000503 90000052200000500 6.49159774567 16.5488 -0.940448 8.73897
9.16852 90000052200000501 90000052200000500 90000052200000503 90000052200000499 6.14490120342 27.8178 -8.12355 5.94283
9.19641 90000052200000500 90000052200000499 90000052200000503 90000052200000498 6.01075739884 27.9932 -6.96305 3.92323
9.04062 90000052200000612 90000052200000611 90000052200000624 90000052200000610 3.70877426464 -12.1082 -3.10741 2.30805
9.04653 90000052200000611 90000052200000610 90000052200000624 90000052200000609 3.49086136926 -8.48437 -2.15162 -0.595543
9.05811 90000052200000610 90000052200000609 90000052200000624 90000052200000608 3.28303305796 -8.26035 -2.74006 -0.41222
9.08845 90000052200000609 90000052200000608 90000052200000624 90000052200000607 3.08482263583 -9.87262 -7.03539 -1.81214
9.15273 90000052200000608 90000052200000606 90000052200000624 90000052200000605 2.89578500573 -11.3186 -14.5704 -2.69871
9.20055 90000052200000606 90000052200000605 90000052200000624 90000052200000604 2.73314261732 -7.29138 -4.92334 -2.55211
9.26896 90000052200000605 90000052200000602 90000052200000624 90000052200000601 2.31611074396 -20.9495 -17.2351 -11.9643
9.14344 90000052200000683 90000052200000682 90000052200000690 90000052200000681 3.49086136926 0.527789 23.6339 -5.49685
9.20668 90000052200000682 90000052200000681 90000052200000690 90000052200000680 3.28303305796 -7.1333 15.6473 -0.466901
9.22651 90000052200000681 90000052200000676 90000052200000690 90000052200000675 2.5772902716 -17.0083 10.776 -21.3492
9.2361 90000052200000676 90000052200000675 90000052200000690 90000052200000674 2.44422570455 -11.3307 14.8799 -17.9288
9.24548 90000052200000675 90000052200000674 90000052200000690 90000052200000673 2.31611074396 -23.3207 2.68369 -11.8039
9.09898 90000052200000696 90000052200000695 90000052200000708 90000052200000676 2.73314261732 -11.7781 0.734471 -13.842
9.00012 90000052200000851 90000052200000850 90000052200000864 90000052200000849 4.17683491473 6.46971 0.78102 -5.40038
9.0666 90000052200000850 90000052200000849 90000052200000864 90000052200000848 4.00794511147 10.1889 3.5503 -3.86085
9.10926 90000052200000849 90000052200000848 90000052200000864 90000052200000847 3.93726108473 10.9582 5.31726 -5.61259
9.12424 90000052200000848 90000052200000845 90000052200000864 90000052200000844 3.28303305796 6.36369 4.62083 -5.87134
9.14344 90000052200000845 90000052200000844 90000052200000864 90000052200000843 3.08482263583 8.70466 5.55607 -4.88085
9.14344 90000052200000844 90000052200000842 90000052200000864 90000052200000841 2.89578500573 10.0375 9.17963 -5.54985
9.17073 90000052200000842 90000052200000841 90000052200000864 90000052200000840 2.73314261732 9.35002 4.4063 0.452815
9.22651 90000052200000841 90000052200000840 90000052200000864 90000052200000839 2.5772902716 8.43477 2.88312 9.69355
9.34609 90000052200000840 90000052200000838 90000052200000864 90000052200000837 2.31611074396 9.2136 -11.1479 19.694
9.35194 90000052200000838 90000052200000837 90000052200000864 90000052200000836 2.20792547238 7.69917 -9.60443 17.4125
9.42157 90000052200000837 90000052200000836 90000052200000864 90000052200000835 2.1032696526 0.409434 -4.93673 26.0906
9.49536 90000052200000836 90000052200000835 90000052200000864 90000052200000834 2.00202813925 -14.2492 -1.33163 29.3135
9.59642 90000052200000835 90000052200000834 90000052200000864 90000052200000833 1.90408954353 -22.4768 -12.5691 25.0994
9.61899 90000052200000834 90000052200000831 90000052200000864 90000052200000830 1.66666955611 -22.9783 -4.43624 37.5731
9.66302 90000052200000831 90000052200000830 90000052200000864 90000052200000829 1.60423452207 -12.8861 -15.8785 21.3196
9.00012 90000052200000976 90000052200000975 90000052200000984 90000052200000974 8.01217294887 1.05327 1.67609 -0.675471
9.0098 90000052200000975 90000052200000974 90000052200000984 90000052200000973 7.59510714987 -1.59396 1.22059 1.31543
9.11179 90000052200000974 90000052200000973 90000052200000984 90000052200000972 7.23627606617 3.60491 -1.81039 -0.319707
9.13394 90000052200000973 90000052200000970 90000052200000984 90000052200000969 6.49159774567 2.55175 1.18843 3.69134
9.23799 90000052200000970 90000052200000969 90000052200000984 90000052200000968 6.14490120342 6.61581 2.96853 2.9759
9.30923 90000052200000969 90000052200000968 90000052200000984 90000052200000967 6.01075739884 7.65721 4.65576 2.90879
9.31083 90000052200000968 90000052200000967 90000052200000984 90000052200000966 5.84661374788 6.60665 2.82731 4.69476
9.31874 90000052200000967 90000052200000966 90000052200000984 90000052200000965 5.52976580795 11.2874 1.80139 5.24355
9.32651 90000052200000966 90000052200000965 90000052200000984 90000052200000964 5.22758097313 7.60738 -1.36775 4.54141
9.43497 90000052200000965 90000052200000964 90000052200000984 90000052200000963 4.99593346816 10.6331 3.57733 2.02841
9.45145 90000052200000964 90000052200000962 90000052200000984 90000052200000961 4.66451770247 11.1027 1.31204 1.76269
9.55296 90000052200000962 90000052200000961 90000052200000984 90000052200000960 4.42803373661 9.38482 -2.63073 -12.0475
9.60946 90000052200000961 90000052200000960 90000052200000984 90000052200000959 4.17683491473 -0.552906 3.24119 -6.20823
9.61346 90000052200000960 90000052200000958 90000052200000984 90000052200000957 3.93726108473 -4.486 2.64164 -7.64052
9.76049 90000052200000958 90000052200000957 90000052200000984 90000052200000956 3.70877426464 -5.23738 8.07945 -5.62001
9.81877 90000052200000957 90000052200000956 90000052200000984 90000052200000955 3.49086136926 -5.64993 7.37731 -2.56321
9.85307 90000052200000956 90000052200000955 90000052200000984 90000052200000954 3.28303305796 -5.45288 3.74528 5.88622
9.88656 90000052200000955 90000052200000954 90000052200000984 90000052200000953 3.08482263583 -4.45566 2.14936 5.5159
9.89162 90000052200000954 90000052200000953 90000052200000984 90000052200000952 3.00813107163 -4.63414 2.9147 -0.0836015
9.90402 90000052200000953 90000052200000952 90000052200000984 90000052200000951 2.89578500573 -5.40613 0.7797 0.467182
9.93772 90000052200000952 90000052200000941 90000052200000984 90000052200000940 1.66666955611 -12.8113 -1.23294 -15.9632
9.03463 90000052200000997 90000052200000996 90000052200001002 90000052200000995 6.14490120342 -9.26399 -1.86803 8.92385
9.08309 90000052200000996 90000052200000994 90000052200001002 90000052200000993 5.84661374788 -12.3356 -3.39509 8.55079
9.12178 90000052200000994 90000052200000993 90000052200001002 90000052200000992 5.52976580795 -10.2047 -3.50835 7.34881
9.13634 90000052200000993 90000052200000992 90000052200001002 90000052200000991 5.22758097313 -6.7601 -1.77368 4.30037
9.03463 90000052200001051 90000052200001050 90000052200001054 90000052200001049 5.22758097313 10.8311 -46.72 0.925021
9.05524 90000052200001050 90000052200001049 90000052200001054 90000052200001048 4.99593346816 9.69856 -33.9498 0.692505
9.08578 90000052200001049 90000052200001044 90000052200001054 90000052200001043 4.00794511147 1.89178 -22.034 0.652467
9.22845 90000052200001044 90000052200001042 90000052200001054 90000052200001041 3.70877426464 9.86865 -28.3196 -1.36221
9.2862 90000052200001042 90000052200001040 90000052200001054 90000052200001039 3.28303305796 11.0281 -27.5214 0.0462516
9.29787 90000052200001040 90000052200001039 90000052200001054 90000052200001038 3.08482263583 7.9879 -49.7546 0.44896
9.32651 90000052200001039 90000052200001038 90000052200001054 90000052200001037 3.00813107163 11.5354 -50.2772 -1.3166
9.36056 90000052200001038 90000052200001037 90000052200001054 90000052200001036 2.89578500573 16.3079 -51.2702 -1.87811
9.37457 90000052200001037 90000052200001036 90000052200001054 90000052200001035 2.73314261732 10.125 -45.8012 -2.22202
9.37732 90000052200001036 90000052200001035 90000052200001054 90000052200001034 2.5772902716 9.11126 -45.953 -1.33053
9.3974 90000052200001035 90000052200001033 90000052200001054 90000052200001032 2.31611074396 5.10711 -48.252 -0.808876
9.4651 90000052200001033 90000052200001032 90000052200001054 90000052200001031 2.20792547238 -3.45638 -52.8665 -1.23289
9.46733 90000052200001032 90000052200001031 90000052200001054 90000052200001030 2.1032696526 -2.74613 -50.2357 -2.23628
9.49951 90000052200001031 90000052200001030 90000052200001054 90000052200001029 2.00202813925 -1.55678 -46.3441 -2.09435
9.53523 90000052200001030 90000052200001029 90000052200001054 90000052200001028 1.90408954353 8.52007 -54.5626 -8.70157
9.56111 90000052200001029 90000052200001026 90000052200001054 90000052200001025 1.66666955611 3.74128 -43.3313 0.227621
9.0098 90000052200001187 90000052200001186 90000052200001193 90000052200001185 7.59510714987 3.42291 -4.08581 10.1765
9.10415 90000052200001186 90000052200001185 90000052200001193 90000052200001184 7.23627606617 1.25958 -5.30039 8.45667
9.12424 90000052200001185 90000052200001184 90000052200001193 90000052200001183 7.00541704554 0.867495 -6.18654 -0.873491
9.20464 90000052200001184 90000052200001182 90000052200001193 90000052200001181 6.49159774567 4.51452 -5.44481 -1.27948
9.22845 90000052200001182 90000052200001181 90000052200001193 90000052200001180 6.14490120342 -0.109462 -2.90869 -1.67503
9.33716 90000052200001181 90000052200001178 90000052200001193 90000052200001177 5.52976580795 -11.622 7.36325 4.10926
9.45261 90000052200001178 90000052200001177 90000052200001193 90000052200001176 5.22758097313 -12.6575 4.09715 2.7141
9.53236 90000052200001177 90000052200001176 90000052200001193 90000052200001175 4.99593346816 -23.3735 -2.52831 2.46837
9.61106 90000052200001176 90000052200001175 90000052200001193 90000052200001174 4.93938066349 -15.5104 -17.5827 -2.51176
9.86393 90000052200001175 90000052200001174 90000052200001193 90000052200001173 4.66451770247 -22.2887 -21.1055 9.38978
9.91329 90000052200001174 90000052200001173 90000052200001193 90000052200001172 4.42803373661 -14.7614 -26.1253 12.0097
9.9892 90000052200001173 90000052200001172 90000052200001193 90000052200001171 4.17683491473 -9.51451 -31.668 2.15912
10.0155 90000052200001172 90000052200001171 90000052200001193 90000052200001170 4.00794511147 -10.0052 -29.9696 -2.14403
10.0468 90000052200001171 90000052200001170 90000052200001193 90000052200001169 3.93726108473 -0.157188 -30.5171 4.03805
10.0895 90000052200001170 90000052200001169 90000052200001193 90000052200001168 3.70877426464 -3.49467 -26.1385 1.56881
10.1208 90000052200001169 90000052200001168 90000052200001193 90000052200001167 3.49086136926 -6.41403 -19.0293 8.81516
10.1406 90000052200001168 90000052200001166 90000052200001193 90000052200001165 3.08482263583 -16.4496 -16.3345 10.9579
10.1546 90000052200001166 90000052200001165 90000052200001193 90000052200001164 3.00813107163 -15.3421 -14.5883 12.1187
10.1587 90000052200001165 90000052200001164 90000052200001193 90000052200001163 2.89578500573 -16.091 -14.8103 11.7682
10.1912 90000052200001164 90000052200001160 90000052200001193 90000052200001159 2.31611074396 -9.15715 -1.28716 1.77493
10.2283 90000052200001160 90000052200001159 90000052200001193 90000052200001158 2.20792547238 -15.5851 -15.3819 7.55622
10.2651 90000052200001159 90000052200001158 90000052200001193 90000052200001157 2.1032696526 -29.4704 -10.2769 7.27595
10.2782 90000052200001158 90000052200001157 90000052200001193 90000052200001156 2.00202813925 -22.6232 -11.5815 -2.16444
10.2974 90000052200001157 90000052200001155 90000052200001193 90000052200001154 1.82268925262 -28.4433 -4.41955 11.1669
10.3067 90000052200001155 90000052200001154 90000052200001193 90000052200001153 1.74357057433 -22.5544 0.35851 6.24496
10.3247 90000052200001154 90000052200001153 90000052200001193 90000052200001152 1.66666955611 -19.5675 -7.47771 7.04384
10.3413 90000052200001153 90000052200001152 90000052200001193 90000052200001151 1.60423452207 -0.99268 -20.5019 -6.31533
10.3758 90000052200001152 90000052200001151 90000052200001193 90000052200001150 1.53123902916 0.503028 -33.1903 -23.4521
10.3923 90000052200001151 90000052200001149 90000052200001193 90000052200001148 1.41409822037 19.6127 -23.7426 -25.8161
10.4598 90000052200001149 90000052200001147 90000052200001193 90000052200001146 1.30237845991 86.9068 -94.1088 -102.252
9.08309 90000052200001209 90000052200001208 90000052200001218 90000052200001207 6.01075739884 -6.21051 -23.9569 4.20958
9.13394 90000052200001208 90000052200001207 90000052200001218 90000052200001206 5.84661374788 -5.62238 -22.9893 -4.86814
9.10926 90000052200001304 90000052200001303 90000052200001311 90000052200001302 6.01075739884 -5.51661 10.4418 -5.00761
9.11179 90000052200001303 90000052200001301 90000052200001311 90000052200001300 5.52976580795 -1.98358 8.69457 -2.23069
9.04062 90000052200001703 90000052200001702 90000052200001711 90000052200001701 5.52976580795 -21.7831 -6.02192 2.61412
9.26008 90000052200001702 90000052200001701 90000052200001711 90000052200001700 5.22758097313 0.824211 16.4979 1.17616
9.29124 90000052200001701 90000052200001697 90000052200001711 90000052200001696 4.42803373661 -9.63761 0.914369 5.07451
9.32187 90000052200001697 90000052200001696 90000052200001711 90000052200001695 4.17683491473 -8.31577 2.48993 4.71608
9.40774 90000052200001696 90000052200001695 90000052200001711 90000052200001694 4.00794511147 2.6647 20.4537 -4.04074
9.42893 90000052200001695 90000052200001694 90000052200001711 90000052200001693 3.93726108473 1.65555 23.0609 -2.38947
9.43015 90000052200001694 90000052200001693 90000052200001711 90000052200001692 3.70877426464 -2.77462 23.7463 -2.01782
9.43737 90000052200001693 90000052200001692 90000052200001711 90000052200001691 3.49086136926 -7.14459 25.8475 2.37439
9.44797 90000052200001692 90000052200001691 90000052200001711 90000052200001690 3.28303305796 -6.81266 30.0673 -1.17923
9.45833 90000052200001691 90000052200001690 90000052200001711 90000052200001689 3.08482263583 -5.97865 27.2257 -4.78702
9.47941 90000052200001690 90000052200001689 90000052200001711 90000052200001688 3.00813107163 -8.06905 24.4978 -5.27474
9.51575 90000052200001689 90000052200001686 90000052200001711 90000052200001685 2.5772902716 -10.367 23.5898 -1.9865
9.52462 90000052200001686 90000052200001685 90000052200001711 90000052200001684 2.44422570455 -6.60256 17.9392 -6.77049
9.54278 90000052200001685 90000052200001684 90000052200001711 90000052200001683 2.31611074396 -6.33356 21.9546 -2.46216
9.56999 90000052200001684 90000052200001683 90000052200001711 90000052200001682 2.20792547238 -6.14758 25.5289 -3.07306
9.59227 90000052200001683 90000052200001682 90000052200001711 90000052200001681 2.1032696526 -3.76951 21.5189 -9.37011
9.63593 90000052200001682 90000052200001681 90000052200001711 90000052200001680 2.00202813925 -10.8393 32.8187 -18.8332
9.68108 90000052200001681 90000052200001680 90000052200001711 90000052200001679 1.90408954353 -18.5999 32.0942 -27.3011
9.69118 90000052200001680 90000052200001679 90000052200001711 90000052200001678 1.82268925262 -21.7354 34.0417 -36.4567
9.71448 90000052200001679 90000052200001678 90000052200001711 90000052200001677 1.74357057433 -23.4412 36.9446 -34.0449
9.72813 90000052200001678 90000052200001677 90000052200001711 90000052200001676 1.66666955611 -25.2884 37.4723 -42.7017
9.75075 90000052200001677 90000052200001676 90000052200001711 90000052200001675 1.60423452207 -30.8653 32.2607 -51.2391
9.77663 90000052200001676 90000052200001675 90000052200001711 90000052200001674 1.53123902916 -26.2598 29.6673 -70.2962
9.77827 90000052200001675 90000052200001674 90000052200001711 90000052200001673 1.47197484527 -28.0696 39.8902 -55.9302
9.78475 90000052200001674 90000052200001673 90000052200001711 90000052200001672 1.41409822037 -22.3995 37.6892 -50.0589
9.80823 90000052200001673 90000052200001672 90000052200001711 90000052200001671 1.3575766674 -22.5592 33.7788 -48.041
9.00337 90000052200001884 90000052200001883 90000052200001895 90000052200001882 2.73314261732 -8.60007 1.7684 1.11992
9.06096 90000052200001883 90000052200001882 90000052200001895 90000052200001881 2.5772902716 -9.14396 6.41189 3.7796
9.08845 90000052200001882 90000052200001881 90000052200001895 90000052200001880 2.44422570455 -9.8877 6.6963 5.15231
9.12424 90000052200001881 90000052200001880 90000052200001895 90000052200001879 2.31611074396 -7.63047 8.24828 1.72137
9.12912 90000052200001880 90000052200001876 90000052200001895 90000052200001875 1.90408954353 -0.234869 2.82256 -6.20588
9.12912 90000052200001876 90000052200001875 90000052200001895 90000052200001874 1.82268925262 3.0043 3.39793 -2.788
9.17073 90000052200001875 90000052200001870 90000052200001895 90000052200001869 1.47197484527 8.30559 -7.32795 -2.05528
9.22457 90000052200001870 90000052200001868 90000052200001895 90000052200001867 1.3575766674 -3.13272 -11.1928 -6.96713
9.27072 90000052200001868 90000052200001867 90000052200001895 90000052200001866 1.30237845991 4.4395 -12.4413 -2.30638
9.2845 90000052200001867 90000052200001866 90000052200001895 90000052200001865 1.24847261425 4.98027 -17.6039 -1.44611
9.32958 90000052200001866 90000052200001865 90000052200001895 90000052200001864 1.20625808078 11.0872 -16.8739 -1.29431
9.36622 90000052200001865 90000052200001863 90000052200001895 90000052200001862 1.11415056377 15.7699 -14.1263 -5.99761
9.44093 90000052200001863 90000052200001862 90000052200001895 90000052200001861 1.07445789455 24.2389 -14.7214 -16.0017
9.4651 90000052200001862 90000052200001860 90000052200001895 90000052200001859 0.997294225782 33.0368 -21.4021 -7.45337
9.46955 90000052200001860 90000052200001859 90000052200001895 90000052200001858 0.987852810816 33.0545 -19.9786 -8.96985
9.47176 90000052200001859 90000052200001857 90000052200001895 90000052200001856 0.923000816178 26.9768 -23.1271 -9.60967
9.50973 90000052200001857 90000052200001856 90000052200001895 90000052200001855 0.886896937575 28.2821 -34.2792 -2.59016
9.50973 90000052200001856 90000052200001853 90000052200001895 90000052200001852 0.791068248946 25.0632 -24.8019 5.42292
