logMh | fpID | subhaloID | main leaf ID | descID |  z
9.04358 80000069000000100 80000069000000099 80000069000000106 80000069000000098 8.9079991856 -4.17594 -2.22568 8.16633
9.17073 80000069000000099 80000069000000098 80000069000000106 80000069000000097 8.44947629437 -2.32972 2.50491 11.6951
9.19641 80000069000000098 80000069000000097 80000069000000106 80000069000000096 8.01217294887 -2.51728 1.87925 12.4798
9.24918 80000069000000097 80000069000000096 80000069000000106 80000069000000095 7.59510714987 -2.58914 1.45836 11.261
9.32805 80000069000000096 80000069000000095 80000069000000106 80000069000000094 7.23627606617 -2.60093 0.844579 11.8124
9.35771 80000069000000095 80000069000000094 80000069000000106 80000069000000093 7.00541704554 -1.7783 -0.266666 12.6671
9.53523 80000069000000094 80000069000000093 80000069000000106 80000069000000092 6.85511726265 8.63441 -0.846685 13.1984
9.61266 80000069000000093 80000069000000092 80000069000000106 80000069000000091 6.49159774567 5.15084 -0.723554 12.1154
9.74196 80000069000000092 80000069000000091 80000069000000106 80000069000000090 6.14490120342 15.9592 3.23254 17.5075
9.76106 80000069000000091 80000069000000090 80000069000000106 80000069000000089 6.01075739884 15.2076 10.4654 13.9696
9.82222 80000069000000090 80000069000000089 80000069000000106 80000069000000088 5.84661374788 8.18731 -2.9107 19.2422
9.88101 80000069000000089 80000069000000088 80000069000000106 80000069000000087 5.52976580795 23.6077 -5.77822 22.3781
9.91766 80000069000000088 80000069000000087 80000069000000106 80000069000000086 5.22758097313 23.3575 -3.02597 25.0739
9.97904 80000069000000087 80000069000000086 80000069000000106 80000069000000085 4.99593346816 20.5403 0.454137 19.3812
10.006 80000069000000086 80000069000000084 80000069000000106 80000069000000083 4.66451770247 22.8208 -2.66244 18.0758
10.0524 80000069000000084 80000069000000083 80000069000000106 80000069000000082 4.42803373661 12.9764 9.06515 3.62879
10.1347 80000069000000083 80000069000000082 80000069000000106 80000069000000081 4.17683491473 26.5606 -0.102849 1.93845
10.1629 80000069000000082 80000069000000081 80000069000000106 80000069000000080 4.00794511147 24.1014 7.62374 -2.56484
10.1859 80000069000000081 80000069000000080 80000069000000106 80000069000000079 3.93726108473 24.7534 3.81268 4.43944
10.2975 80000069000000080 80000069000000079 80000069000000106 80000069000000078 3.70877426464 17.1398 -2.19381 32.8955
10.3247 80000069000000079 80000069000000078 80000069000000106 80000069000000077 3.49086136926 13.0833 -10.2974 22.5855
10.4035 80000069000000078 80000069000000077 80000069000000106 80000069000000076 3.28303305796 17.2626 4.27916 26.0926
10.435 80000069000000077 80000069000000076 80000069000000106 80000069000000075 3.08482263583 26.2085 30.5135 14.0307
10.4567 80000069000000076 80000069000000075 80000069000000106 80000069000000074 3.00813107163 21.4329 34.1493 5.74078
10.4701 80000069000000075 80000069000000074 80000069000000106 80000069000000073 2.89578500573 25.1385 35.8676 4.14038
10.5118 80000069000000074 80000069000000073 80000069000000106 80000069000000072 2.73314261732 21.136 9.4245 -12.3293
10.6926 80000069000000073 80000069000000072 80000069000000106 80000069000000071 2.5772902716 -51.9247 -140.973 -191.844
11.3024 80000069000000072 80000069000000069 80000069000000106 80000069000000068 2.20792547238 -40.053 -538.479 -347.624
11.3368 80000069000000069 80000069000000068 80000069000000106 80000069000000067 2.1032696526 -7.36013 -592.219 -310.381
11.407 80000069000000068 80000069000000067 80000069000000106 80000069000000066 2.00202813925 29.8589 -699.202 -313.689
11.4382 80000069000000067 80000069000000066 80000069000000106 80000069000000065 1.90408954353 29.676 -709.471 -362.985
11.4761 80000069000000066 80000069000000065 80000069000000106 80000069000000064 1.82268925262 38.6959 -743.924 -381.322
11.4859 80000069000000065 80000069000000064 80000069000000106 80000069000000063 1.74357057433 23.7442 -743.539 -364.391
11.5201 80000069000000064 80000069000000063 80000069000000106 80000069000000062 1.66666955611 22.9799 -706.84 -406.73
11.5243 80000069000000063 80000069000000061 80000069000000106 80000069000000060 1.53123902916 14.2826 -677.082 -409.322
11.5283 80000069000000061 80000069000000060 80000069000000106 80000069000000059 1.47197484527 48.7434 -671.117 -390.697
11.5379 80000069000000060 80000069000000047 80000069000000106 80000069000000046 0.923000816178 -18.3144 -626.787 -206.494
11.5421 80000069000000047 80000069000000046 80000069000000106 80000069000000045 0.886896937575 -14.5566 -647.882 -169.92
11.5453 80000069000000046 80000069000000045 80000069000000106 80000069000000044 0.851470900625 -52.5149 -643.157 -135.386
11.5639 80000069000000045 80000069000000043 80000069000000106 80000069000000042 0.791068248946 -121.788 -772.422 -193.377
11.5684 80000069000000043 80000069000000035 80000069000000106 80000069000000034 0.575980845108 -102.805 -661.308 -238.082
11.5691 80000069000000035 80000069000000034 80000069000000106 80000069000000033 0.546392183141 -49.5969 -618.059 -246.316
11.5803 80000069000000034 80000069000000033 80000069000000106 80000069000000032 0.524565820434 -41.4481 -622.413 -267.696
11.5848 80000069000000033 80000069000000032 80000069000000106 80000069000000031 0.503047523245 -36.2546 -654.435 -270.101
11.5885 80000069000000032 80000069000000031 80000069000000106 80000069000000030 0.481832943421 -57.5608 -682.448 -266.411
11.5964 80000069000000031 80000069000000030 80000069000000106 80000069000000029 0.460917794181 -33.6833 -714.703 -280.886
11.599 80000069000000030 80000069000000029 80000069000000106 80000069000000028 0.440297849248 -37.5994 -692.313 -296.342
11.6165 80000069000000029 80000069000000028 80000069000000106 80000069000000027 0.419968941997 -26.2261 -841.052 -309.63
11.6237 80000069000000028 80000069000000027 80000069000000106 80000069000000026 0.399926964614 -12.8802 -797.385 -342.064
11.6303 80000069000000027 80000069000000026 80000069000000106 80000069000000025 0.38016786726 -45.5189 -874.969 -322.4
11.642 80000069000000026 80000069000000025 80000069000000106 80000069000000024 0.360687657262 -49.5242 -923.159 -390.132
11.6425 80000069000000025 80000069000000024 80000069000000106 80000069000000023 0.347853841858 -59.6331 -897.939 -397.197
11.6514 80000069000000024 80000069000000023 80000069000000106 80000069000000022 0.328829724206 -65.1696 -955.673 -437.044
11.6594 80000069000000023 80000069000000022 80000069000000106 80000069000000021 0.310074120128 -52.0557 -971.498 -469.004
11.6625 80000069000000022 80000069000000021 80000069000000106 80000069000000020 0.291583239722 -64.0169 -956.42 -519.316
11.6683 80000069000000021 80000069000000020 80000069000000106 80000069000000019 0.273353346578 -72.5694 -952.694 -561.981
11.6743 80000069000000020 80000069000000019 80000069000000106 80000069000000018 0.261343256161 -56.5561 -980.486 -602.577
11.6772 80000069000000019 80000069000000018 80000069000000106 80000069000000017 0.243540181555 -18.7862 -917.68 -612.618
11.6856 80000069000000018 80000069000000017 80000069000000106 80000069000000016 0.22598838626 -11.8646 -923.1 -608.698
11.6901 80000069000000017 80000069000000016 80000069000000106 80000069000000015 0.214425035514 -25.6173 -939.969 -620.989
11.6949 80000069000000016 80000069000000015 80000069000000106 80000069000000014 0.197284182376 -42.554 -950.853 -622.894
11.7013 80000069000000015 80000069000000014 80000069000000106 80000069000000013 0.180385261706 -65.1596 -977.703 -638.911
11.7024 80000069000000014 80000069000000013 80000069000000106 80000069000000012 0.169252033244 -55.3684 -1009.99 -650.357
11.7058 80000069000000013 80000069000000012 80000069000000106 80000069000000011 0.152748768902 -71.0754 -1029.75 -656.925
11.7102 80000069000000012 80000069000000011 80000069000000106 80000069000000010 0.14187620397 -83.0282 -1042.94 -654.601
11.7159 80000069000000011 80000069000000010 80000069000000106 80000069000000009 0.125759332411 -95.6721 -1040.34 -675.457
11.7171 80000069000000010 80000069000000009 80000069000000106 80000069000000008 0.109869940459 -95.657 -1051.48 -647.352
11.7246 80000069000000009 80000069000000008 80000069000000106 80000069000000007 0.0994018026302 -133.685 -1083.44 -667.824
11.7272 80000069000000008 80000069000000007 80000069000000106 80000069000000006 0.0838844307975 -157.835 -1106.67 -650.505
11.7319 80000069000000007 80000069000000006 80000069000000106 80000069000000005 0.0736613846564 -160.174 -1104.21 -679.58
11.7389 80000069000000006 80000069000000005 80000069000000106 80000069000000004 0.0585073227945 -183.28 -1146.27 -693.807
11.746 80000069000000005 80000069000000003 80000069000000106 80000069000000002 0.0337243718735 -182.237 -1162.74 -687.321
11.7469 80000069000000003 80000069000000002 80000069000000106 80000069000000001 0.0239744283828 -211.831 -1150.15 -686.196
11.7494 80000069000000002 80000069000000001 80000069000000106 80000069000000000 0.00952166696794 -202.708 -1131.91 -691.507
11.7542 80000069000000001 80000069000000000 80000069000000106 -1 2.22044604925e-16 -196.277 -1119.9 -684.807
9.06378 80000069000000117 80000069000000116 80000069000000124 80000069000000115 7.59510714987 -2.32511 0.751245 -8.05462
9.15273 80000069000000116 80000069000000114 80000069000000124 80000069000000113 7.00541704554 6.3823 4.0122 -11.1675
9.06939 80000069000000138 80000069000000137 80000069000000149 80000069000000136 6.49159774567 -3.63627 -0.120549 -2.59291
9.04945 80000069000000176 80000069000000175 80000069000000178 80000069000000174 7.23627606617 6.86162 -4.20987 10.9959
9.17729 80000069000000175 80000069000000173 80000069000000178 80000069000000172 6.85511726265 -5.1939 -9.96261 -1.43512
9.21472 80000069000000173 80000069000000168 80000069000000178 80000069000000167 5.52976580795 -3.66957 -10.5785 -8.01796
9.23988 80000069000000168 80000069000000167 80000069000000178 80000069000000166 5.22758097313 2.29541 -10.0585 -0.388921
9.2845 80000069000000167 80000069000000166 80000069000000178 80000069000000165 4.99593346816 3.81185 -16.9677 -0.975762
9.00337 80000069000000194 80000069000000193 80000069000000207 80000069000000192 4.66451770247 2.0073 3.44533 4.38973
9.08845 80000069000000193 80000069000000191 80000069000000207 80000069000000190 4.17683491473 0.328057 6.41121 7.42459
9.03463 80000069000000231 80000069000000230 80000069000000238 80000069000000229 5.22758097313 21.216 10.7551 21.3834
9.33566 80000069000000230 80000069000000229 80000069000000238 80000069000000228 4.99593346816 5.22361 15.9321 6.13591
9.33716 80000069000000229 80000069000000228 80000069000000238 80000069000000227 4.93938066349 7.18526 18.7658 6.61022
9.43737 80000069000000228 80000069000000225 80000069000000238 80000069000000224 4.17683491473 14.6615 21.513 -11.5408
9.46621 80000069000000225 80000069000000223 80000069000000238 80000069000000222 3.93726108473 6.90153 19.765 -13.0542
9.51175 80000069000000223 80000069000000222 80000069000000238 80000069000000221 3.70877426464 8.41833 15.5234 -16.6861
9.52267 80000069000000222 80000069000000221 80000069000000238 80000069000000220 3.49086136926 7.67022 23.5812 -1.82756
9.41659 80000069000000248 80000069000000247 80000069000000262 80000069000000223 4.00794511147 16.5886 20.8926 -16.5771
9.08309 80000069000000275 80000069000000274 80000069000000287 80000069000000273 3.08482263583 -1.22044 -0.952635 -12.4005
9.10671 80000069000000274 80000069000000273 80000069000000287 80000069000000272 3.00813107163 -3.43414 -4.54758 -16.8237
9.12178 80000069000000273 80000069000000272 80000069000000287 80000069000000271 2.89578500573 -4.67482 -3.25062 -17.8067
11.0111 80000069000000272 80000069000000270 80000069000000287 80000069000000069 2.44422570455 -288.115 -370.913 -414.078
9.15273 80000069000000313 80000069000000312 80000069000000325 80000069000000311 3.49086136926 -26.8521 -2.06312 -8.64721
9.22457 80000069000000312 80000069000000311 80000069000000325 80000069000000310 3.28303305796 -27.0008 -7.12611 -8.39286
9.26365 80000069000000311 80000069000000310 80000069000000325 80000069000000309 3.08482263583 -28.8374 -11.6273 -0.943591
9.30923 80000069000000310 80000069000000308 80000069000000325 80000069000000307 2.73314261732 -25.8729 -15.4024 -3.95861
9.01298 80000069000000502 80000069000000501 80000069000000508 80000069000000500 4.00794511147 -1.38951 -1.16835 -2.20268
9.02239 80000069000000501 80000069000000500 80000069000000508 80000069000000499 3.93726108473 -0.699178 -2.47234 -2.67986
9.07216 80000069000000500 80000069000000499 80000069000000508 80000069000000498 3.70877426464 -0.392522 -3.69799 -4.6487
9.11431 80000069000000499 80000069000000498 80000069000000508 80000069000000497 3.49086136926 -3.66103 -5.79573 -4.38204
9.11431 80000069000000498 80000069000000495 80000069000000508 80000069000000494 3.00813107163 -1.40262 -8.52227 -2.82072
9.19223 80000069000000495 80000069000000493 80000069000000508 80000069000000492 2.73314261732 1.30528 -14.4915 9.07832
9.38681 80000069000000493 80000069000000491 80000069000000508 80000069000000490 2.44422570455 6.3659 -23.4212 18.7571
9.05811 80000069000000560 80000069000000559 80000069000000576 80000069000000558 2.89578500573 -10.7562 5.17533 0.460128
9.12178 80000069000000559 80000069000000558 80000069000000576 80000069000000557 2.73314261732 -4.66912 3.34831 1.57093
9.02855 80000069000000613 80000069000000612 80000069000000622 80000069000000611 7.23627606617 -0.518297 -2.46498 -2.74423
9.14344 80000069000000612 80000069000000611 80000069000000622 80000069000000610 7.00541704554 4.98599 -3.20363 -0.449043
9.17293 80000069000000611 80000069000000610 80000069000000622 80000069000000609 6.85511726265 2.86261 -1.78791 -1.55745
9.20464 80000069000000610 80000069000000609 80000069000000622 80000069000000608 6.49159774567 2.16677 -0.317779 -3.42983
9.23799 80000069000000609 80000069000000608 80000069000000622 80000069000000607 6.14490120342 0.893632 -1.71149 -2.91329
9.27072 80000069000000608 80000069000000607 80000069000000622 80000069000000606 6.01075739884 2.31706 -1.96867 -1.27851
9.32187 80000069000000607 80000069000000606 80000069000000622 80000069000000605 5.84661374788 1.10167 -1.94749 0.744049
9.41408 80000069000000606 80000069000000605 80000069000000622 80000069000000604 5.52976580795 12.5397 -1.99423 -4.16886
9.42893 80000069000000605 80000069000000604 80000069000000622 80000069000000603 5.22758097313 12.6326 0.831915 -7.37096
9.44093 80000069000000604 80000069000000603 80000069000000622 80000069000000602 4.99593346816 8.90654 4.38302 -5.09431
9.44797 80000069000000603 80000069000000602 80000069000000622 80000069000000601 4.93938066349 7.71101 4.45247 -4.16374
9.57697 80000069000000602 80000069000000601 80000069000000622 80000069000000600 4.66451770247 1.19446 9.6064 4.91445
9.63214 80000069000000601 80000069000000600 80000069000000622 80000069000000599 4.42803373661 0.48179 10.8105 6.83493
9.83626 80000069000000600 80000069000000599 80000069000000622 80000069000000598 4.17683491473 36.9436 6.21214 -1.11632
9.98211 80000069000000599 80000069000000598 80000069000000622 80000069000000597 4.00794511147 61.053 -13.1016 -11.8547
10.0183 80000069000000598 80000069000000596 80000069000000622 80000069000000595 3.70877426464 40.4177 -17.0563 3.73046
10.2103 80000069000000596 80000069000000595 80000069000000622 80000069000000594 3.49086136926 76.05 -20.0999 -25.0293
10.2852 80000069000000595 80000069000000594 80000069000000622 80000069000000593 3.28303305796 68.5152 -7.60441 -43.9688
10.331 80000069000000594 80000069000000593 80000069000000622 80000069000000592 3.08482263583 59.49 9.94145 -46.8691
10.3528 80000069000000593 80000069000000592 80000069000000622 80000069000000591 3.00813107163 73.2061 4.88678 -43.8613
10.3982 80000069000000592 80000069000000591 80000069000000622 80000069000000590 2.89578500573 79.3102 29.9531 -51.223
10.5757 80000069000000591 80000069000000590 80000069000000622 80000069000000589 2.73314261732 129.526 124.06 -12.8645
9.18802 80000069000000669 80000069000000668 80000069000000673 80000069000000667 6.14490120342 2.48021 -7.26759 22.1557
9.25284 80000069000000668 80000069000000667 80000069000000673 80000069000000666 6.01075739884 3.50817 -5.51773 19.4834
9.27938 80000069000000667 80000069000000666 80000069000000673 80000069000000665 5.84661374788 5.64114 -7.11899 18.9558
9.32958 80000069000000666 80000069000000665 80000069000000673 80000069000000664 5.52976580795 5.66527 -4.00079 16.1179
9.41659 80000069000000665 80000069000000664 80000069000000673 80000069000000663 5.22758097313 3.65101 -3.54994 10.53
9.43257 80000069000000664 80000069000000663 80000069000000673 80000069000000662 4.99593346816 4.32704 -4.00282 8.59828
9.4503 80000069000000663 80000069000000662 80000069000000673 80000069000000661 4.93938066349 6.91061 -10.3056 12.9633
9.4549 80000069000000662 80000069000000661 80000069000000673 80000069000000660 4.66451770247 4.06563 -10.3172 10.9235
9.28788 80000069000000695 80000069000000694 80000069000000701 80000069000000693 5.52976580795 29.9206 -11.3217 23.4845
9.3634 80000069000000694 80000069000000693 80000069000000701 80000069000000692 5.22758097313 14.8069 -1.83149 11.7153
9.42893 80000069000000693 80000069000000692 80000069000000701 80000069000000691 4.99593346816 17.0571 -1.25982 10.4773
9.48905 80000069000000692 80000069000000691 80000069000000701 80000069000000690 4.93938066349 23.6611 -1.99653 -0.082762
9.57869 80000069000000691 80000069000000690 80000069000000701 80000069000000689 4.66451770247 25.6518 -14.1862 20.1304
9.69449 80000069000000690 80000069000000689 80000069000000701 80000069000000688 4.42803373661 32.5284 -9.86225 7.48347
9.0066 80000069000000754 80000069000000753 80000069000000762 80000069000000752 7.00541704554 3.67285 0.336074 1.95827
9.01928 80000069000000753 80000069000000752 80000069000000762 80000069000000751 6.85511726265 1.30018 -0.586116 5.31935
9.06378 80000069000000752 80000069000000751 80000069000000762 80000069000000750 6.49159774567 1.45218 -0.906958 6.86786
9.21472 80000069000000751 80000069000000750 80000069000000762 80000069000000749 6.14490120342 -0.690613 -4.15914 6.47128
9.21472 80000069000000750 80000069000000748 80000069000000762 80000069000000747 5.84661374788 4.22671 -2.64537 6.21231
9.25284 80000069000000748 80000069000000747 80000069000000762 80000069000000746 5.52976580795 1.01861 -3.35384 3.46693
9.2929 80000069000000747 80000069000000746 80000069000000762 80000069000000745 5.22758097313 3.52006 -1.69245 5.59773
9.35338 80000069000000746 80000069000000745 80000069000000762 80000069000000744 4.99593346816 6.90447 -5.14567 4.74947
9.4026 80000069000000745 80000069000000743 80000069000000762 80000069000000742 4.66451770247 16.5219 -1.68129 11.1581
9.42527 80000069000000743 80000069000000742 80000069000000762 80000069000000741 4.42803373661 16.4344 -1.04134 10.4178
9.44447 80000069000000742 80000069000000741 80000069000000762 80000069000000740 4.17683491473 14.5831 1.3404 9.88578
9.44914 80000069000000741 80000069000000740 80000069000000762 80000069000000739 4.00794511147 13.3747 1.5045 8.48202
9.46733 80000069000000740 80000069000000739 80000069000000762 80000069000000738 3.93726108473 13.9041 2.63337 3.48007
9.47176 80000069000000739 80000069000000738 80000069000000762 80000069000000737 3.70877426464 11.3189 2.13208 0.16514
9.57956 80000069000000738 80000069000000737 80000069000000762 80000069000000736 3.49086136926 8.8517 6.69774 0.942831
9.68918 80000069000000737 80000069000000736 80000069000000762 80000069000000735 3.28303305796 3.87721 5.10622 -5.08079
10.5307 80000069000000736 80000069000000731 80000069000000762 80000069000000730 2.5772902716 129.595 138.063 25.0309
9.00337 80000069000000963 80000069000000962 80000069000000969 80000069000000961 4.66451770247 -7.40967 0.711824 4.80394
9.05524 80000069000000962 80000069000000956 80000069000000969 80000069000000955 3.49086136926 -3.96232 3.00095 2.68476
9.14578 80000069000000956 80000069000000954 80000069000000969 80000069000000953 3.08482263583 -17.188 6.23133 2.65947
9.19433 80000069000000982 80000069000000981 80000069000000984 80000069000000980 2.44422570455 -15.0607 -10.6364 -4.35186
9.11431 80000069000001049 80000069000001048 80000069000001058 80000069000001047 7.00541704554 1.07794 0.624694 5.5836
9.12178 80000069000001048 80000069000001047 80000069000001058 80000069000001046 6.85511726265 2.73249 -0.444061 6.72644
9.17293 80000069000001047 80000069000001046 80000069000001058 80000069000001045 6.49159774567 5.30952 -0.621127 7.80048
9.22845 80000069000001046 80000069000001045 80000069000001058 80000069000001044 6.14490120342 5.0392 1.38896 6.37795
9.23037 80000069000001045 80000069000001044 80000069000001058 80000069000001043 6.01075739884 4.1281 1.53147 4.3267
9.25828 80000069000001044 80000069000001043 80000069000001058 80000069000001042 5.84661374788 3.52687 3.43495 5.13629
9.37319 80000069000001043 80000069000001042 80000069000001058 80000069000001041 5.52976580795 -4.96353 -3.92652 5.34291
9.44447 80000069000001042 80000069000001041 80000069000001058 80000069000001040 5.22758097313 -6.1215 -7.81362 -7.33321
9.54278 80000069000001041 80000069000001038 80000069000001058 80000069000001037 4.66451770247 -7.27147 -5.96487 -17.9064
9.59807 80000069000001038 80000069000001037 80000069000001058 80000069000001036 4.42803373661 -8.66082 -6.99526 -18.9099
9.61026 80000069000001037 80000069000001036 80000069000001058 80000069000001035 4.17683491473 -6.4828 -4.5702 -9.97025
9.64932 80000069000001036 80000069000001035 80000069000001058 80000069000001034 4.00794511147 -1.07704 -4.76898 -7.44945
9.66655 80000069000001035 80000069000001034 80000069000001058 80000069000001033 3.93726108473 0.23548 -5.88306 -5.57721
9.72568 80000069000001034 80000069000001033 80000069000001058 80000069000001032 3.70877426464 0.855618 -0.915874 4.56806
9.81976 80000069000001033 80000069000001032 80000069000001058 80000069000001031 3.49086136926 10.3632 -2.37247 7.41941
9.98313 80000069000001032 80000069000001031 80000069000001058 80000069000001030 3.28303305796 -1.06027 -23.2412 -2.97883
10.0541 80000069000001031 80000069000001030 80000069000001058 80000069000001029 3.08482263583 -2.08102 -25.0754 -4.25535
10.376 80000069000001030 80000069000001026 80000069000001058 80000069000001025 2.44422570455 83.7191 104.903 26.3971
9.10415 80000069000001146 80000069000001145 80000069000001156 80000069000001144 4.99593346816 8.8228 -15.0765 14.1455
9.12424 80000069000001145 80000069000001144 80000069000001156 80000069000001143 4.93938066349 7.33665 -14.4277 15.4533
9.16182 80000069000001144 80000069000001143 80000069000001156 80000069000001142 4.66451770247 8.4788 -17.0125 18.5192
9.19848 80000069000001143 80000069000001142 80000069000001156 80000069000001141 4.42803373661 8.23078 -14.2574 18.1395
9.24175 80000069000001142 80000069000001141 80000069000001156 80000069000001140 4.17683491473 5.20015 -10.3781 15.1569
9.29457 80000069000001141 80000069000001140 80000069000001156 80000069000001139 4.00794511147 1.51786 -6.81464 13.6139
9.29457 80000069000001140 80000069000001138 80000069000001156 80000069000001137 3.70877426464 2.36929 -13.2497 10.6632
9.04062 80000069000001207 80000069000001206 80000069000001215 80000069000001205 6.14490120342 -5.41889 10.3349 5.9554
9.06939 80000069000001206 80000069000001203 80000069000001215 80000069000001202 5.52976580795 -7.57785 7.44925 4.65887
9.13871 80000069000001203 80000069000001202 80000069000001215 80000069000001201 5.22758097313 -6.7428 6.60009 3.18743
9.22845 80000069000001202 80000069000001201 80000069000001215 80000069000001200 4.99593346816 -9.4972 10.9904 6.01048
9.27938 80000069000001201 80000069000001199 80000069000001215 80000069000001198 4.66451770247 -10.9619 10.4859 5.60432
9.39214 80000069000001199 80000069000001198 80000069000001215 80000069000001197 4.42803373661 -24.1135 6.59138 6.84179
9.4964 80000069000001198 80000069000001197 80000069000001215 80000069000001196 4.17683491473 -6.17975 2.27835 -6.63459
9.63819 80000069000001197 80000069000001196 80000069000001215 80000069000001195 4.00794511147 -4.74444 -2.41463 -4.45394
9.69712 80000069000001196 80000069000001195 80000069000001215 80000069000001194 3.93726108473 15.9279 -5.75175 -9.65204
9.71195 80000069000001195 80000069000001194 80000069000001215 80000069000001193 3.70877426464 5.14942 -16.9954 -7.42142
9.85944 80000069000001194 80000069000001193 80000069000001215 80000069000001192 3.49086136926 2.16944 -26.3121 -6.72561
10.059 80000069000001193 80000069000001191 80000069000001215 80000069000001190 3.08482263583 -16.2359 -65.9774 -16.5493
10.068 80000069000001191 80000069000001190 80000069000001215 80000069000001189 3.00813107163 -20.062 -73.5791 -21.0664
10.0943 80000069000001190 80000069000001189 80000069000001215 80000069000001188 2.89578500573 -16.1612 -75.9933 -26.2947
10.1647 80000069000001189 80000069000001188 80000069000001215 80000069000001187 2.73314261732 -16.0193 -84.3756 -10.7962
9.05235 80000069000001230 80000069000001229 80000069000001242 80000069000001228 5.52976580795 -5.20425 -1.09271 -2.2766
9.05811 80000069000001229 80000069000001228 80000069000001242 80000069000001227 5.22758097313 -8.49236 1.19471 -1.90171
9.06939 80000069000001228 80000069000001227 80000069000001242 80000069000001226 4.99593346816 -6.99596 0.116027 -2.15192
9.98246 80000069000001227 80000069000001218 80000069000001242 80000069000001191 3.28303305796 7.21236 -56.6116 -13.972
9.06378 80000069000001249 80000069000001248 80000069000001261 80000069000001247 4.66451770247 -17.6444 -10.3811 -14.4535
9.23799 80000069000001405 80000069000001404 80000069000001414 80000069000001403 8.01217294887 11.5624 -0.110148 -7.3431
9.42771 80000069000001404 80000069000001403 80000069000001414 80000069000001402 7.59510714987 16.0262 -2.69455 -8.20814
9.48265 80000069000001403 80000069000001402 80000069000001414 80000069000001401 7.23627606617 8.31326 -0.87092 -5.26989
9.7354 80000069000001402 80000069000001401 80000069000001414 80000069000001400 7.00541704554 -4.11158 -9.90117 -48.3309
9.92934 80000069000001401 80000069000001398 80000069000001414 80000069000001397 6.14490120342 -9.65671 -0.145 -31.2194
9.95545 80000069000001398 80000069000001397 80000069000001414 80000069000001396 6.01075739884 -12.5022 -1.18479 -31.6016
10.0108 80000069000001397 80000069000001396 80000069000001414 80000069000001395 5.84661374788 -18.481 2.52557 -37.6293
10.1215 80000069000001396 80000069000001395 80000069000001414 80000069000001394 5.52976580795 -22.7275 -6.23276 -66.7565
10.1694 80000069000001395 80000069000001394 80000069000001414 80000069000001393 5.22758097313 -25.5837 -8.32567 -74.8007
10.2284 80000069000001394 80000069000001393 80000069000001414 80000069000001392 4.99593346816 -27.0052 -3.46662 -81.2551
10.2442 80000069000001393 80000069000001392 80000069000001414 80000069000001391 4.93938066349 -18.7357 -9.0837 -86.0946
10.3305 80000069000001392 80000069000001391 80000069000001414 80000069000001390 4.66451770247 -36.0287 -6.95595 -82.2967
10.4043 80000069000001391 80000069000001390 80000069000001414 80000069000001389 4.42803373661 -49.8686 5.29465 -70.5414
10.4942 80000069000001390 80000069000001389 80000069000001414 80000069000001388 4.17683491473 -70.0722 19.3452 -61.2926
10.5134 80000069000001389 80000069000001387 80000069000001414 80000069000001386 3.93726108473 -78.8755 21.4359 -53.2661
10.5565 80000069000001387 80000069000001386 80000069000001414 80000069000001385 3.70877426464 -83.7782 20.4292 -48.7077
10.5783 80000069000001386 80000069000001385 80000069000001414 80000069000001384 3.49086136926 -73.5322 17.1221 -47.9171
10.597 80000069000001385 80000069000001381 80000069000001414 80000069000001380 2.89578500573 -51.0139 -34.0002 -18.7409
10.6083 80000069000001381 80000069000001380 80000069000001414 80000069000001379 2.73314261732 -37.1743 -18.4288 -0.238167
11.1221 80000069000001380 80000069000001377 80000069000001414 80000069000001376 2.31611074396 -62.295 -544.245 -245.052
9.00337 80000069000001434 80000069000001433 80000069000001439 80000069000001432 7.59510714987 -3.2987 -6.98048 -6.94676
9.10157 80000069000001433 80000069000001432 80000069000001439 80000069000001431 7.23627606617 2.23806 -7.17585 -15.657
9.16407 80000069000001432 80000069000001431 80000069000001439 80000069000001430 6.85511726265 -3.42147 -9.85122 -4.79901
9.09375 80000069000001568 80000069000001567 80000069000001575 80000069000001566 8.44947629437 0.971278 -4.65468 -3.44125
9.10415 80000069000001567 80000069000001566 80000069000001575 80000069000001565 8.01217294887 -3.70663 -4.61904 1.7095
9.23988 80000069000001566 80000069000001565 80000069000001575 80000069000001564 7.59510714987 -0.758197 -2.72301 3.06967
9.38681 80000069000001565 80000069000001564 80000069000001575 80000069000001563 7.23627606617 -8.69284 2.61344 2.16885
9.46285 80000069000001564 80000069000001562 80000069000001575 80000069000001561 6.85511726265 -8.45407 3.60361 -3.47212
9.48479 80000069000001562 80000069000001561 80000069000001575 80000069000001560 6.49159774567 -6.0986 0.432114 -0.909393
9.52754 80000069000001561 80000069000001560 80000069000001575 80000069000001559 6.14490120342 -4.31676 3.27798 -1.0763
9.53808 80000069000001560 80000069000001559 80000069000001575 80000069000001558 6.01075739884 -4.37198 1.8416 -2.45729
9.56999 80000069000001559 80000069000001558 80000069000001575 80000069000001557 5.84661374788 -7.13104 5.17439 1.53351
9.62134 80000069000001558 80000069000001557 80000069000001575 80000069000001556 5.52976580795 -4.81671 -1.44987 5.35075
9.62908 80000069000001557 80000069000001556 80000069000001575 80000069000001555 5.22758097313 -2.61303 -7.16411 5.7834
9.67353 80000069000001556 80000069000001555 80000069000001575 80000069000001554 4.99593346816 -7.09627 -9.95444 12.227
9.02239 80000069000001669 80000069000001668 80000069000001681 80000069000001667 5.22758097313 5.66839 -2.53286 -3.7331
9.05235 80000069000001668 80000069000001667 80000069000001681 80000069000001666 4.99593346816 5.90829 -2.66727 -0.71496
9.0666 80000069000001667 80000069000001666 80000069000001681 80000069000001665 4.93938066349 5.80756 -2.75973 -0.703127
9.06939 80000069000001666 80000069000001665 80000069000001681 80000069000001664 4.66451770247 3.62521 -1.14904 1.471
9.13634 80000069000001665 80000069000001664 80000069000001681 80000069000001663 4.42803373661 -1.35131 4.30506 0.90683
9.16852 80000069000001664 80000069000001663 80000069000001681 80000069000001662 4.17683491473 -0.0156668 8.03939 0.556035
9.70685 80000069000001663 80000069000001656 80000069000001681 80000069000001655 3.00813107163 0.684481 11.2256 -3.28665
9.08845 80000069000001695 80000069000001694 80000069000001704 80000069000001693 5.22758097313 -9.52979 0.692259 1.28752
9.10671 80000069000001694 80000069000001688 80000069000001704 80000069000001687 4.00794511147 -9.25389 3.29701 1.68737
9.1193 80000069000001688 80000069000001687 80000069000001704 80000069000001686 3.93726108473 -8.22862 3.75492 2.54237
9.3044 80000069000001687 80000069000001686 80000069000001704 80000069000001685 3.70877426464 -22.2997 4.95167 -15.5504
9.32958 80000069000001686 80000069000001685 80000069000001704 80000069000001684 3.49086136926 -19.1823 11.7004 -10.7425
9.54372 80000069000001685 80000069000001684 80000069000001704 80000069000001683 3.28303305796 1.53506 3.34141 5.93386
9.64342 80000069000001684 80000069000001683 80000069000001704 80000069000001682 3.08482263583 8.60825 14.0481 -11.3508
9.22845 80000069000001720 80000069000001719 80000069000001720 80000069000001718 1.74357057433 0.966479 3.20511 -4.79443
9.00012 80000069000001754 80000069000001753 80000069000001763 80000069000001752 6.14490120342 -1.29169 -0.206567 2.27217
9.01614 80000069000001753 80000069000001752 80000069000001763 80000069000001751 6.01075739884 -1.92952 4.67309 3.65088
9.04653 80000069000001752 80000069000001751 80000069000001763 80000069000001750 5.84661374788 -0.931129 5.35349 3.39287
9.09111 80000069000001751 80000069000001750 80000069000001763 80000069000001749 5.52976580795 -0.379855 5.6706 4.45473
9.10157 80000069000001750 80000069000001749 80000069000001763 80000069000001748 5.22758097313 3.26373 7.90619 2.92953
9.14344 80000069000001749 80000069000001748 80000069000001763 80000069000001747 4.99593346816 1.39883 10.3264 0.545646
9.14344 80000069000001748 80000069000001747 80000069000001763 80000069000001746 4.93938066349 -0.197442 9.73844 0.0418619
9.17946 80000069000001747 80000069000001746 80000069000001763 80000069000001745 4.66451770247 -2.69063 7.63354 4.92523
9.18802 80000069000001746 80000069000001745 80000069000001763 80000069000001744 4.42803373661 -0.661381 7.81878 2.71502
9.23799 80000069000001745 80000069000001744 80000069000001763 80000069000001743 4.17683491473 -1.63804 6.8833 8.81973
9.2811 80000069000001744 80000069000001743 80000069000001763 80000069000001742 4.00794511147 0.0671479 11.6648 10.3698
9.30115 80000069000001743 80000069000001742 80000069000001763 80000069000001741 3.93726108473 2.07034 15.0237 12.6984
9.40131 80000069000001742 80000069000001741 80000069000001763 80000069000001740 3.70877426464 -2.83411 22.9166 -1.60954
9.42157 80000069000001741 80000069000001739 80000069000001763 80000069000001738 3.28303305796 -3.57954 18.7313 -10.9789
9.52365 80000069000001739 80000069000001738 80000069000001763 80000069000001737 3.08482263583 2.13969 34.1613 -15.2319
9.62523 80000069000001738 80000069000001736 80000069000001763 80000069000001735 2.89578500573 -6.39508 27.8821 -27.6182
9.65005 80000069000001736 80000069000001735 80000069000001763 80000069000001734 2.73314261732 -18.4085 29.055 -44.6948
9.69184 80000069000001735 80000069000001733 80000069000001763 80000069000001732 2.44422570455 -23.9346 22.0782 -68.0204
9.0316 80000069000001877 80000069000001876 80000069000001882 80000069000001875 9.38877127194 -2.11317 -4.71331 -2.03274
9.10157 80000069000001876 80000069000001875 80000069000001882 80000069000001874 9.00233985416 -2.98691 -5.04618 -3.60264
9.20668 80000069000001875 80000069000001872 80000069000001882 80000069000001871 8.01217294887 2.03433 -6.5441 -2.95298
9.33263 80000069000001872 80000069000001871 80000069000001882 80000069000001870 7.59510714987 0.520611 -4.59871 -2.00159
9.36481 80000069000001871 80000069000001870 80000069000001882 80000069000001869 7.23627606617 0.553472 -4.87581 -2.34603
9.37869 80000069000001870 80000069000001869 80000069000001882 80000069000001868 7.00541704554 -0.879264 -3.84251 -1.80921
9.38412 80000069000001869 80000069000001868 80000069000001882 80000069000001867 6.85511726265 -0.380796 -2.94792 -1.70848
9.47066 80000069000001868 80000069000001867 80000069000001882 80000069000001866 6.49159774567 0.582398 -4.33587 -1.83119
9.51175 80000069000001867 80000069000001865 80000069000001882 80000069000001864 6.01075739884 1.78046 -3.17539 -3.44175
9.53996 80000069000001865 80000069000001864 80000069000001882 80000069000001863 5.84661374788 -0.299991 -2.53906 -2.36885
9.56823 80000069000001864 80000069000001863 80000069000001882 80000069000001862 5.52976580795 0.573245 -3.41575 -1.50504
9.56999 80000069000001863 80000069000001862 80000069000001882 80000069000001861 5.22758097313 -2.27252 -1.05248 -3.38566
9.62523 80000069000001862 80000069000001861 80000069000001882 80000069000001860 4.99593346816 4.4933 2.42712 -3.86767
9.63894 80000069000001861 80000069000001860 80000069000001882 80000069000001859 4.93938066349 3.63624 1.62588 -0.80823
9.69581 80000069000001860 80000069000001859 80000069000001882 80000069000001858 4.66451770247 2.85266 -0.153877 -1.19977
9.73239 80000069000001859 80000069000001858 80000069000001882 80000069000001857 4.42803373661 3.45233 -0.998518 -0.513349
9.79377 80000069000001858 80000069000001857 80000069000001882 80000069000001856 4.17683491473 0.0243053 4.76074 6.42792
9.86838 80000069000001857 80000069000001856 80000069000001882 80000069000001855 4.00794511147 1.1102 -4.52679 11.7894
9.89036 80000069000001856 80000069000001855 80000069000001882 80000069000001854 3.93726108473 0.54613 -3.11276 12.3634
9.95977 80000069000001855 80000069000001854 80000069000001882 80000069000001853 3.70877426464 3.59594 -0.232637 13.1443
9.9892 80000069000001854 80000069000001853 80000069000001882 80000069000001852 3.49086136926 9.02284 -1.56209 13.0985
10.0325 80000069000001853 80000069000001852 80000069000001882 80000069000001851 3.28303305796 12.0003 -0.147628 4.27679
10.0403 80000069000001852 80000069000001851 80000069000001882 80000069000001850 3.08482263583 12.6497 -0.0155382 3.6577
10.0532 80000069000001851 80000069000001850 80000069000001882 80000069000001849 3.00813107163 13.1466 8.26358 -0.700024
9.08845 80000069000001936 80000069000001935 80000069000001942 80000069000001934 4.93938066349 9.87877 -7.37856 -0.325575
9.17729 80000069000001935 80000069000001934 80000069000001942 80000069000001933 4.66451770247 5.42284 -3.89704 8.36988
9.30763 80000069000001934 80000069000001932 80000069000001942 80000069000001931 4.17683491473 -5.53427 1.12952 21.016
9.38412 80000069000001932 80000069000001927 80000069000001942 80000069000001926 3.28303305796 -1.12246 0.380691 19.5025
9.46844 80000069000001927 80000069000001926 80000069000001942 80000069000001925 3.08482263583 -0.627426 7.81983 -1.2688
9.50158 80000069000001926 80000069000001925 80000069000001942 80000069000001924 3.00813107163 3.08886 1.80882 -2.99433
9.54372 80000069000001925 80000069000001924 80000069000001942 80000069000001923 2.89578500573 4.69875 6.52721 -6.27205
9.01298 80000069000002138 80000069000002137 80000069000002145 80000069000002136 6.01075739884 -3.3609 3.07905 6.8848
9.06096 80000069000002137 80000069000002136 80000069000002145 80000069000002135 5.84661374788 -2.09579 3.11319 0.654177
9.16407 80000069000002136 80000069000002134 80000069000002145 80000069000002133 5.22758097313 6.58996 -1.42881 -3.82449
9.21272 80000069000002134 80000069000002133 80000069000002145 80000069000002132 4.99593346816 10.1149 -4.7296 -10.4252
9.21472 80000069000002133 80000069000002132 80000069000002145 80000069000002131 4.93938066349 10.3481 -4.30114 -11.496
9.32805 80000069000002132 80000069000002131 80000069000002145 80000069000002130 4.66451770247 5.74548 -13.1829 -24.1825
9.36902 80000069000002131 80000069000002130 80000069000002145 80000069000002129 4.42803373661 0.157869 -22.1649 -25.3568
9.4651 80000069000002130 80000069000002128 80000069000002145 80000069000002127 4.00794511147 29.775 -5.56244 3.05458
9.46955 80000069000002128 80000069000002124 80000069000002145 80000069000002123 3.28303305796 5.40253 -9.05227 -3.24169
9.07766 80000069000002187 80000069000002186 80000069000002195 80000069000002185 2.89578500573 11.152 -18.8567 20.2053
9.1193 80000069000002282 80000069000002281 80000069000002288 80000069000002280 6.14490120342 1.47481 0.57922 -3.8734
9.15273 80000069000002281 80000069000002280 80000069000002288 80000069000002279 6.01075739884 -0.0911385 -1.70177 -4.33078
9.16852 80000069000002280 80000069000002279 80000069000002288 80000069000002278 5.84661374788 -0.816512 -0.598949 -2.64241
9.22262 80000069000002279 80000069000002278 80000069000002288 80000069000002277 5.52976580795 -1.6671 -1.68239 -1.72669
9.27766 80000069000002278 80000069000002277 80000069000002288 80000069000002276 5.22758097313 1.92284 -3.041 2.0096
9.31083 80000069000002277 80000069000002276 80000069000002288 80000069000002275 4.99593346816 3.80305 -2.99704 -0.288789
9.34016 80000069000002276 80000069000002275 80000069000002288 80000069000002274 4.93938066349 2.4905 -3.07659 -0.117395
9.42527 80000069000002275 80000069000002274 80000069000002288 80000069000002273 4.66451770247 4.74842 -4.70813 6.69893
9.48692 80000069000002274 80000069000002273 80000069000002288 80000069000002272 4.42803373661 0.498348 -4.10728 3.25375
9.54558 80000069000002273 80000069000002272 80000069000002288 80000069000002271 4.17683491473 1.88612 -7.50815 2.41357
9.56823 80000069000002272 80000069000002271 80000069000002288 80000069000002270 4.00794511147 1.93046 -5.63476 1.20589
9.56911 80000069000002271 80000069000002270 80000069000002288 80000069000002269 3.93726108473 6.68433 -4.33235 -0.724008
9.5761 80000069000002270 80000069000002269 80000069000002288 80000069000002268 3.70877426464 4.37202 -2.89006 0.0981439
9.63969 80000069000002269 80000069000002268 80000069000002288 80000069000002267 3.49086136926 2.36632 -4.47616 2.91303
9.72813 80000069000002268 80000069000002267 80000069000002288 80000069000002266 3.28303305796 -6.0524 -18.4592 5.27879
9.74137 80000069000002267 80000069000002266 80000069000002288 80000069000002265 3.08482263583 -1.3349 -22.6984 2.2452
9.84847 80000069000002266 80000069000002265 80000069000002288 80000069000002264 3.00813107163 -23.1535 -39.0845 -5.72591
9.86749 80000069000002265 80000069000002263 80000069000002288 80000069000002262 2.73314261732 -21.7896 -31.2734 0.880082
9.89246 80000069000002263 80000069000002262 80000069000002288 80000069000002261 2.5772902716 -26.9454 -30.9307 -1.97121
9.90361 80000069000002262 80000069000002260 80000069000002288 80000069000002259 2.31611074396 -26.3972 -36.4696 -7.78883
9.92896 80000069000002260 80000069000002259 80000069000002288 80000069000002258 2.20792547238 -13.8251 -45.082 13.8494
9.99088 80000069000002259 80000069000002258 80000069000002288 80000069000002257 2.1032696526 -14.2044 -38.4161 34.7051
10.0669 80000069000002258 80000069000002257 80000069000002288 80000069000002256 2.00202813925 -19.8021 -22.4497 88.3428
9.02239 80000069000002296 80000069000002295 80000069000002302 80000069000002294 4.00794511147 -16.0336 3.02551 12.5986
9.3974 80000069000002394 80000069000002393 80000069000002407 80000069000002392 3.08482263583 -13.3962 6.19617 4.56052
9.54651 80000069000002393 80000069000002392 80000069000002407 80000069000002391 3.00813107163 -8.80252 17.151 14.6493
9.58383 80000069000002392 80000069000002391 80000069000002407 80000069000002390 2.89578500573 -7.56062 9.59762 13.4519
9.10415 80000069000002412 80000069000002411 80000069000002418 80000069000002410 3.70877426464 -11.9084 4.1887 3.42564
9.20055 80000069000002411 80000069000002410 80000069000002418 80000069000002409 3.49086136926 -15.4991 8.15491 11.4793
9.45719 80000069000002410 80000069000002409 80000069000002418 80000069000002408 3.28303305796 -12.1657 12.3823 8.73249
9.09375 80000069000002483 80000069000002482 80000069000002490 80000069000002481 5.52976580795 1.26595 4.1225 -13.8818
9.13154 80000069000002482 80000069000002481 80000069000002490 80000069000002480 5.22758097313 -0.00841577 7.2211 -10.1563
9.18376 80000069000002481 80000069000002480 80000069000002490 80000069000002479 4.99593346816 -0.429802 4.85708 -10.2236
9.18376 80000069000002480 80000069000002479 80000069000002490 80000069000002478 4.93938066349 -0.030211 7.11408 -8.95498
9.23988 80000069000002479 80000069000002478 80000069000002490 80000069000002477 4.66451770247 4.04381 9.76524 2.01293
9.30115 80000069000002478 80000069000002477 80000069000002490 80000069000002476 4.42803373661 0.934785 4.35529 1.12846
9.33111 80000069000002477 80000069000002476 80000069000002490 80000069000002475 4.17683491473 0.670975 7.08913 -1.36015
9.33263 80000069000002476 80000069000002475 80000069000002490 80000069000002474 4.00794511147 0.769682 9.24646 -0.753833
9.36763 80000069000002475 80000069000002474 80000069000002490 80000069000002473 3.93726108473 1.05759 1.00649 -3.81301
9.39081 80000069000002474 80000069000002473 80000069000002490 80000069000002472 3.70877426464 3.30475 3.33515 -9.41349
9.42281 80000069000002473 80000069000002472 80000069000002490 80000069000002471 3.49086136926 -6.01484 -0.538137 -5.88253
9.49116 80000069000002472 80000069000002470 80000069000002490 80000069000002469 3.08482263583 20.1421 25.9698 -22.6901
9.50158 80000069000002470 80000069000002468 80000069000002490 80000069000002467 2.89578500573 10.2178 30.6862 -24.1959
9.51375 80000069000002468 80000069000002467 80000069000002490 80000069000002466 2.73314261732 7.6438 24.219 -21.4845
9.58891 80000069000002467 80000069000002466 80000069000002490 80000069000002465 2.5772902716 9.0212 31.23 -20.6856
9.59972 80000069000002466 80000069000002465 80000069000002490 80000069000002464 2.44422570455 3.45577 40.6407 -17.7603
9.64342 80000069000002465 80000069000002464 80000069000002490 80000069000002463 2.31611074396 4.65264 35.4893 -19.4588
9.00337 80000069000002549 80000069000002548 80000069000002560 80000069000002547 2.89578500573 1.73508 -3.80548 -8.69454
9.04653 80000069000002548 80000069000002547 80000069000002560 80000069000002546 2.73314261732 1.02636 -6.16627 -9.58212
9.10157 80000069000002547 80000069000002546 80000069000002560 80000069000002545 2.5772902716 3.56005 -4.56494 -7.52935
9.14108 80000069000002546 80000069000002545 80000069000002560 80000069000002544 2.44422570455 6.48299 -4.51004 -8.10423
9.03763 80000069000002719 80000069000002718 80000069000002724 80000069000002717 8.44947629437 -2.02167 -0.685248 -1.76228
9.08309 80000069000002718 80000069000002717 80000069000002724 80000069000002716 8.01217294887 -0.170376 0.146336 -1.33025
9.13394 80000069000002717 80000069000002716 80000069000002724 80000069000002715 7.59510714987 1.06525 0.563252 -1.56521
9.2087 80000069000002716 80000069000002715 80000069000002724 80000069000002714 7.23627606617 1.57739 -1.60971 -2.18469
9.2342 80000069000002715 80000069000002714 80000069000002724 80000069000002713 7.00541704554 2.53608 -1.51782 -2.13754
9.2811 80000069000002714 80000069000002713 80000069000002724 80000069000002712 6.85511726265 5.32559 -3.21411 -4.8913
9.32651 80000069000002713 80000069000002712 80000069000002724 80000069000002711 6.49159774567 6.88918 -2.10918 -3.09232
9.33263 80000069000002712 80000069000002711 80000069000002724 80000069000002710 6.14490120342 7.53788 -1.3273 -3.9432
9.36763 80000069000002711 80000069000002710 80000069000002724 80000069000002709 6.01075739884 5.11523 -2.10066 -3.91406
9.38277 80000069000002710 80000069000002709 80000069000002724 80000069000002708 5.84661374788 5.30737 -3.39412 -3.41638
9.44093 80000069000002709 80000069000002708 80000069000002724 80000069000002707 5.52976580795 5.10651 -2.16086 -1.78028
9.51575 80000069000002708 80000069000002707 80000069000002724 80000069000002706 5.22758097313 -4.87188 -7.88384 2.90524
9.58891 80000069000002707 80000069000002706 80000069000002724 80000069000002705 4.99593346816 -7.10888 -7.94239 -1.80987
9.64119 80000069000002706 80000069000002705 80000069000002724 80000069000002704 4.93938066349 -3.21447 -4.84376 -3.78106
9.73299 80000069000002705 80000069000002704 80000069000002724 80000069000002703 4.66451770247 2.93145 -3.85034 2.91563
9.79743 80000069000002704 80000069000002703 80000069000002724 80000069000002702 4.42803373661 -5.02716 -0.507581 -3.56197
9.87583 80000069000002703 80000069000002702 80000069000002724 80000069000002701 4.17683491473 -17.0312 4.28586 1.10107
9.90808 80000069000002702 80000069000002701 80000069000002724 80000069000002700 4.00794511147 -12.0192 3.00821 1.44644
9.94556 80000069000002701 80000069000002700 80000069000002724 80000069000002699 3.93726108473 -7.16414 -2.46478 4.25715
10.0227 80000069000002700 80000069000002699 80000069000002724 80000069000002698 3.70877426464 9.99821 -21.9642 7.64563
10.0544 80000069000002699 80000069000002698 80000069000002724 80000069000002697 3.49086136926 1.55985 -6.59457 1.27849
10.146 80000069000002698 80000069000002697 80000069000002724 80000069000002696 3.28303305796 15.093 -4.13791 6.44749
10.191 80000069000002697 80000069000002696 80000069000002724 80000069000002695 3.08482263583 11.8566 -5.3453 9.06043
10.2378 80000069000002696 80000069000002695 80000069000002724 80000069000002694 3.00813107163 10.2192 4.7254 18.0252
10.2563 80000069000002695 80000069000002694 80000069000002724 80000069000002693 2.89578500573 -4.67424 13.5973 18.0457
10.3251 80000069000002694 80000069000002693 80000069000002724 80000069000002692 2.73314261732 -23.9184 -8.30759 51.0343
9.0666 80000069000002764 80000069000002763 80000069000002772 80000069000002762 3.70877426464 -7.63467 -6.55964 -4.56548
9.08038 80000069000002763 80000069000002762 80000069000002772 80000069000002761 3.49086136926 -9.61816 -5.68964 -3.87345
9.01928 80000069000002800 80000069000002799 80000069000002820 80000069000002798 3.70877426464 5.05745 -8.42461 -3.04399
9.12668 80000069000002855 80000069000002854 80000069000002866 80000069000002853 4.42803373661 6.09411 -14.9778 -4.84633
9.14811 80000069000002854 80000069000002853 80000069000002866 80000069000002852 4.17683491473 7.55479 -17.3839 -5.17458
9.19848 80000069000002853 80000069000002852 80000069000002866 80000069000002851 4.00794511147 1.94704 -12.5204 -3.79581
9.34016 80000069000003268 80000069000003267 80000069000003284 80000069000003266 2.5772902716 12.2897 7.19797 -7.39211
9.17512 80000069000003289 80000069000003288 80000069000003299 80000069000003287 2.73314261732 4.26298 6.72012 -6.78791
9.0066 80000069000003372 80000069000003371 80000069000003376 80000069000003370 2.20792547238 5.34179 4.48556 -5.65153
9.02239 80000069000003371 80000069000003369 80000069000003376 80000069000003368 2.00202813925 7.93476 3.61603 -6.17698
9.04945 80000069000003369 80000069000003368 80000069000003376 80000069000003367 1.90408954353 -3.17243 2.80162 -9.17884
9.06378 80000069000003368 80000069000003366 80000069000003376 80000069000003365 1.74357057433 -7.41917 0.637761 -8.71071
9.0666 80000069000003366 80000069000003365 80000069000003376 80000069000003364 1.66666955611 -9.31181 2.95636 -6.91903
9.06939 80000069000003365 80000069000003364 80000069000003376 80000069000003363 1.60423452207 -1.73147 4.8315 -6.05352
