logMh | fpID | subhaloID | main leaf ID | descID |  z
9.03763 50000000700077225 50000000700077224 50000000700077227 50000000700077223 10.3674435724 -1.57881 0.608755 -0.881797
9.09111 50000000700077224 50000000700077223 50000000700077227 50000000700077222 9.99659046619 -1.83735 2.44857 0.966584
9.26008 50000000700077223 50000000700077221 50000000700077227 50000000700077220 9.38877127194 2.15744 6.42184 0.461712
9.48586 50000000700077221 50000000700077220 50000000700077227 50000000700077219 9.00233985416 6.33232 12.5816 1.11085
9.53618 50000000700077220 50000000700077219 50000000700077227 50000000700077218 8.9079991856 6.2277 12.0208 -0.165241
9.65151 50000000700077219 50000000700077218 50000000700077227 50000000700077217 8.44947629437 4.46403 12.5433 2.89919
9.68312 50000000700077218 50000000700077217 50000000700077227 50000000700077216 8.01217294887 7.34001 12.1205 2.34575
9.75936 50000000700077217 50000000700077216 50000000700077227 50000000700077215 7.59510714987 4.91504 12.9287 2.24477
9.83435 50000000700077216 50000000700077215 50000000700077227 50000000700077214 7.23627606617 0.151582 6.04713 14.7438
9.87058 50000000700077215 50000000700077214 50000000700077227 50000000700077213 7.00541704554 -4.53956 -0.229052 18.1786
9.87583 50000000700077214 50000000700077213 50000000700077227 50000000700077212 6.85511726265 -2.2012 1.6091 18.7009
9.97904 50000000700077213 50000000700077212 50000000700077227 50000000700077211 6.49159774567 -6.19809 3.06458 6.52852
10.0632 50000000700077212 50000000700077211 50000000700077227 50000000700077210 6.14490120342 -16.7239 6.63807 8.699
10.1131 50000000700077211 50000000700077210 50000000700077227 50000000700077209 6.01075739884 -22.8916 -1.03145 21.5489
10.1891 50000000700077210 50000000700077209 50000000700077227 50000000700077208 5.84661374788 -40.7781 -0.0506206 39.641
10.2586 50000000700077209 50000000700077208 50000000700077227 50000000700077207 5.52976580795 -40.6137 6.20998 36.9403
10.2825 50000000700077208 50000000700077207 50000000700077227 50000000700077206 5.22758097313 -43.0769 0.710817 28.4566
10.3242 50000000700077207 50000000700077206 50000000700077227 50000000700077205 4.99593346816 -44.1338 -2.39897 37.7768
10.3492 50000000700077206 50000000700077205 50000000700077227 50000000700077204 4.93938066349 -39.3867 5.8925 37.4973
10.3626 50000000700077205 50000000700077204 50000000700077227 50000000700077203 4.66451770247 -37.0129 12.8223 33.8537
10.3869 50000000700077204 50000000700077203 50000000700077227 50000000700077202 4.42803373661 -36.6122 10.0434 32.4902
10.4032 50000000700077203 50000000700077202 50000000700077227 50000000700077201 4.17683491473 -27.3966 13.9037 31.5811
10.4156 50000000700077202 50000000700077201 50000000700077227 50000000700077200 4.00794511147 -27.1651 17.135 24.2653
10.4292 50000000700077201 50000000700077200 50000000700077227 50000000700077199 3.93726108473 -27.3803 14.5336 23.0834
10.4489 50000000700077200 50000000700077199 50000000700077227 50000000700077198 3.70877426464 -24.1068 -1.20759 16.256
10.491 50000000700077199 50000000700077198 50000000700077227 50000000700077197 3.49086136926 -24.2425 -5.75828 -19.8631
10.5171 50000000700077198 50000000700077197 50000000700077227 50000000700077196 3.28303305796 -17.7247 -10.4958 -26.9789
10.5583 50000000700077197 50000000700077196 50000000700077227 50000000700077195 3.08482263583 -25.3389 -1.08208 -16.7983
10.5919 50000000700077196 50000000700077195 50000000700077227 50000000700077194 3.00813107163 -27.4435 1.11876 -22.1989
10.6027 50000000700077195 50000000700077194 50000000700077227 50000000700077193 2.89578500573 -36.6124 10.04 -15.9405
10.7605 50000000700077194 50000000700077193 50000000700077227 50000000700077192 2.73314261732 -21.8014 100.787 14.7138
10.7827 50000000700077193 50000000700077192 50000000700077227 50000000700077191 2.5772902716 -24.6357 91.5366 -31.373
10.8654 50000000700077192 50000000700077191 50000000700077227 50000000700077190 2.44422570455 -53.4599 55.7541 -39.329
10.9313 50000000700077191 50000000700077190 50000000700077227 50000000700077189 2.31611074396 -94.6761 88.8797 -23.452
10.9562 50000000700077190 50000000700077189 50000000700077227 50000000700077188 2.20792547238 -103.426 101.039 -13.6507
10.9975 50000000700077189 50000000700077188 50000000700077227 50000000700077187 2.1032696526 -128.708 120.614 -26.2286
11.0046 50000000700077188 50000000700077171 50000000700077227 50000000700077170 1.03551044566 -68.0331 63.4908 -1.8132
11.0145 50000000700077171 50000000700077170 50000000700077227 50000000700077169 0.997294225782 -64.8921 68.171 6.1229
11.0159 50000000700077170 50000000700077169 50000000700077227 50000000700077168 0.987852810816 -69.0087 63.163 2.6668
11.0208 50000000700077169 50000000700077168 50000000700077227 50000000700077167 0.950531351585 -68.5471 69.1314 8.91728
11.0263 50000000700077168 50000000700077167 50000000700077227 50000000700077166 0.923000816178 -63.0289 68.2964 14.6363
11.0341 50000000700077167 50000000700077166 50000000700077227 50000000700077165 0.886896937575 -71.3776 64.1821 17.64
11.046 50000000700077166 50000000700077165 50000000700077227 50000000700077164 0.851470900625 -71.3124 68.6856 31.4086
11.0556 50000000700077165 50000000700077164 50000000700077227 50000000700077163 0.816709979012 -74.9963 73.8708 43.7077
11.0611 50000000700077164 50000000700077163 50000000700077227 50000000700077162 0.791068248946 -71.1499 85.0842 65.8258
11.0676 50000000700077163 50000000700077162 50000000700077227 50000000700077161 0.757441372616 -81.5862 68.8581 77.5821
11.0731 50000000700077162 50000000700077161 50000000700077227 50000000700077160 0.732636182022 -91.3638 70.9423 79.1897
11.0866 50000000700077161 50000000700077160 50000000700077227 50000000700077159 0.700106353719 -112.655 62.7783 87.0505
11.0868 50000000700077160 50000000700077159 50000000700077227 50000000700077158 0.676110411213 -134.621 60.5857 101.121
11.0955 50000000700077159 50000000700077158 50000000700077227 50000000700077157 0.644641840685 -122.183 41.7032 114.115
11.1064 50000000700077158 50000000700077157 50000000700077227 50000000700077156 0.621428745243 -123.95 12.3924 140.899
11.1111 50000000700077157 50000000700077156 50000000700077227 50000000700077155 0.598543288188 -126.842 2.53402 127.674
11.1134 50000000700077156 50000000700077155 50000000700077227 50000000700077154 0.575980845108 -140.775 -16.9204 138.375
11.1206 50000000700077155 50000000700077154 50000000700077227 50000000700077153 0.546392183141 -138.095 -23.0074 132.768
11.1237 50000000700077154 50000000700077153 50000000700077227 50000000700077152 0.524565820434 -141.479 -13.6128 146.513
11.1279 50000000700077153 50000000700077150 50000000700077227 50000000700077149 0.460917794181 -160.703 -76.0039 140.643
11.1295 50000000700077150 50000000700077149 50000000700077227 50000000700077148 0.440297849248 -165.773 -96.9486 111.023
11.1314 50000000700077149 50000000700077146 50000000700077227 50000000700077145 0.38016786726 -168.006 -103.099 144.456
11.1345 50000000700077146 50000000700077144 50000000700077227 50000000700077143 0.347853841858 -175.198 -143.913 159.313
11.1408 50000000700077144 50000000700077143 50000000700077227 50000000700077142 0.328829724206 -182.377 -191.84 164.892
11.1473 50000000700077143 50000000700077141 50000000700077227 50000000700077140 0.291583239722 -199.391 -230.827 164.238
11.1578 50000000700077141 50000000700077140 50000000700077227 50000000700077139 0.273353346578 -236.106 -352.521 187.359
11.1666 50000000700077140 50000000700077139 50000000700077227 50000000700077138 0.261343256161 -251.875 -386.049 201.13
11.1685 50000000700077139 50000000700077133 50000000700077227 50000000700077132 0.169252033244 -206.381 -470.209 181.907
11.1692 50000000700077133 50000000700077122 50000000700077227 50000000700077121 0.0239744283828 -176.195 -196.454 142.624
11.1716 50000000700077122 50000000700077121 50000000700077227 50000000700077120 0.00952166696794 -187.303 -205.864 140.813
11.1736 50000000700077121 50000000700077120 50000000700077227 -1 2.22044604925e-16 -175.166 -197.059 145.882
9.02855 50000000700077231 50000000700077230 50000000700077237 50000000700077229 9.84138043947 0.866964 0.944008 7.49431
9.09375 50000000700077264 50000000700077263 50000000700077270 50000000700077262 8.01217294887 -1.52953 -8.35113 1.64488
9.22066 50000000700077263 50000000700077262 50000000700077270 50000000700077261 7.59510714987 0.771701 -9.96433 2.23758
9.25648 50000000700077262 50000000700077261 50000000700077270 50000000700077260 7.23627606617 -4.42362 -4.61177 -0.230594
9.33566 50000000700077261 50000000700077260 50000000700077270 50000000700077259 7.00541704554 -10.8389 -10.6515 -2.03952
9.34609 50000000700077260 50000000700077259 50000000700077270 50000000700077258 6.85511726265 -7.8087 -6.34613 -2.63792
9.0316 50000000700077470 50000000700077469 50000000700077478 50000000700077468 5.22758097313 7.29982 0.393095 0.726692
9.1193 50000000700077469 50000000700077467 50000000700077478 50000000700077466 4.93938066349 9.26215 2.00699 3.40718
9.16407 50000000700077467 50000000700077463 50000000700077478 50000000700077462 4.00794511147 12.1998 -3.89656 -8.57162
9.23229 50000000700077463 50000000700077461 50000000700077478 50000000700077460 3.70877426464 7.41523 -1.83274 -8.91453
9.27766 50000000700077461 50000000700077460 50000000700077478 50000000700077459 3.49086136926 6.45412 -3.53197 -18.7142
9.0098 50000000700077534 50000000700077533 50000000700077540 50000000700077532 9.00233985416 0.685976 -0.55463 -3.10924
9.0316 50000000700077533 50000000700077531 50000000700077540 50000000700077530 8.44947629437 1.54438 -0.261194 -1.94176
9.10926 50000000700077531 50000000700077530 50000000700077540 50000000700077529 8.01217294887 0.216478 -2.43973 2.15024
9.18802 50000000700077530 50000000700077529 50000000700077540 50000000700077528 7.59510714987 -2.84199 -7.66185 6.92952
9.26896 50000000700077529 50000000700077528 50000000700077540 50000000700077527 7.23627606617 2.18904 -3.71619 2.78477
9.38277 50000000700077528 50000000700077527 50000000700077540 50000000700077526 7.00541704554 8.09416 10.3406 -0.374468
9.46285 50000000700077527 50000000700077525 50000000700077540 50000000700077524 6.49159774567 5.54889 7.4224 1.24261
9.53428 50000000700077525 50000000700077524 50000000700077540 50000000700077523 6.14490120342 2.27267 10.4794 13.5908
9.54928 50000000700077524 50000000700077522 50000000700077540 50000000700077521 5.84661374788 8.56938 17.5612 7.71613
9.59394 50000000700077522 50000000700077521 50000000700077540 50000000700077520 5.52976580795 7.35819 15.6364 7.81294
9.61899 50000000700077521 50000000700077520 50000000700077540 50000000700077519 5.22758097313 8.83313 11.7352 5.57136
9.62368 50000000700077520 50000000700077519 50000000700077540 50000000700077518 4.99593346816 10.4087 17.7124 4.25592
9.63744 50000000700077519 50000000700077518 50000000700077540 50000000700077517 4.93938066349 10.2572 14.4396 3.44846
9.66443 50000000700077518 50000000700077517 50000000700077540 50000000700077516 4.66451770247 9.26885 12.9026 7.3212
9.69974 50000000700077517 50000000700077515 50000000700077540 50000000700077514 4.17683491473 12.3265 21.0375 2.90483
9.7226 50000000700077515 50000000700077511 50000000700077540 50000000700077510 3.49086136926 7.64345 22.9015 7.46571
9.77444 50000000700077511 50000000700077506 50000000700077540 50000000700077505 2.73314261732 -7.41399 -2.93608 -9.00116
9.85032 50000000700077506 50000000700077505 50000000700077540 50000000700077504 2.5772902716 -22.747 -8.39787 -42.1211
9.16182 50000000700077568 50000000700077567 50000000700077576 50000000700077566 4.42803373661 -19.3384 18.6909 -8.77263
9.24175 50000000700077567 50000000700077566 50000000700077576 50000000700077565 4.17683491473 -14.5624 18.4099 -7.17973
9.25284 50000000700077566 50000000700077565 50000000700077576 50000000700077564 4.00794511147 -16.7924 15.9192 -9.38614
9.3044 50000000700077565 50000000700077562 50000000700077576 50000000700077561 3.49086136926 -9.36558 13.4448 -3.7218
9.31083 50000000700077562 50000000700077561 50000000700077576 50000000700077560 3.28303305796 -11.8117 9.54824 -2.14244
9.31243 50000000700077561 50000000700077559 50000000700077576 50000000700077558 3.00813107163 -16.0995 13.8686 -5.11363
9.04062 50000000700077617 50000000700077616 50000000700077625 50000000700077615 7.59510714987 -2.85137 -0.422307 5.11422
9.12178 50000000700077616 50000000700077615 50000000700077625 50000000700077614 7.23627606617 -1.57433 3.90969 0.012159
9.1573 50000000700077615 50000000700077614 50000000700077625 50000000700077613 7.00541704554 -1.5399 1.72487 2.30879
9.17293 50000000700077614 50000000700077613 50000000700077625 50000000700077612 6.85511726265 -2.19891 1.04894 1.60803
9.19223 50000000700077613 50000000700077611 50000000700077625 50000000700077610 6.14490120342 -1.81624 -1.27802 -2.64076
9.25101 50000000700077611 50000000700077610 50000000700077625 50000000700077609 6.01075739884 -5.58392 -4.2202 -3.94425
9.34165 50000000700077610 50000000700077608 50000000700077625 50000000700077607 5.52976580795 -1.92945 -3.44446 -6.47895
9.34902 50000000700077608 50000000700077607 50000000700077625 50000000700077606 5.22758097313 -2.24154 -4.37839 -12.8877
9.37869 50000000700077607 50000000700077604 50000000700077625 50000000700077603 4.66451770247 -4.08198 0.689313 -7.35674
9.39609 50000000700077604 50000000700077603 50000000700077625 50000000700077602 4.42803373661 -5.3229 -1.50654 -5.4985
9.42527 50000000700077603 50000000700077602 50000000700077625 50000000700077601 4.17683491473 -3.78975 4.4529 -9.97638
9.45605 50000000700077602 50000000700077601 50000000700077625 50000000700077600 4.00794511147 -2.10205 0.864207 -10.3573
9.45605 50000000700077601 50000000700077600 50000000700077625 50000000700077599 3.93726108473 -4.95657 0.144703 -8.77646
9.50158 50000000700077600 50000000700077599 50000000700077625 50000000700077598 3.70877426464 -4.69268 -4.37332 -6.09736
9.76947 50000000700077599 50000000700077597 50000000700077625 50000000700077596 3.28303305796 38.9798 1.74315 -6.85441
9.84194 50000000700077597 50000000700077595 50000000700077625 50000000700077594 3.00813107163 19.8 -8.16214 -6.85257
9.87146 50000000700077595 50000000700077594 50000000700077625 50000000700077593 2.89578500573 23.731 -1.29252 1.65794
9.01298 50000000700077631 50000000700077630 50000000700077644 50000000700077629 4.00794511147 -1.97403 -3.033 -2.68655
9.76275 50000000700077630 50000000700077626 50000000700077644 50000000700077595 3.08482263583 49.9279 -12.1352 7.17723
9.00337 50000000700077682 50000000700077681 50000000700077690 50000000700077680 5.52976580795 -0.998423 4.22031 6.18022
9.05811 50000000700077681 50000000700077680 50000000700077690 50000000700077679 5.22758097313 -1.05009 5.66828 12.3762
9.10671 50000000700077680 50000000700077679 50000000700077690 50000000700077678 4.99593346816 -1.21216 -0.969417 5.71931
9.14344 50000000700077679 50000000700077678 50000000700077690 50000000700077677 4.93938066349 -2.68724 -2.60392 8.95969
9.26365 50000000700077678 50000000700077677 50000000700077690 50000000700077676 4.66451770247 3.68919 -10.2773 20.2073
9.42033 50000000700077677 50000000700077676 50000000700077690 50000000700077675 4.42803373661 9.95861 -7.65845 9.71203
9.43136 50000000700077676 50000000700077674 50000000700077690 50000000700077673 4.00794511147 10.0234 -6.21822 7.12175
9.44447 50000000700077674 50000000700077673 50000000700077690 50000000700077672 3.93726108473 8.5776 -7.65344 9.562
9.48692 50000000700077673 50000000700077672 50000000700077690 50000000700077671 3.70877426464 7.45888 -3.72468 11.0532
9.07216 50000000700077780 50000000700077779 50000000700077788 50000000700077778 5.22758097313 6.25085 1.34859 -1.15784
9.12424 50000000700077779 50000000700077776 50000000700077788 50000000700077775 4.66451770247 6.5764 1.24052 1.67283
9.17512 50000000700077776 50000000700077775 50000000700077788 50000000700077774 4.42803373661 3.05051 1.52371 0.661726
9.26896 50000000700077775 50000000700077774 50000000700077788 50000000700077773 4.17683491473 1.9544 0.452356 -4.64597
9.31243 50000000700077774 50000000700077773 50000000700077788 50000000700077772 4.00794511147 -2.41189 4.84 -6.04971
9.53713 50000000700077773 50000000700077771 50000000700077788 50000000700077770 3.70877426464 -9.52151 14.4768 -15.7193
9.65224 50000000700077771 50000000700077770 50000000700077788 50000000700077769 3.49086136926 -12.0776 14.7012 -22.0163
9.77663 50000000700077770 50000000700077768 50000000700077788 50000000700077767 3.08482263583 -22.8733 16.0852 -25.9905
9.79166 50000000700077768 50000000700077767 50000000700077788 50000000700077766 3.00813107163 -22.7273 11.9751 -7.26221
9.85853 50000000700077767 50000000700077766 50000000700077788 50000000700077765 2.89578500573 -31.7792 25.0465 -30.9443
9.00012 50000000700077806 50000000700077805 50000000700077813 50000000700077804 4.66451770247 -0.892884 1.47171 -10.9174
9.09111 50000000700077805 50000000700077804 50000000700077813 50000000700077803 4.42803373661 -1.48078 2.04635 -7.19426
9.14344 50000000700077804 50000000700077803 50000000700077813 50000000700077802 4.17683491473 -1.25898 1.81779 -6.15755
9.14578 50000000700077803 50000000700077801 50000000700077813 50000000700077800 3.93726108473 -1.28628 0.127143 -5.04601
