logMh | fpID | subhaloID | main leaf ID | descID |  z
9.03463 20000000022347603 20000000022347602 20000000022347605 20000000022347601 9.84138043947 -3.82883 4.25469 0.780768
9.06378 20000000022347602 20000000022347601 20000000022347605 20000000022347600 9.38877127194 -4.24331 3.38127 1.11719
9.10671 20000000022347601 20000000022347600 20000000022347605 20000000022347599 9.00233985416 -0.231495 2.16189 1.67937
9.16407 20000000022347600 20000000022347599 20000000022347605 20000000022347598 8.9079991856 -2.38382 2.96836 0.584099
9.2828 20000000022347599 20000000022347598 20000000022347605 20000000022347597 8.44947629437 -1.53778 3.80622 2.84015
9.36481 20000000022347598 20000000022347597 20000000022347605 20000000022347596 8.01217294887 1.4569 3.61119 -0.686323
9.38277 20000000022347597 20000000022347596 20000000022347605 20000000022347595 7.59510714987 2.41375 4.25862 -5.32808
9.43136 20000000022347596 20000000022347595 20000000022347605 20000000022347594 7.23627606617 2.4991 -0.718733 -0.311523
9.46733 20000000022347595 20000000022347594 20000000022347605 20000000022347593 7.00541704554 1.43062 -0.550557 -0.242263
9.56021 20000000022347594 20000000022347593 20000000022347605 20000000022347592 6.85511726265 -7.11279 7.68768 7.62815
9.58213 20000000022347593 20000000022347591 20000000022347605 20000000022347590 6.14490120342 -5.68525 -2.62328 1.8385
9.58553 20000000022347591 20000000022347589 20000000022347605 20000000022347588 5.84661374788 4.7278 -3.66472 6.29335
9.76501 20000000022347589 20000000022347588 20000000022347605 20000000022347587 5.52976580795 -14.0717 19.2799 10.9133
10.043 20000000022347588 20000000022347587 20000000022347605 20000000022347586 5.22758097313 -32.5175 48.1331 -30.1157
10.2135 20000000022347587 20000000022347584 20000000022347605 20000000022347583 4.66451770247 -7.75098 -33.9026 53.6084
10.2801 20000000022347584 20000000022347583 20000000022347605 20000000022347582 4.42803373661 2.69333 -19.3833 22.5098
10.3119 20000000022347583 20000000022347582 20000000022347605 20000000022347581 4.17683491473 -20.5332 -4.15345 41.0821
10.3589 20000000022347582 20000000022347581 20000000022347605 20000000022347580 4.00794511147 -6.57948 -16.956 59.7724
10.4212 20000000022347581 20000000022347579 20000000022347605 20000000022347578 3.70877426464 -12.8664 -21.862 90.7221
10.5248 20000000022347579 20000000022347578 20000000022347605 20000000022347577 3.49086136926 -43.0763 -32.0419 136.451
10.6963 20000000022347578 20000000022347577 20000000022347605 20000000022347576 3.28303305796 -61.4709 -61.405 147.401
10.7847 20000000022347577 20000000022347576 20000000022347605 20000000022347575 3.08482263583 -71.5729 -69.7963 131.667
10.7862 20000000022347576 20000000022347575 20000000022347605 20000000022347574 3.00813107163 -80.6443 -67.4032 134.29
10.8102 20000000022347575 20000000022347574 20000000022347605 20000000022347573 2.89578500573 -73.034 -57.7388 122.68
10.878 20000000022347574 20000000022347573 20000000022347605 20000000022347572 2.73314261732 -132.883 -4.87494 49.2908
10.9379 20000000022347573 20000000022347572 20000000022347605 20000000022347571 2.5772902716 -213.747 62.9601 6.30201
10.9536 20000000022347572 20000000022347571 20000000022347605 20000000022347570 2.44422570455 -190.93 81.4971 -3.30513
10.9775 20000000022347571 20000000022347569 20000000022347605 20000000022347568 2.20792547238 -182.635 81.2448 -48.3859
10.9923 20000000022347569 20000000022347568 20000000022347605 20000000022347567 2.1032696526 -203.389 84.558 -56.0524
11.0 20000000022347568 20000000022347567 20000000022347605 20000000022347566 2.00202813925 -224.468 91.1857 -74.7225
11.0029 20000000022347567 20000000022347564 20000000022347605 20000000022347563 1.74357057433 -206.155 73.5567 -64.5498
11.0103 20000000022347564 20000000022347563 20000000022347605 20000000022347562 1.66666955611 -207.136 92.1953 -43.7252
11.0166 20000000022347563 20000000022347562 20000000022347605 20000000022347561 1.60423452207 -205.205 79.1397 -37.112
11.0181 20000000022347562 20000000022347560 20000000022347605 20000000022347559 1.47197484527 -166.135 58.9456 -19.2458
11.0206 20000000022347560 20000000022347559 20000000022347605 20000000022347558 1.41409822037 -154.511 61.1821 -12.9505
11.0271 20000000022347559 20000000022347558 20000000022347605 20000000022347557 1.3575766674 -140.986 57.4765 -27.6001
11.0304 20000000022347558 20000000022347556 20000000022347605 20000000022347555 1.24847261425 -131.6 46.2862 -30.705
11.0422 20000000022347556 20000000022347555 20000000022347605 20000000022347554 1.20625808078 -120.179 63.9168 -55.4772
11.0673 20000000022347555 20000000022347554 20000000022347605 20000000022347553 1.15460271236 -112.51 94.0318 -75.4773
11.075 20000000022347554 20000000022347551 20000000022347605 20000000022347550 1.03551044566 -122.338 108.781 -73.4054
11.09 20000000022347551 20000000022347550 20000000022347605 20000000022347549 0.997294225782 -151.762 138.183 -73.2345
11.0994 20000000022347550 20000000022347548 20000000022347605 20000000022347547 0.950531351585 -152.307 143.512 -79.6601
11.1088 20000000022347548 20000000022347547 20000000022347605 20000000022347546 0.923000816178 -114.295 135.157 -106.646
11.1116 20000000022347547 20000000022347546 20000000022347605 20000000022347545 0.886896937575 -144.182 145.084 -88.0645
11.1281 20000000022347546 20000000022347545 20000000022347605 20000000022347544 0.851470900625 -152.147 162.104 -85.3686
11.136 20000000022347545 20000000022347544 20000000022347605 20000000022347543 0.816709979012 -146.256 177.497 -83.633
11.1511 20000000022347544 20000000022347543 20000000022347605 20000000022347542 0.791068248946 -130.641 185.285 -106.408
11.1576 20000000022347543 20000000022347542 20000000022347605 20000000022347541 0.757441372616 -154.292 188.296 -69.625
11.165 20000000022347542 20000000022347541 20000000022347605 20000000022347540 0.732636182022 -172.489 200.615 -64.5477
11.1718 20000000022347541 20000000022347540 20000000022347605 20000000022347539 0.700106353719 -176.205 202.256 -65.4687
11.1805 20000000022347540 20000000022347539 20000000022347605 20000000022347538 0.676110411213 -173.751 202.732 -77.716
11.1866 20000000022347539 20000000022347538 20000000022347605 20000000022347537 0.644641840685 -185.046 199.716 -81.6604
11.1909 20000000022347538 20000000022347537 20000000022347605 20000000022347536 0.621428745243 -189.25 198.99 -89.5512
11.1918 20000000022347537 20000000022347536 20000000022347605 20000000022347535 0.598543288188 -190.394 197.0 -84.4927
11.1979 20000000022347536 20000000022347535 20000000022347605 20000000022347534 0.575980845108 -194.221 195.571 -80.9816
11.201 20000000022347535 20000000022347534 20000000022347605 20000000022347533 0.546392183141 -196.516 204.848 -77.233
11.2045 20000000022347534 20000000022347533 20000000022347605 20000000022347532 0.524565820434 -193.055 197.406 -76.6123
11.2078 20000000022347533 20000000022347532 20000000022347605 20000000022347531 0.503047523245 -190.284 193.248 -85.4869
11.2142 20000000022347532 20000000022347528 20000000022347605 20000000022347527 0.419968941997 -203.618 198.109 -74.5834
11.2176 20000000022347528 20000000022347526 20000000022347605 20000000022347525 0.38016786726 -180.544 192.805 -85.4451
11.2195 20000000022347526 20000000022347524 20000000022347605 20000000022347523 0.347853841858 -180.816 196.604 -86.0079
11.2223 20000000022347524 20000000022347523 20000000022347605 20000000022347522 0.328829724206 -170.301 198.524 -88.0846
11.2272 20000000022347523 20000000022347522 20000000022347605 20000000022347521 0.310074120128 -158.049 200.592 -101.483
11.2299 20000000022347522 20000000022347521 20000000022347605 20000000022347520 0.291583239722 -175.98 217.104 -92.0207
11.2316 20000000022347521 20000000022347520 20000000022347605 20000000022347519 0.273353346578 -156.482 214.333 -114.585
11.2359 20000000022347520 20000000022347519 20000000022347605 20000000022347518 0.261343256161 -152.11 211.046 -111.722
11.2415 20000000022347519 20000000022347518 20000000022347605 20000000022347517 0.243540181555 -165.741 230.612 -121.254
11.2417 20000000022347518 20000000022347516 20000000022347605 20000000022347515 0.214425035514 -168.052 225.885 -121.99
11.2429 20000000022347516 20000000022347515 20000000022347605 20000000022347514 0.197284182376 -177.537 228.244 -120.125
11.2469 20000000022347515 20000000022347514 20000000022347605 20000000022347513 0.180385261706 -174.072 236.828 -133.547
11.251 20000000022347514 20000000022347513 20000000022347605 20000000022347512 0.169252033244 -180.306 238.319 -133.036
11.2513 20000000022347513 20000000022347512 20000000022347605 20000000022347511 0.152748768902 -183.914 238.232 -130.591
11.2598 20000000022347512 20000000022347510 20000000022347605 20000000022347509 0.125759332411 -188.128 242.221 -139.383
11.2603 20000000022347510 20000000022347509 20000000022347605 20000000022347508 0.109869940459 -185.363 245.174 -142.77
11.2626 20000000022347509 20000000022347508 20000000022347605 20000000022347507 0.0994018026302 -175.338 235.066 -143.88
11.2655 20000000022347508 20000000022347507 20000000022347605 20000000022347506 0.0838844307975 -184.398 246.18 -146.292
11.2673 20000000022347507 20000000022347506 20000000022347605 20000000022347505 0.0736613846564 -183.58 242.754 -143.358
11.2741 20000000022347506 20000000022347505 20000000022347605 20000000022347504 0.0585073227945 -177.738 251.544 -149.931
11.2783 20000000022347505 20000000022347503 20000000022347605 20000000022347502 0.0337243718735 -178.687 247.47 -156.602
11.2796 20000000022347503 20000000022347502 20000000022347605 20000000022347501 0.0239744283828 -170.001 251.849 -160.259
11.2802 20000000022347502 20000000022347501 20000000022347605 20000000022347500 0.00952166696794 -171.966 264.247 -151.407
11.283 20000000022347501 20000000022347500 20000000022347605 -1 2.22044604925e-16 -174.473 266.807 -148.667
9.05235 20000000022347626 20000000022347625 20000000022347630 20000000022347624 9.00233985416 2.35403 0.623119 -0.918181
9.06939 20000000022347625 20000000022347624 20000000022347630 20000000022347623 8.9079991856 1.33487 -1.33859 -2.57337
9.05811 20000000022347685 20000000022347684 20000000022347688 20000000022347683 8.01217294887 -6.19162 3.91678 4.45018
9.12424 20000000022347684 20000000022347683 20000000022347688 20000000022347682 7.59510714987 -8.07315 1.61036 0.204511
9.22066 20000000022347683 20000000022347682 20000000022347688 20000000022347681 7.23627606617 -3.80904 1.21668 2.36603
9.2672 20000000022347682 20000000022347681 20000000022347688 20000000022347680 7.00541704554 0.79409 -0.0343566 2.17784
9.30602 20000000022347681 20000000022347680 20000000022347688 20000000022347679 6.85511726265 1.07114 0.045928 3.52337
9.33263 20000000022347680 20000000022347679 20000000022347688 20000000022347678 6.49159774567 0.839863 0.287228 2.31825
9.47724 20000000022347679 20000000022347678 20000000022347688 20000000022347677 6.14490120342 8.4074 -11.44 5.93729
9.49848 20000000022347678 20000000022347677 20000000022347688 20000000022347676 6.01075739884 7.87951 -12.9585 2.44842
9.50363 20000000022347677 20000000022347676 20000000022347688 20000000022347675 5.84661374788 6.74422 -12.3804 3.21248
9.04653 20000000022347762 20000000022347761 20000000022347773 20000000022347760 6.85511726265 0.906012 4.41989 -0.922623
9.0666 20000000022347761 20000000022347760 20000000022347773 20000000022347759 6.49159774567 1.59738 3.13765 -2.38363
9.1663 20000000022347760 20000000022347759 20000000022347773 20000000022347758 6.14490120342 1.99761 -3.09014 0.181931
9.19848 20000000022347759 20000000022347758 20000000022347773 20000000022347757 6.01075739884 -0.518938 -0.920539 2.72332
9.26543 20000000022347758 20000000022347756 20000000022347773 20000000022347755 5.52976580795 0.452727 13.0374 -2.04989
9.28788 20000000022347756 20000000022347752 20000000022347773 20000000022347751 4.66451770247 -8.12894 0.433998 -7.67564
9.02855 20000000022347794 20000000022347793 20000000022347798 20000000022347792 6.01075739884 -5.16358 4.63311 5.82619
9.14108 20000000022347793 20000000022347792 20000000022347798 20000000022347791 5.84661374788 7.8409 -5.67183 2.45311
9.34461 20000000022347792 20000000022347790 20000000022347798 20000000022347789 5.22758097313 -11.2793 -0.659255 8.77398
9.35048 20000000022347790 20000000022347789 20000000022347798 20000000022347788 4.99593346816 -10.3171 -1.93951 8.94988
9.35483 20000000022347789 20000000022347788 20000000022347798 20000000022347787 4.93938066349 -10.6763 -2.4609 8.27666
9.38681 20000000022347788 20000000022347787 20000000022347798 20000000022347786 4.66451770247 -9.18493 -3.00613 11.2033
9.41909 20000000022347787 20000000022347786 20000000022347798 20000000022347785 4.42803373661 -13.4629 1.43321 10.6113
9.46844 20000000022347786 20000000022347785 20000000022347798 20000000022347784 4.17683491473 -13.3998 -11.2603 -2.77209
9.08845 20000000022347824 20000000022347823 20000000022347828 20000000022347822 7.59510714987 -4.50086 6.45962 -8.07057
9.17946 20000000022347823 20000000022347822 20000000022347828 20000000022347821 7.23627606617 -3.21893 5.67407 -9.78693
9.19013 20000000022347822 20000000022347820 20000000022347828 20000000022347819 6.85511726265 -2.31475 5.36224 -7.28746
9.21472 20000000022347820 20000000022347819 20000000022347828 20000000022347818 6.49159774567 -4.02599 4.54072 -11.2914
9.23988 20000000022347819 20000000022347818 20000000022347828 20000000022347817 6.14490120342 -3.89715 8.39 -10.3804
9.25101 20000000022347818 20000000022347816 20000000022347828 20000000022347815 5.84661374788 -1.968 4.23447 -6.52096
9.26187 20000000022347816 20000000022347815 20000000022347828 20000000022347814 5.52976580795 -4.19707 2.8568 -8.28243
9.05235 20000000022347942 20000000022347941 20000000022347950 20000000022347940 8.44947629437 6.5119 -4.62788 -4.95178
9.12178 20000000022347941 20000000022347940 20000000022347950 20000000022347939 8.01217294887 3.22703 -0.492859 -4.88038
9.20055 20000000022347940 20000000022347939 20000000022347950 20000000022347938 7.59510714987 5.51079 -1.59316 -2.54528
9.21869 20000000022347939 20000000022347938 20000000022347950 20000000022347937 7.23627606617 4.70163 -1.10711 -2.36055
9.25466 20000000022347938 20000000022347937 20000000022347950 20000000022347936 7.00541704554 6.01978 -0.133805 -5.92483
9.27938 20000000022347937 20000000022347936 20000000022347950 20000000022347935 6.85511726265 9.50776 1.52028 -6.61094
9.32805 20000000022347936 20000000022347935 20000000022347950 20000000022347934 6.49159774567 7.90068 2.27349 -7.35406
9.39214 20000000022347935 20000000022347934 20000000022347950 20000000022347933 6.14490120342 2.55042 3.43157 -7.82361
9.4503 20000000022347934 20000000022347932 20000000022347950 20000000022347931 5.84661374788 7.52655 4.54704 -7.61664
9.47941 20000000022347932 20000000022347930 20000000022347950 20000000022347929 5.22758097313 5.59043 2.08517 -5.01407
9.51675 20000000022347930 20000000022347929 20000000022347950 20000000022347928 4.99593346816 4.00405 2.61228 -7.1839
9.63138 20000000022347929 20000000022347927 20000000022347950 20000000022347926 4.66451770247 2.40745 -8.28936 -27.4809
9.63744 20000000022347927 20000000022347926 20000000022347950 20000000022347925 4.42803373661 -1.45219 -5.06729 -19.6473
9.7354 20000000022347926 20000000022347925 20000000022347950 20000000022347924 4.17683491473 -6.29268 -11.0751 -25.0516
9.74958 20000000022347925 20000000022347924 20000000022347950 20000000022347923 4.00794511147 6.27867 -19.5675 -25.7033
9.77827 20000000022347924 20000000022347923 20000000022347950 20000000022347922 3.93726108473 3.64608 -28.2684 -28.1113
9.09375 20000000022347962 20000000022347961 20000000022347966 20000000022347960 6.14490120342 -10.894 -14.6366 2.50902
9.09375 20000000022347961 20000000022347960 20000000022347966 20000000022347959 6.01075739884 -10.5248 -14.2313 3.07704
9.12424 20000000022347960 20000000022347959 20000000022347966 20000000022347958 5.84661374788 -10.9151 -14.6209 2.86247
9.13634 20000000022347959 20000000022347956 20000000022347966 20000000022347955 4.99593346816 -13.4589 -11.5017 -0.528015
9.01614 20000000022348006 20000000022348005 20000000022348011 20000000022348004 7.00541704554 -3.10786 -5.69857 -1.58186
9.27072 20000000022348005 20000000022348004 20000000022348011 20000000022348003 6.85511726265 -6.8366 -7.95613 -7.57902
9.27938 20000000022348004 20000000022348003 20000000022348011 20000000022348002 6.49159774567 -5.31998 -10.8896 2.78475
9.39346 20000000022348003 20000000022348002 20000000022348011 20000000022348001 6.14490120342 -0.443089 -6.96361 -11.1198
9.43377 20000000022348002 20000000022348001 20000000022348011 20000000022348000 6.01075739884 2.9656 -7.81873 -8.77582
9.48692 20000000022348001 20000000022348000 20000000022348011 20000000022347999 5.84661374788 10.8726 -11.2606 -1.63342
9.63969 20000000022348000 20000000022347999 20000000022348011 20000000022347998 5.52976580795 11.6744 3.11769 0.353944
9.86348 20000000022347999 20000000022347998 20000000022348011 20000000022347997 4.99593346816 4.49454 22.8439 -17.928
9.90402 20000000022347998 20000000022347997 20000000022348011 20000000022347996 4.93938066349 -7.98769 25.5321 -26.6953
9.96012 20000000022347997 20000000022347996 20000000022348011 20000000022347995 4.66451770247 12.5975 33.1839 -36.6066
10.0379 20000000022347996 20000000022347995 20000000022348011 20000000022347994 4.42803373661 2.71753 38.0527 -28.5558
10.0532 20000000022347995 20000000022347994 20000000022348011 20000000022347993 4.17683491473 -22.244 50.9719 -21.3552
10.0839 20000000022347994 20000000022347993 20000000022348011 20000000022347992 4.00794511147 -11.8551 53.6236 -21.5383
9.09898 20000000022348032 20000000022348031 20000000022348040 20000000022348030 7.23627606617 2.62719 7.09037 1.24996
9.10157 20000000022348031 20000000022348030 20000000022348040 20000000022348029 7.00541704554 -0.52238 6.50368 0.98188
9.12178 20000000022348030 20000000022348029 20000000022348040 20000000022348028 6.85511726265 2.27211 9.04003 3.47593
9.24918 20000000022348029 20000000022348026 20000000022348040 20000000022348025 6.01075739884 -8.2393 -10.2508 10.0767
9.80261 20000000022348046 20000000022348045 20000000022348046 20000000022348044 5.22758097313 16.255 19.3075 -12.841
9.00012 20000000022348195 20000000022348194 20000000022348200 20000000022348193 8.44947629437 -0.659284 1.64834 -1.3184
9.10926 20000000022348194 20000000022348193 20000000022348200 20000000022348192 8.01217294887 -0.178335 2.20693 -2.14775
9.20668 20000000022348193 20000000022348192 20000000022348200 20000000022348191 7.59510714987 -0.54229 4.45422 3.49841
9.33415 20000000022348192 20000000022348191 20000000022348200 20000000022348190 7.23627606617 -9.44064 1.67523 5.54057
9.35483 20000000022348191 20000000022348190 20000000022348200 20000000022348189 7.00541704554 -9.62309 1.55278 5.03393
9.4026 20000000022348190 20000000022348189 20000000022348200 20000000022348188 6.85511726265 -6.56135 9.52097 2.47251
9.43737 20000000022348189 20000000022348188 20000000022348200 20000000022348187 6.49159774567 -7.35028 7.28664 0.495312
9.50055 20000000022348188 20000000022348187 20000000022348200 20000000022348186 6.14490120342 -9.05016 6.80252 -1.1464
9.53428 20000000022348187 20000000022348186 20000000022348200 20000000022348185 6.01075739884 -7.19377 7.41096 -1.128
9.55569 20000000022348186 20000000022348185 20000000022348200 20000000022348184 5.84661374788 -5.7799 4.88392 2.0721
9.63138 20000000022348185 20000000022348184 20000000022348200 20000000022348183 5.52976580795 -9.72849 -1.09241 0.799083
9.6804 20000000022348184 20000000022348183 20000000022348200 20000000022348182 5.22758097313 8.79974 -4.21737 3.14232
9.70941 20000000022348183 20000000022348182 20000000022348200 20000000022348181 4.99593346816 5.1541 -5.65575 2.0031
9.7226 20000000022348182 20000000022348181 20000000022348200 20000000022348180 4.93938066349 7.27315 -4.90417 2.07885
9.76163 20000000022348181 20000000022348180 20000000022348200 20000000022348179 4.66451770247 -3.79844 -28.1774 11.7753
9.85718 20000000022348180 20000000022348178 20000000022348200 20000000022348177 4.17683491473 0.599369 -24.7415 5.8366
9.89288 20000000022348178 20000000022348177 20000000022348200 20000000022348176 4.00794511147 3.33811 -26.6531 5.10797
9.92664 20000000022348177 20000000022348176 20000000022348200 20000000022348175 3.93726108473 14.9048 -28.789 5.22448
9.95653 20000000022348176 20000000022348175 20000000022348200 20000000022348174 3.70877426464 8.97659 -33.1561 -0.467578
9.97767 20000000022348175 20000000022348174 20000000022348200 20000000022348173 3.49086136926 -8.1033 -20.9812 -17.8681
10.043 20000000022348174 20000000022348173 20000000022348200 20000000022348172 3.28303305796 0.737613 -22.2137 -0.480835
10.0796 20000000022348173 20000000022348172 20000000022348200 20000000022348171 3.08482263583 8.77617 -11.5939 27.366
10.0948 20000000022348172 20000000022348171 20000000022348200 20000000022348170 3.00813107163 9.52103 -9.33288 22.3229
10.1373 20000000022348171 20000000022348170 20000000022348200 20000000022348169 2.89578500573 20.6069 2.72426 46.2971
9.02855 20000000022348309 20000000022348308 20000000022348316 20000000022348307 6.85511726265 3.16628 0.234021 5.23528
9.10671 20000000022348308 20000000022348307 20000000022348316 20000000022348306 6.49159774567 2.03256 -2.53841 5.94054
9.1193 20000000022348307 20000000022348306 20000000022348316 20000000022348305 6.14490120342 1.82881 -0.203044 5.68183
9.14578 20000000022348306 20000000022348305 20000000022348316 20000000022348304 6.01075739884 -1.08934 -2.36516 2.42606
9.16182 20000000022348305 20000000022348304 20000000022348316 20000000022348303 5.84661374788 -0.236142 -2.02461 0.856826
9.41784 20000000022348304 20000000022348303 20000000022348316 20000000022348302 5.52976580795 -17.468 -7.16213 4.07176
9.43617 20000000022348303 20000000022348302 20000000022348316 20000000022348301 5.22758097313 -13.8838 -3.89965 3.20008
9.43737 20000000022348302 20000000022348301 20000000022348316 20000000022348300 4.99593346816 -11.4366 -1.2036 -1.96749
9.44914 20000000022348301 20000000022348300 20000000022348316 20000000022348299 4.93938066349 -7.64626 -1.82906 0.55311
9.46621 20000000022348300 20000000022348299 20000000022348316 20000000022348298 4.66451770247 -4.91294 3.71278 -2.95254
9.49116 20000000022348299 20000000022348298 20000000022348316 20000000022348297 4.42803373661 -2.57785 0.332705 -2.58197
9.54372 20000000022348298 20000000022348297 20000000022348316 20000000022348296 4.17683491473 -2.52074 8.2761 -6.93378
9.60543 20000000022348297 20000000022348296 20000000022348316 20000000022348295 4.00794511147 0.088073 2.71445 -9.45803
9.6182 20000000022348296 20000000022348295 20000000022348316 20000000022348294 3.93726108473 -3.85609 2.40939 -12.8731
9.63819 20000000022348295 20000000022348293 20000000022348316 20000000022348292 3.49086136926 5.69813 10.9985 -12.437
9.66866 20000000022348293 20000000022348292 20000000022348316 20000000022348291 3.28303305796 5.06827 11.1444 -8.92376
9.04653 20000000022348423 20000000022348422 20000000022348428 20000000022348421 6.14490120342 7.20645 -11.9507 -12.3776
9.24175 20000000022348422 20000000022348418 20000000022348428 20000000022348417 5.22758097313 4.13205 2.07554 -0.575906
9.25284 20000000022348418 20000000022348417 20000000022348428 20000000022348416 4.99593346816 2.54574 3.01952 -0.351688
9.25284 20000000022348417 20000000022348415 20000000022348428 20000000022348414 4.66451770247 2.13277 4.53257 2.38295
9.27594 20000000022348415 20000000022348414 20000000022348428 20000000022348413 4.42803373661 3.49444 3.24853 0.451988
9.30115 20000000022348414 20000000022348413 20000000022348428 20000000022348412 4.17683491473 3.16466 3.24481 3.54661
9.3634 20000000022348413 20000000022348412 20000000022348428 20000000022348411 4.00794511147 0.392273 3.17122 -1.04538
9.38005 20000000022348412 20000000022348411 20000000022348428 20000000022348410 3.93726108473 -2.08549 2.25747 -0.180003
9.02239 20000000022348725 20000000022348724 20000000022348743 20000000022348723 2.00202813925 1.08405 0.459573 0.890828
9.03763 20000000022348724 20000000022348722 20000000022348743 20000000022348721 1.82268925262 -1.88483 2.46673 -2.28213
9.01614 20000000022348800 20000000022348799 20000000022348808 20000000022348798 3.00813107163 -0.662121 -10.4336 7.2693
9.03463 20000000022348799 20000000022348798 20000000022348808 20000000022348797 2.89578500573 -1.52161 -8.6526 8.58878
9.04358 20000000022348798 20000000022348787 20000000022348808 20000000022348786 1.66666955611 -5.08262 -8.46053 2.42736
9.09637 20000000022348787 20000000022348785 20000000022348808 20000000022348784 1.53123902916 5.06816 -11.6731 5.74587
