logMh | fpID | subhaloID | main leaf ID | descID |  z
9.27246 50000001500062762 50000001500062761 50000001500062764 50000001500062760 12.6747021048 -6.06009 -4.66392 -4.64154
9.47396 50000001500062761 50000001500062760 50000001500062764 50000001500062759 12.0418635439 -1.87711 -12.0005 -7.91945
9.61266 50000001500062760 50000001500062759 50000001500062764 50000001500062758 11.4973879548 -0.00600839 -6.68402 -5.98432
9.77444 50000001500062759 50000001500062758 50000001500062764 50000001500062757 10.9190331982 2.81395 -8.86424 -13.551
9.96227 50000001500062758 50000001500062757 50000001500062764 50000001500062756 10.3674435724 -0.43928 7.15185 -1.55023
10.0406 50000001500062757 50000001500062756 50000001500062764 50000001500062755 9.99659046619 5.96818 -4.66915 -20.8679
10.0768 50000001500062756 50000001500062755 50000001500062764 50000001500062754 9.84138043947 10.0439 -0.156232 -20.3689
10.1593 50000001500062755 50000001500062754 50000001500062764 50000001500062753 9.38877127194 5.05202 8.18698 -29.5461
10.1882 50000001500062754 50000001500062753 50000001500062764 50000001500062752 9.00233985416 -0.327485 6.56828 -33.9146
10.2199 50000001500062753 50000001500062752 50000001500062764 50000001500062751 8.9079991856 2.96015 9.30896 -30.8153
10.3094 50000001500062752 50000001500062751 50000001500062764 50000001500062750 8.44947629437 1.02972 7.47168 -9.11438
10.3722 50000001500062751 50000001500062750 50000001500062764 50000001500062749 8.01217294887 5.45307 4.01788 -9.36674
10.483 50000001500062750 50000001500062749 50000001500062764 50000001500062748 7.59510714987 8.40945 15.1754 -44.9635
10.5688 50000001500062749 50000001500062748 50000001500062764 50000001500062747 7.23627606617 24.487 -17.3499 -35.6063
10.6517 50000001500062748 50000001500062747 50000001500062764 50000001500062746 7.00541704554 17.8209 19.5197 0.899038
10.6742 50000001500062747 50000001500062746 50000001500062764 50000001500062745 6.85511726265 18.8722 17.1741 5.02192
10.7463 50000001500062746 50000001500062745 50000001500062764 50000001500062744 6.49159774567 11.2404 43.5857 -3.23897
10.7875 50000001500062745 50000001500062744 50000001500062764 50000001500062743 6.14490120342 16.8607 33.2255 -3.2092
10.8145 50000001500062744 50000001500062743 50000001500062764 50000001500062742 6.01075739884 14.7735 28.2526 -4.34765
10.8496 50000001500062743 50000001500062742 50000001500062764 50000001500062741 5.84661374788 -2.03536 21.064 11.4363
10.9191 50000001500062742 50000001500062741 50000001500062764 50000001500062740 5.52976580795 9.70531 -0.287101 19.7815
10.9637 50000001500062741 50000001500062740 50000001500062764 50000001500062739 5.22758097313 29.8727 -12.207 28.4959
10.9856 50000001500062740 50000001500062739 50000001500062764 50000001500062738 4.99593346816 60.307 -3.30362 32.2347
10.989 50000001500062739 50000001500062738 50000001500062764 50000001500062737 4.93938066349 54.8825 -10.413 33.1749
11.0431 50000001500062738 50000001500062737 50000001500062764 50000001500062736 4.66451770247 54.7386 3.53079 3.93354
11.1062 50000001500062737 50000001500062736 50000001500062764 50000001500062735 4.42803373661 86.7292 13.8929 22.8428
11.1469 50000001500062736 50000001500062735 50000001500062764 50000001500062734 4.17683491473 123.625 33.6696 23.8154
11.1768 50000001500062735 50000001500062734 50000001500062764 50000001500062733 4.00794511147 133.902 21.6389 23.0844
11.2166 50000001500062734 50000001500062732 50000001500062764 50000001500062731 3.70877426464 95.5207 21.4105 -17.4393
11.3042 50000001500062732 50000001500062731 50000001500062764 50000001500062730 3.49086136926 147.287 -22.3821 11.0405
11.3533 50000001500062731 50000001500062730 50000001500062764 50000001500062729 3.28303305796 145.335 -15.5811 44.1687
11.3877 50000001500062730 50000001500062729 50000001500062764 50000001500062728 3.08482263583 186.539 -31.7814 67.6561
11.4091 50000001500062729 50000001500062728 50000001500062764 50000001500062727 3.00813107163 197.835 -35.1662 86.3664
11.4321 50000001500062728 50000001500062727 50000001500062764 50000001500062726 2.89578500573 186.759 -18.586 61.6026
11.479 50000001500062727 50000001500062726 50000001500062764 50000001500062725 2.73314261732 159.054 30.4199 264.368
11.519 50000001500062726 50000001500062725 50000001500062764 50000001500062724 2.5772902716 128.467 60.9004 323.099
11.5608 50000001500062725 50000001500062724 50000001500062764 50000001500062723 2.44422570455 120.731 65.9979 385.702
11.5911 50000001500062724 50000001500062723 50000001500062764 50000001500062722 2.31611074396 85.4862 115.617 362.538
11.6112 50000001500062723 50000001500062722 50000001500062764 50000001500062721 2.20792547238 46.8214 142.816 327.533
11.6461 50000001500062722 50000001500062721 50000001500062764 50000001500062720 2.1032696526 -5.10526 199.187 393.6
11.6806 50000001500062721 50000001500062720 50000001500062764 50000001500062719 2.00202813925 17.3831 220.346 416.053
11.7185 50000001500062720 50000001500062719 50000001500062764 50000001500062718 1.90408954353 58.155 246.956 463.011
11.7331 50000001500062719 50000001500062718 50000001500062764 50000001500062717 1.82268925262 88.403 251.005 489.971
11.7544 50000001500062718 50000001500062717 50000001500062764 50000001500062716 1.74357057433 55.1749 274.225 520.036
11.7761 50000001500062717 50000001500062716 50000001500062764 50000001500062715 1.66666955611 93.1644 263.721 530.615
11.7824 50000001500062716 50000001500062715 50000001500062764 50000001500062714 1.60423452207 49.4128 284.321 516.815
11.7942 50000001500062715 50000001500062714 50000001500062764 50000001500062713 1.53123902916 178.817 247.992 542.169
11.8019 50000001500062714 50000001500062713 50000001500062764 50000001500062712 1.47197484527 109.171 274.331 539.039
11.8028 50000001500062713 50000001500062712 50000001500062764 50000001500062711 1.41409822037 37.7888 307.307 519.663
11.8065 50000001500062712 50000001500062711 50000001500062764 50000001500062710 1.3575766674 7.81701 135.414 489.0
11.8071 50000001500062711 50000001500062708 50000001500062764 50000001500062707 1.20625808078 -137.934 96.2707 371.341
11.8148 50000001500062708 50000001500062703 50000001500062764 50000001500062702 0.997294225782 -148.29 -20.9368 327.391
11.8189 50000001500062703 50000001500062701 50000001500062764 50000001500062700 0.950531351585 -148.156 -40.631 326.71
11.8281 50000001500062701 50000001500062700 50000001500062764 50000001500062699 0.923000816178 -132.163 -54.4767 325.034
11.8332 50000001500062700 50000001500062699 50000001500062764 50000001500062698 0.886896937575 -150.979 -126.689 310.246
11.8382 50000001500062699 50000001500062698 50000001500062764 50000001500062697 0.851470900625 -172.759 -167.103 306.195
11.8446 50000001500062698 50000001500062697 50000001500062764 50000001500062696 0.816709979012 -191.851 -211.344 291.185
11.8483 50000001500062697 50000001500062695 50000001500062764 50000001500062694 0.757441372616 -245.366 -172.211 280.294
11.8507 50000001500062695 50000001500062694 50000001500062764 50000001500062693 0.732636182022 -245.521 -164.969 264.99
11.859 50000001500062694 50000001500062693 50000001500062764 50000001500062692 0.700106353719 -223.703 -215.908 238.549
11.8594 50000001500062693 50000001500062692 50000001500062764 50000001500062691 0.676110411213 -246.727 -249.694 217.043
11.8644 50000001500062692 50000001500062691 50000001500062764 50000001500062690 0.644641840685 -216.37 -301.422 215.504
11.8696 50000001500062691 50000001500062690 50000001500062764 50000001500062689 0.621428745243 -202.762 -339.121 212.287
11.8709 50000001500062690 50000001500062688 50000001500062764 50000001500062687 0.575980845108 -198.338 -315.061 234.806
11.8769 50000001500062688 50000001500062687 50000001500062764 50000001500062686 0.546392183141 -205.015 -272.831 247.104
11.8805 50000001500062687 50000001500062686 50000001500062764 50000001500062685 0.524565820434 -180.53 -282.4 234.505
11.8852 50000001500062686 50000001500062685 50000001500062764 50000001500062684 0.503047523245 -194.758 -265.944 219.885
11.89 50000001500062685 50000001500062684 50000001500062764 50000001500062683 0.481832943421 -169.107 -277.506 210.448
11.8962 50000001500062684 50000001500062683 50000001500062764 50000001500062682 0.460917794181 -185.281 -248.974 190.699
11.9001 50000001500062683 50000001500062682 50000001500062764 50000001500062681 0.440297849248 -201.437 -234.923 189.027
11.9073 50000001500062682 50000001500062681 50000001500062764 50000001500062680 0.419968941997 -196.617 -259.649 183.414
11.91 50000001500062681 50000001500062680 50000001500062764 50000001500062679 0.399926964614 -212.388 -245.007 206.425
11.9142 50000001500062680 50000001500062679 50000001500062764 50000001500062678 0.38016786726 -211.172 -252.048 219.004
11.9228 50000001500062679 50000001500062678 50000001500062764 50000001500062677 0.360687657262 -208.748 -242.413 213.671
11.9238 50000001500062678 50000001500062677 50000001500062764 50000001500062676 0.347853841858 -196.577 -263.497 209.356
11.9291 50000001500062677 50000001500062676 50000001500062764 50000001500062675 0.328829724206 -159.089 -282.216 209.752
11.9357 50000001500062676 50000001500062675 50000001500062764 50000001500062674 0.310074120128 -140.34 -317.793 172.133
11.9434 50000001500062675 50000001500062674 50000001500062764 50000001500062673 0.291583239722 -84.5208 -327.906 175.269
9.10157 50000001500062789 50000001500062788 50000001500062792 50000001500062787 10.3674435724 6.21399 -7.99304 9.43138
9.04653 50000001500062849 50000001500062848 50000001500062854 50000001500062847 11.4973879548 5.14451 2.24174 -3.73377
9.21472 50000001500062848 50000001500062847 50000001500062854 50000001500062846 10.9190331982 8.86504 13.5676 -8.3028
9.25284 50000001500062847 50000001500062845 50000001500062854 50000001500062844 9.99659046619 4.20817 10.5519 -7.08703
9.2672 50000001500062845 50000001500062841 50000001500062854 50000001500062840 8.9079991856 1.25123 -1.28877 -3.52627
9.04358 50000001500062920 50000001500062919 50000001500062923 50000001500062918 12.0418635439 2.4542 10.8304 1.65352
9.15042 50000001500062919 50000001500062918 50000001500062923 50000001500062917 11.4973879548 2.64022 11.5436 -1.35693
9.2361 50000001500062918 50000001500062917 50000001500062923 50000001500062916 10.9190331982 3.21122 6.22898 -6.93777
9.29787 50000001500062917 50000001500062916 50000001500062923 50000001500062915 10.3674435724 4.22764 8.14294 -12.071
9.42527 50000001500062916 50000001500062913 50000001500062923 50000001500062912 9.38877127194 7.74619 15.7294 -9.68111
9.46172 50000001500062913 50000001500062912 50000001500062923 50000001500062911 9.00233985416 3.67422 11.7069 -6.82197
9.49326 50000001500062912 50000001500062911 50000001500062923 50000001500062910 8.9079991856 3.47868 11.08 -8.50038
9.01614 50000001500062959 50000001500062958 50000001500062962 50000001500062957 13.3382482898 0.220982 -1.32075 -4.23118
9.14578 50000001500062958 50000001500062957 50000001500062962 50000001500062956 12.6747021048 1.32689 -1.53877 -6.54274
9.18802 50000001500062957 50000001500062956 50000001500062962 50000001500062955 12.0418635439 0.39604 1.86508 -5.15591
9.23799 50000001500062956 50000001500062955 50000001500062962 50000001500062954 11.4973879548 -0.380428 2.2342 -3.44814
9.2672 50000001500062955 50000001500062954 50000001500062962 50000001500062953 10.9190331982 -0.224715 3.20331 -5.04889
9.32031 50000001500062954 50000001500062953 50000001500062962 50000001500062952 10.3674435724 1.96502 3.61413 -4.06388
9.35194 50000001500062953 50000001500062952 50000001500062962 50000001500062951 9.99659046619 0.464898 9.41839 3.0784
9.39871 50000001500062952 50000001500062950 50000001500062962 50000001500062949 9.38877127194 0.268975 15.003 6.17602
9.45376 50000001500062950 50000001500062949 50000001500062962 50000001500062948 9.00233985416 2.91307 21.9659 8.17943
9.65078 50000001500062949 50000001500062946 50000001500062962 50000001500062945 8.01217294887 -7.04017 29.0107 8.14222
9.69712 50000001500062946 50000001500062945 50000001500062962 50000001500062944 7.59510714987 -14.7112 7.85414 -1.36299
9.73959 50000001500062945 50000001500062944 50000001500062962 50000001500062943 7.23627606617 -8.90302 22.9883 15.9012
9.0666 50000001500062976 50000001500062975 50000001500062980 50000001500062974 9.38877127194 -6.97686 -11.2432 -0.0591518
9.10671 50000001500062975 50000001500062974 50000001500062980 50000001500062973 9.00233985416 -6.56552 -9.20012 -0.720984
9.12668 50000001500062974 50000001500062973 50000001500062980 50000001500062972 8.9079991856 -5.1052 -8.73669 0.818869
9.2087 50000001500062973 50000001500062972 50000001500062980 50000001500062971 8.44947629437 -6.9843 -10.7902 2.07432
9.2361 50000001500062972 50000001500062971 50000001500062980 50000001500062970 8.01217294887 -5.93032 -8.69219 1.86838
9.28788 50000001500062971 50000001500062970 50000001500062980 50000001500062969 7.59510714987 -2.63757 -13.1982 2.8194
9.35194 50000001500062970 50000001500062969 50000001500062980 50000001500062968 7.23627606617 -3.7952 -7.6569 2.51166
9.04358 50000001500063004 50000001500063003 50000001500063007 50000001500063002 6.49159774567 1.13704 -3.10148 -4.88602
9.04945 50000001500063003 50000001500063002 50000001500063007 50000001500063001 6.14490120342 -7.16313 -8.77233 -5.36532
9.09898 50000001500063002 50000001500063001 50000001500063007 50000001500063000 6.01075739884 -8.64699 -8.12475 -5.88673
9.12912 50000001500063042 50000001500063041 50000001500063052 50000001500063040 7.23627606617 30.7587 -19.3221 -9.8442
9.05235 50000001500063088 50000001500063087 50000001500063092 50000001500063086 7.23627606617 1.92263 -25.4406 -8.82703
9.08578 50000001500063087 50000001500063082 50000001500063092 50000001500063081 6.01075739884 9.39945 -21.0468 -2.6412
9.08578 50000001500063082 50000001500063080 50000001500063092 50000001500063079 5.52976580795 1.60647 -10.41 -1.25732
9.09375 50000001500063158 50000001500063157 50000001500063162 50000001500063156 9.38877127194 -2.99833 -4.40167 -0.277463
9.12424 50000001500063157 50000001500063156 50000001500063162 50000001500063155 9.00233985416 -2.45885 -5.6651 -0.558045
9.13871 50000001500063156 50000001500063155 50000001500063162 50000001500063154 8.9079991856 -2.65629 -5.07213 -1.33485
9.19013 50000001500063155 50000001500063154 50000001500063162 50000001500063153 8.44947629437 -2.48017 -4.11749 -2.52437
9.2862 50000001500063154 50000001500063153 50000001500063162 50000001500063152 8.01217294887 -0.0911004 1.01907 -3.10906
9.37181 50000001500063153 50000001500063152 50000001500063162 50000001500063151 7.59510714987 -4.71247 3.70378 -2.59517
9.40001 50000001500063152 50000001500063150 50000001500063162 50000001500063149 7.00541704554 -4.94005 -2.52002 0.73998
9.48905 50000001500063150 50000001500063149 50000001500063162 50000001500063148 6.85511726265 -6.78679 -12.9454 -2.77352
9.52851 50000001500063149 50000001500063146 50000001500063162 50000001500063145 6.01075739884 -1.84152 -8.43939 -3.2133
9.01928 50000001500063222 50000001500063221 50000001500063231 50000001500063220 7.59510714987 -1.57602 1.3419 2.66539
9.02239 50000001500063221 50000001500063219 50000001500063231 50000001500063218 7.00541704554 -2.8699 1.01639 0.368571
9.11179 50000001500063219 50000001500063218 50000001500063231 50000001500063217 6.85511726265 -4.68258 1.94256 -1.97769
9.13154 50000001500063218 50000001500063215 50000001500063231 50000001500063214 6.01075739884 -1.88624 4.03526 -1.48429
9.17512 50000001500063215 50000001500063214 50000001500063231 50000001500063213 5.84661374788 -6.80431 4.60619 -1.59395
9.19013 50000001500063214 50000001500063213 50000001500063231 50000001500063212 5.52976580795 -2.64473 3.25733 -0.125426
9.00012 50000001500063248 50000001500063247 50000001500063255 50000001500063246 6.85511726265 -4.93954 18.7627 1.46688
9.04945 50000001500063247 50000001500063242 50000001500063255 50000001500063241 5.52976580795 -6.53429 16.0453 2.09487
9.02548 50000001500063299 50000001500063298 50000001500063304 50000001500063297 8.44947629437 9.29659 2.35415 -4.04464
9.04653 50000001500063298 50000001500063297 50000001500063304 50000001500063296 8.01217294887 6.04898 0.67324 0.0664824
9.10926 50000001500063297 50000001500063295 50000001500063304 50000001500063294 7.23627606617 5.5177 2.94884 -4.78076
9.12912 50000001500063295 50000001500063294 50000001500063304 50000001500063293 7.00541704554 8.47542 2.13426 -2.8807
9.14344 50000001500063294 50000001500063293 50000001500063304 50000001500063292 6.85511726265 7.1705 4.4516 -0.675641
9.19848 50000001500063293 50000001500063292 50000001500063304 50000001500063291 6.49159774567 10.5886 5.65922 -3.70284
9.30278 50000001500063292 50000001500063291 50000001500063304 50000001500063290 6.14490120342 6.8561 4.28851 0.505762
9.30763 50000001500063291 50000001500063289 50000001500063304 50000001500063288 5.84661374788 10.1086 1.6048 0.439565
9.35771 50000001500063289 50000001500063288 50000001500063304 50000001500063287 5.52976580795 7.01277 4.59518 -2.20015
9.01298 50000001500063330 50000001500063329 50000001500063338 50000001500063328 5.52976580795 -0.680324 -3.21135 0.104922
9.14344 50000001500063329 50000001500063328 50000001500063338 50000001500063327 5.22758097313 5.41482 -9.17046 2.41186
9.18802 50000001500063328 50000001500063327 50000001500063338 50000001500063326 4.99593346816 3.50799 -8.21297 4.34262
9.04945 50000001500063357 50000001500063356 50000001500063365 50000001500063355 5.52976580795 -14.4058 10.3074 -6.65055
9.07492 50000001500063356 50000001500063355 50000001500063365 50000001500063354 5.22758097313 -20.0125 12.0649 -4.88987
9.18162 50000001500063430 50000001500063429 50000001500063439 50000001500063428 5.22758097313 4.5378 -8.76028 6.3238
9.2929 50000001500063429 50000001500063428 50000001500063439 50000001500063427 4.99593346816 2.58966 -17.3213 0.0896324
9.30115 50000001500063428 50000001500063427 50000001500063439 50000001500063426 4.93938066349 2.06184 -15.5133 0.49395
9.0316 50000001500063503 50000001500063502 50000001500063507 50000001500063501 10.9190331982 -4.28273 -3.29933 0.332421
9.1663 50000001500063502 50000001500063501 50000001500063507 50000001500063500 10.3674435724 -4.64413 1.6858 0.269775
9.34165 50000001500063501 50000001500063500 50000001500063507 50000001500063499 9.99659046619 -0.246942 -0.807503 -2.09339
9.36902 50000001500063500 50000001500063499 50000001500063507 50000001500063498 9.84138043947 1.46629 0.732694 -0.920342
9.37042 50000001500063499 50000001500063498 50000001500063507 50000001500063497 9.38877127194 -5.93885 1.55176 -2.21638
9.42527 50000001500063498 50000001500063497 50000001500063507 50000001500063496 9.00233985416 -6.97399 6.9016 -1.4121
9.43617 50000001500063497 50000001500063496 50000001500063507 50000001500063495 8.9079991856 -7.04687 8.42813 -2.00872
9.45376 50000001500063496 50000001500063494 50000001500063507 50000001500063493 8.01217294887 -6.56009 7.57131 -0.419561
9.63138 50000001500063494 50000001500063493 50000001500063507 50000001500063492 7.59510714987 -0.956183 -2.10488 -6.84296
9.65224 50000001500063493 50000001500063492 50000001500063507 50000001500063491 7.23627606617 -1.57299 -4.55993 -12.2218
9.74078 50000001500063492 50000001500063491 50000001500063507 50000001500063490 7.00541704554 -6.11517 -5.48344 -12.3387
9.75993 50000001500063491 50000001500063490 50000001500063507 50000001500063489 6.85511726265 7.18158 9.89394 -0.286759
9.8697 50000001500063490 50000001500063489 50000001500063507 50000001500063488 6.49159774567 12.1203 27.4504 20.3111
9.99946 50000001500063489 50000001500063488 50000001500063507 50000001500063487 6.14490120342 6.14237 25.7624 21.5556
10.082 50000001500063488 50000001500063487 50000001500063507 50000001500063486 6.01075739884 -4.64633 19.7227 36.4629
10.12 50000001500063487 50000001500063486 50000001500063507 50000001500063485 5.84661374788 -3.97515 22.2684 38.2375
10.237 50000001500063486 50000001500063484 50000001500063507 50000001500063483 5.22758097313 -7.02476 36.2939 34.9585
10.2604 50000001500063484 50000001500063482 50000001500063507 50000001500063481 4.93938066349 -15.0766 26.7653 17.5973
10.2744 50000001500063482 50000001500063481 50000001500063507 50000001500063480 4.66451770247 -11.0213 34.6575 30.9539
9.00012 50000001500063527 50000001500063526 50000001500063533 50000001500063525 8.01217294887 -3.1617 -5.86321 9.19274
9.01928 50000001500063526 50000001500063524 50000001500063533 50000001500063523 7.23627606617 1.1367 -3.77491 12.9602
9.04358 50000001500063524 50000001500063522 50000001500063533 50000001500063521 6.85511726265 -4.54649 -3.43955 10.5326
9.10157 50000001500063547 50000001500063546 50000001500063553 50000001500063545 7.00541704554 4.58139 -19.3326 -8.73912
9.10157 50000001500063546 50000001500063544 50000001500063553 50000001500063543 6.49159774567 5.5699 -11.3988 -1.58396
9.05524 50000001500063586 50000001500063585 50000001500063599 50000001500063584 4.99593346816 0.154052 -1.75602 -0.275962
9.05524 50000001500063585 50000001500063584 50000001500063599 50000001500063583 4.93938066349 0.794064 -1.41678 -0.347845
9.09637 50000001500063584 50000001500063583 50000001500063599 50000001500063582 4.66451770247 1.16129 1.88335 -8.78723
9.03763 50000001500063625 50000001500063624 50000001500063631 50000001500063623 8.01217294887 -2.81577 2.7393 -0.587404
9.05524 50000001500063624 50000001500063623 50000001500063631 50000001500063622 7.59510714987 -3.71043 3.27924 -0.423635
9.14811 50000001500063623 50000001500063622 50000001500063631 50000001500063621 7.23627606617 -2.04166 2.31008 2.51934
9.19433 50000001500063622 50000001500063621 50000001500063631 50000001500063620 7.00541704554 -2.08247 2.14098 -0.419349
9.2026 50000001500063621 50000001500063620 50000001500063631 50000001500063619 6.85511726265 -2.04548 2.52141 1.59083
9.23037 50000001500063620 50000001500063619 50000001500063631 50000001500063618 6.49159774567 -1.31289 0.364624 2.24448
9.27766 50000001500063619 50000001500063618 50000001500063631 50000001500063617 6.14490120342 -2.20742 0.248392 3.5516
9.27938 50000001500063618 50000001500063616 50000001500063631 50000001500063615 5.84661374788 -2.76588 1.16709 3.91
9.2811 50000001500063616 50000001500063615 50000001500063631 50000001500063614 5.52976580795 -2.99015 0.579074 4.37405
9.29124 50000001500063615 50000001500063614 50000001500063631 50000001500063613 5.22758097313 -0.450783 -2.61587 8.65766
9.36056 50000001500063614 50000001500063613 50000001500063631 50000001500063612 4.99593346816 3.30086 -5.36294 10.6212
9.37319 50000001500063613 50000001500063611 50000001500063631 50000001500063610 4.66451770247 -0.766308 -3.97205 13.9635
9.0666 50000001500063659 50000001500063658 50000001500063677 50000001500063657 3.28303305796 -7.08106 1.92599 3.19249
10.1987 50000001500063718 50000001500063717 50000001500063718 50000001500063716 3.70877426464 -39.6434 30.3487 40.8408
10.2763 50000001500063717 50000001500063716 50000001500063718 50000001500063715 3.28303305796 -116.638 9.70957 31.1501
9.15502 50000001500063732 50000001500063731 50000001500063747 50000001500063730 3.70877426464 -6.87313 26.5842 -20.2923
9.31401 50000001500063731 50000001500063730 50000001500063747 50000001500063729 3.49086136926 -14.092 38.1308 -26.5044
9.32958 50000001500063730 50000001500063728 50000001500063747 50000001500063727 3.08482263583 -14.3701 29.3716 -25.2181
9.11179 50000001500063751 50000001500063750 50000001500063756 50000001500063749 4.00794511147 -26.0693 19.9374 -15.5634
9.19641 50000001500063758 50000001500063757 50000001500063758 50000001500063725 2.73314261732 -6.88226 28.3134 -9.01458
9.0316 50000001500063826 50000001500063825 50000001500063834 50000001500063824 5.22758097313 13.1269 -3.46329 -2.97125
9.25828 50000001500063825 50000001500063824 50000001500063834 50000001500063823 4.99593346816 13.3197 -11.1863 -20.7514
9.34016 50000001500063824 50000001500063821 50000001500063834 50000001500063820 4.42803373661 5.28143 -5.50073 -12.6788
9.42157 50000001500063821 50000001500063820 50000001500063834 50000001500063819 4.17683491473 -0.623276 -11.9168 -6.8236
9.47832 50000001500063820 50000001500063816 50000001500063834 50000001500063815 3.49086136926 21.6882 -3.87502 -11.2392
9.09898 50000001500063850 50000001500063849 50000001500063850 50000001500063848 3.93726108473 3.22505 -3.4278 -13.5083
9.17073 50000001500063849 50000001500063848 50000001500063850 50000001500063816 3.70877426464 -5.06527 -10.7627 -13.1804
9.01614 50000001500063874 50000001500063873 50000001500063890 50000001500063872 4.00794511147 -4.94831 -2.03926 3.75652
9.01298 50000001500063928 50000001500063927 50000001500063946 50000001500063926 3.08482263583 2.00439 -17.7033 7.309
9.01928 50000001500063927 50000001500063926 50000001500063946 50000001500063925 3.00813107163 -1.63638 -18.8257 8.48634
9.04358 50000001500063926 50000001500063924 50000001500063946 50000001500063923 2.73314261732 -0.0594396 -14.3918 3.1507
9.00337 50000001500063989 50000001500063988 50000001500063994 50000001500063987 8.01217294887 -7.29601 -0.119946 -9.03492
9.02855 50000001500063988 50000001500063987 50000001500063994 50000001500063986 7.59510714987 -4.16548 3.95711 -7.89275
9.05811 50000001500063987 50000001500063986 50000001500063994 50000001500063985 7.23627606617 -11.5798 -1.16789 -8.14722
9.11681 50000001500063986 50000001500063985 50000001500063994 50000001500063984 7.00541704554 -7.70018 2.06393 -10.5039
9.16407 50000001500063985 50000001500063984 50000001500063994 50000001500063983 6.85511726265 -12.2188 6.86763 -9.37032
9.2342 50000001500063984 50000001500063982 50000001500063994 50000001500063981 6.14490120342 -10.5164 6.58577 -13.9627
9.2361 50000001500063982 50000001500063978 50000001500063994 50000001500063977 5.22758097313 -0.969101 8.21426 -7.47348
9.2811 50000001500063978 50000001500063977 50000001500063994 50000001500063976 4.99593346816 -7.24013 7.20349 -5.82663
9.30115 50000001500063977 50000001500063974 50000001500063994 50000001500063973 4.42803373661 -4.58183 9.28322 1.11896
9.33716 50000001500063974 50000001500063973 50000001500063994 50000001500063972 4.17683491473 -5.72483 7.68575 -6.97049
9.39478 50000001500063973 50000001500063972 50000001500063994 50000001500063971 4.00794511147 -4.57629 9.88545 -3.79593
9.03763 50000001500064018 50000001500064017 50000001500064023 50000001500064016 6.14490120342 3.58859 -0.324521 -2.79037
9.05235 50000001500064017 50000001500064016 50000001500064023 50000001500064015 6.01075739884 4.23122 0.453857 -3.39036
9.12668 50000001500064016 50000001500064015 50000001500064023 50000001500064014 5.84661374788 9.98587 -1.46201 8.69675
9.16852 50000001500064015 50000001500064013 50000001500064023 50000001500064012 5.22758097313 2.86962 3.84783 2.93002
9.22651 50000001500064013 50000001500064010 50000001500064023 50000001500064009 4.66451770247 2.46012 14.8319 5.53965
9.29124 50000001500064010 50000001500064008 50000001500064023 50000001500064007 4.17683491473 0.552356 13.6278 11.1734
9.29622 50000001500064008 50000001500064007 50000001500064023 50000001500064006 4.00794511147 3.09775 11.3256 11.2989
9.31874 50000001500064007 50000001500064006 50000001500064023 50000001500064005 3.93726108473 -2.80581 5.77645 14.6656
9.32805 50000001500064006 50000001500064005 50000001500064023 50000001500064004 3.70877426464 -14.522 -2.27196 15.4007
9.05811 50000001500064185 50000001500064184 50000001500064190 50000001500064183 8.01217294887 -5.48884 4.98165 -1.42442
9.12912 50000001500064184 50000001500064183 50000001500064190 50000001500064182 7.59510714987 -5.66075 9.0169 -6.28492
9.14108 50000001500064183 50000001500064182 50000001500064190 50000001500064181 7.23627606617 -3.88507 8.89887 -5.77013
9.23229 50000001500064182 50000001500064181 50000001500064190 50000001500064180 7.00541704554 -11.1777 7.73293 3.49383
9.26896 50000001500064181 50000001500064180 50000001500064190 50000001500064179 6.85511726265 -17.9493 1.06377 -0.430004
9.40389 50000001500064180 50000001500064179 50000001500064190 50000001500064178 6.49159774567 -13.2883 10.6415 -3.88947
9.46285 50000001500064179 50000001500064178 50000001500064190 50000001500064177 6.14490120342 -9.82251 7.37887 -4.44828
9.48479 50000001500064178 50000001500064177 50000001500064190 50000001500064176 6.01075739884 -5.09289 6.33473 -11.7466
10.0515 50000001500064177 50000001500064165 50000001500064190 50000001500064164 3.49086136926 -44.5294 7.49314 25.054
9.0098 50000001500064502 50000001500064501 50000001500064509 50000001500064500 6.85511726265 -0.926787 -15.0922 11.2069
9.06096 50000001500064501 50000001500064500 50000001500064509 50000001500064499 6.49159774567 -0.00763077 -14.5146 13.2333
9.0666 50000001500064500 50000001500064499 50000001500064509 50000001500064498 6.14490120342 5.71622 -3.46038 6.10374
9.11431 50000001500064499 50000001500064498 50000001500064509 50000001500064497 6.01075739884 3.67711 -3.78977 9.8093
9.2026 50000001500064498 50000001500064497 50000001500064509 50000001500064496 5.84661374788 2.79743 -16.3047 9.0858
9.4964 50000001500064497 50000001500064486 50000001500064509 50000001500064485 3.49086136926 18.5149 10.199 17.9409
10.3394 50000001500064486 50000001500064485 50000001500064509 50000001500064484 3.08482263583 -122.419 25.0472 38.6902
9.08845 50000001500064559 50000001500064558 50000001500064565 50000001500064557 8.44947629437 -5.44534 -1.45022 9.56441
9.2742 50000001500064558 50000001500064557 50000001500064565 50000001500064556 8.01217294887 -11.4049 0.407894 11.0472
9.30115 50000001500064557 50000001500064554 50000001500064565 50000001500064553 7.00541704554 -2.78582 -0.0207243 2.089
9.33866 50000001500064554 50000001500064553 50000001500064565 50000001500064552 6.85511726265 -0.270589 -0.247028 -1.73588
9.37181 50000001500064553 50000001500064552 50000001500064565 50000001500064551 6.49159774567 -0.242466 0.164451 3.36727
9.38948 50000001500064552 50000001500064551 50000001500064565 50000001500064550 6.14490120342 -2.49898 2.58228 2.12653
9.3974 50000001500064551 50000001500064550 50000001500064565 50000001500064549 6.01075739884 -6.75624 5.27336 8.45999
9.47832 50000001500064550 50000001500064548 50000001500064565 50000001500064547 5.52976580795 -6.12108 5.56045 14.4083
9.49848 50000001500064548 50000001500064547 50000001500064565 50000001500064546 5.22758097313 -1.69003 3.18348 7.52282
9.51375 50000001500064547 50000001500064546 50000001500064565 50000001500064545 4.99593346816 -10.0508 11.8751 4.19641
9.57523 50000001500064546 50000001500064545 50000001500064565 50000001500064544 4.93938066349 -7.31616 8.85055 11.208
9.00337 50000001500064751 50000001500064750 50000001500064753 50000001500064749 10.3674435724 -2.97135 -0.540706 -0.907628
9.0316 50000001500064750 50000001500064749 50000001500064753 50000001500064748 9.99659046619 -4.07282 -0.833361 0.286093
9.04653 50000001500064749 50000001500064748 50000001500064753 50000001500064747 9.84138043947 -4.41422 -1.36663 0.249781
9.07492 50000001500064748 50000001500064747 50000001500064753 50000001500064746 9.38877127194 -5.61675 -1.53979 0.255182
9.13634 50000001500064747 50000001500064746 50000001500064753 50000001500064745 9.00233985416 -4.73699 0.103677 -0.44394
9.16852 50000001500064746 50000001500064745 50000001500064753 50000001500064744 8.9079991856 -5.22756 -1.77286 -1.01654
9.23037 50000001500064745 50000001500064744 50000001500064753 50000001500064743 8.44947629437 2.34833 -2.50606 -1.51173
9.4549 50000001500064744 50000001500064743 50000001500064753 50000001500064742 8.01217294887 -5.61667 -1.32329 -2.99174
9.58383 50000001500064743 50000001500064742 50000001500064753 50000001500064741 7.59510714987 -9.332 -3.34351 -1.42172
9.60381 50000001500064742 50000001500064741 50000001500064753 50000001500064740 7.23627606617 -8.04201 -3.59574 -5.00768
9.61663 50000001500064741 50000001500064740 50000001500064753 50000001500064739 7.00541704554 -6.99721 -3.36593 -3.97449
9.65514 50000001500064740 50000001500064739 50000001500064753 50000001500064738 6.85511726265 -6.2702 -5.95504 -7.13228
9.77444 50000001500064739 50000001500064738 50000001500064753 50000001500064737 6.49159774567 -13.0343 -10.12 -1.93684
9.80415 50000001500064738 50000001500064737 50000001500064753 50000001500064736 6.14490120342 -15.9985 -7.07431 -0.0319153
9.82517 50000001500064737 50000001500064736 50000001500064753 50000001500064735 6.01075739884 -16.622 0.19377 1.1245
9.87058 50000001500064736 50000001500064735 50000001500064753 50000001500064734 5.84661374788 -17.3625 -2.03185 4.38611
9.88059 50000001500064735 50000001500064734 50000001500064753 50000001500064733 5.52976580795 -18.4832 -0.652438 6.44918
9.91963 50000001500064734 50000001500064733 50000001500064753 50000001500064732 5.22758097313 -12.5496 -4.19831 3.07351
9.92819 50000001500064733 50000001500064732 50000001500064753 50000001500064731 4.99593346816 -12.6159 1.2972 8.15865
9.93011 50000001500064732 50000001500064731 50000001500064753 50000001500064730 4.93938066349 -16.7642 0.42929 2.31855
9.94184 50000001500064731 50000001500064730 50000001500064753 50000001500064729 4.66451770247 -10.1849 -7.60041 4.43518
10.0053 50000001500064730 50000001500064729 50000001500064753 50000001500064728 4.42803373661 -23.5975 0.860298 -2.50148
10.043 50000001500064729 50000001500064728 50000001500064753 50000001500064727 4.17683491473 -25.312 -1.75357 -9.29611
10.0462 50000001500064728 50000001500064726 50000001500064753 50000001500064725 3.93726108473 -18.1246 4.72879 -1.69
10.0638 50000001500064726 50000001500064725 50000001500064753 50000001500064724 3.70877426464 -19.3432 11.7457 -5.02195
9.01928 50000001500064763 50000001500064762 50000001500064769 50000001500064761 9.00233985416 0.742131 -7.80117 -5.80621
9.03463 50000001500064762 50000001500064761 50000001500064769 50000001500064760 8.9079991856 1.92335 -7.58055 -4.82532
9.09898 50000001500064977 50000001500064976 50000001500064988 50000001500064975 7.59510714987 -1.47217 0.431816 0.661213
9.28956 50000001500064976 50000001500064975 50000001500064988 50000001500064974 7.23627606617 3.10665 -16.7165 22.2232
9.35483 50000001500064975 50000001500064969 50000001500064988 50000001500064968 5.84661374788 -2.93434 -17.1106 -3.63098
9.43136 50000001500064969 50000001500064968 50000001500064988 50000001500064967 5.52976580795 2.70251 -20.1246 14.3268
9.47396 50000001500064968 50000001500064967 50000001500064988 50000001500064966 5.22758097313 -0.080605 -20.8441 15.9677
9.50669 50000001500064967 50000001500064966 50000001500064988 50000001500064965 4.99593346816 -3.07849 -16.2542 7.96567
9.51375 50000001500064966 50000001500064965 50000001500064988 50000001500064964 4.93938066349 -3.67454 -17.2935 5.79075
9.55113 50000001500064965 50000001500064964 50000001500064988 50000001500064963 4.66451770247 -0.962958 -15.9324 8.71721
9.56999 50000001500064964 50000001500064963 50000001500064988 50000001500064962 4.42803373661 -3.63476 -15.456 6.29918
9.03463 50000001500065032 50000001500065031 50000001500065044 50000001500065030 4.93938066349 -2.97844 -4.42971 -8.06261
9.0666 50000001500065031 50000001500065029 50000001500065044 50000001500065028 4.42803373661 -1.60272 2.77638 -2.9452
9.07492 50000001500065029 50000001500065027 50000001500065044 50000001500065026 4.00794511147 0.804345 1.8235 -2.5686
9.19433 50000001500065027 50000001500065026 50000001500065044 50000001500065025 3.93726108473 5.59917 4.16914 3.18275
9.28788 50000001500065026 50000001500065024 50000001500065044 50000001500065023 3.49086136926 8.25648 5.84681 4.1649
9.32187 50000001500065024 50000001500065020 50000001500065044 50000001500065019 2.89578500573 21.1597 6.55889 14.0185
9.34016 50000001500065020 50000001500065016 50000001500065044 50000001500065015 2.31611074396 5.91352 -7.76956 9.69699
9.04653 50000001500065187 50000001500065186 50000001500065189 50000001500065185 8.44947629437 -5.7308 -3.90308 -2.57697
9.09375 50000001500065186 50000001500065185 50000001500065189 50000001500065184 8.01217294887 -5.26575 -6.07485 -2.42257
9.12424 50000001500065185 50000001500065184 50000001500065189 50000001500065183 7.59510714987 -4.82765 -6.95646 -3.34927
9.16182 50000001500065184 50000001500065183 50000001500065189 50000001500065182 7.23627606617 -4.17382 -4.73906 -1.3381
9.2026 50000001500065183 50000001500065182 50000001500065189 50000001500065181 7.00541704554 -5.18515 -4.75027 1.44754
9.2087 50000001500065182 50000001500065181 50000001500065189 50000001500065180 6.85511726265 -4.42196 -4.41306 0.777748
9.2828 50000001500065181 50000001500065180 50000001500065189 50000001500065179 6.49159774567 -8.19525 -5.86922 -2.59065
9.28956 50000001500065180 50000001500065178 50000001500065189 50000001500065177 6.01075739884 -5.94346 -5.28801 -4.29715
9.30602 50000001500065178 50000001500065170 50000001500065189 50000001500065169 4.17683491473 -5.29874 -1.45395 0.265476
9.31874 50000001500065170 50000001500065167 50000001500065189 50000001500065166 3.70877426464 4.52306 -0.163906 -2.7232
9.34461 50000001500065167 50000001500065166 50000001500065189 50000001500065165 3.49086136926 2.12787 -1.89088 -0.483294
9.36481 50000001500065166 50000001500065165 50000001500065189 50000001500065164 3.28303305796 7.97346 1.16415 1.32524
9.38141 50000001500065346 50000001500065345 50000001500065355 50000001500065344 8.01217294887 8.99229 -10.4391 -4.92739
9.52365 50000001500065345 50000001500065344 50000001500065355 50000001500065343 7.59510714987 9.97285 -8.04476 5.00487
9.77279 50000001500065344 50000001500065343 50000001500065355 50000001500065342 7.23627606617 2.78664 -2.51581 -14.4449
9.90402 50000001500065343 50000001500065342 50000001500065355 50000001500065341 7.00541704554 3.25241 -6.26243 -15.5441
9.98719 50000001500065342 50000001500065341 50000001500065355 50000001500065340 6.85511726265 0.110597 -22.7357 20.6434
10.0149 50000001500065341 50000001500065340 50000001500065355 50000001500065339 6.49159774567 2.80551 -3.50511 -5.58623
10.0885 50000001500065340 50000001500065339 50000001500065355 50000001500065338 6.14490120342 4.43416 2.51094 -20.0464
10.0943 50000001500065339 50000001500065338 50000001500065355 50000001500065337 6.01075739884 10.0227 -0.230406 -18.3617
10.1375 50000001500065338 50000001500065337 50000001500065355 50000001500065336 5.84661374788 7.78888 7.68322 -28.3343
10.2024 50000001500065337 50000001500065336 50000001500065355 50000001500065335 5.52976580795 19.6136 -2.83341 -33.7133
10.2359 50000001500065336 50000001500065335 50000001500065355 50000001500065334 5.22758097313 22.6659 -6.45881 -26.0132
10.2397 50000001500065335 50000001500065334 50000001500065355 50000001500065333 4.99593346816 19.6763 -20.2089 -27.8282
10.2693 50000001500065334 50000001500065332 50000001500065355 50000001500065331 4.66451770247 30.6268 -7.02927 -61.1953
10.3052 50000001500065332 50000001500065325 50000001500065355 50000001500065324 3.28303305796 11.2114 -15.0806 -22.2169
10.3635 50000001500065325 50000001500065324 50000001500065355 50000001500065323 3.08482263583 16.6597 -21.4939 -28.8648
10.388 50000001500065324 50000001500065322 50000001500065355 50000001500065321 2.89578500573 11.9171 -17.7972 -15.9937
10.4175 50000001500065322 50000001500065321 50000001500065355 50000001500065320 2.73314261732 8.38316 -9.87449 -21.6379
10.455 50000001500065321 50000001500065320 50000001500065355 50000001500065319 2.5772902716 5.78319 11.5667 -28.3607
10.4754 50000001500065320 50000001500065318 50000001500065355 50000001500065317 2.31611074396 5.81401 21.448 -11.0441
10.4897 50000001500065318 50000001500065317 50000001500065355 50000001500065316 2.20792547238 4.00468 21.3194 -5.16663
9.00012 50000001500065360 50000001500065359 50000001500065364 50000001500065358 9.00233985416 10.2474 1.68266 2.38598
9.15042 50000001500065359 50000001500065358 50000001500065364 50000001500065357 8.9079991856 9.42733 -1.64474 -0.79762
9.22651 50000001500065358 50000001500065357 50000001500065364 50000001500065356 8.44947629437 7.72576 -0.503876 5.49512
9.06939 50000001500065395 50000001500065394 50000001500065396 50000001500065393 9.38877127194 19.664 0.22967 -24.7808
9.22262 50000001500065394 50000001500065390 50000001500065396 50000001500065389 8.01217294887 -6.35073 10.0626 30.974
9.05235 50000001500065479 50000001500065478 50000001500065490 50000001500065477 6.01075739884 7.86554 3.82831 -4.71486
9.13871 50000001500065478 50000001500065474 50000001500065490 50000001500065473 4.99593346816 15.2807 -9.4076 -6.37461
9.17946 50000001500065474 50000001500065473 50000001500065490 50000001500065472 4.93938066349 12.4332 -13.2669 -16.5435
9.25101 50000001500065473 50000001500065470 50000001500065490 50000001500065469 4.17683491473 17.5423 -10.7286 -8.38029
9.2742 50000001500065470 50000001500065467 50000001500065490 50000001500065466 3.70877426464 12.7797 -6.61083 -2.12076
9.2845 50000001500065467 50000001500065466 50000001500065490 50000001500065465 3.49086136926 7.77815 -11.6293 -9.02792
9.00337 50000001500065533 50000001500065532 50000001500065542 50000001500065531 5.22758097313 7.73043 6.28276 -8.0227
9.03763 50000001500065532 50000001500065531 50000001500065542 50000001500065530 4.99593346816 5.22219 4.48072 -6.06776
9.04945 50000001500065531 50000001500065530 50000001500065542 50000001500065529 4.93938066349 1.45647 9.09754 -7.90559
9.13871 50000001500065530 50000001500065521 50000001500065542 50000001500065520 3.00813107163 4.52961 -3.69617 0.574868
9.1573 50000001500065632 50000001500065631 50000001500065640 50000001500065630 7.23627606617 -0.771856 -7.232 -12.6599
9.17512 50000001500065631 50000001500065628 50000001500065640 50000001500065627 6.49159774567 6.53177 -4.39186 -6.98125
9.24175 50000001500065628 50000001500065627 50000001500065640 50000001500065626 6.14490120342 9.46132 -2.54921 -8.58104
9.24362 50000001500065627 50000001500065626 50000001500065640 50000001500065625 6.01075739884 6.1477 1.584 -7.64263
9.25101 50000001500065626 50000001500065625 50000001500065640 50000001500065624 5.84661374788 4.50486 1.56707 -7.00263
9.2862 50000001500065625 50000001500065624 50000001500065640 50000001500065623 5.52976580795 4.90072 -1.67567 -7.97366
9.32342 50000001500065624 50000001500065623 50000001500065640 50000001500065622 5.22758097313 12.1001 -2.3185 -8.12022
9.35914 50000001500065623 50000001500065622 50000001500065640 50000001500065621 4.99593346816 6.12665 3.69106 -5.56664
9.40389 50000001500065622 50000001500065621 50000001500065640 50000001500065620 4.93938066349 9.28443 0.618446 -12.4409
9.43856 50000001500065621 50000001500065620 50000001500065640 50000001500065619 4.66451770247 4.09599 -0.367404 -12.8044
9.49326 50000001500065620 50000001500065618 50000001500065640 50000001500065617 4.17683491473 -2.34549 10.0564 -9.23846
9.53044 50000001500065618 50000001500065617 50000001500065640 50000001500065616 4.00794511147 -2.40754 9.4853 -8.72001
9.59059 50000001500065617 50000001500065616 50000001500065640 50000001500065615 3.93726108473 -10.4973 24.6193 -12.5737
9.65514 50000001500065616 50000001500065614 50000001500065640 50000001500065613 3.49086136926 -16.7341 26.7843 -6.18388
10.3982 50000001500065614 50000001500065612 50000001500065640 50000001500065611 3.08482263583 -29.1181 29.7178 39.4809
10.4039 50000001500065612 50000001500065611 50000001500065640 50000001500065610 3.00813107163 -14.3356 20.3512 40.5596
10.4465 50000001500065611 50000001500065609 50000001500065640 50000001500065608 2.73314261732 2.64967 20.2473 20.9167
9.0316 50000001500065679 50000001500065678 50000001500065690 50000001500065677 4.42803373661 -1.61934 2.23093 6.74775
9.08038 50000001500065678 50000001500065677 50000001500065690 50000001500065676 4.17683491473 -3.28553 -3.31503 8.82803
9.07492 50000001500065762 50000001500065761 50000001500065768 50000001500065760 8.01217294887 4.37349 -4.48388 1.64049
9.18802 50000001500065761 50000001500065760 50000001500065768 50000001500065759 7.59510714987 2.19126 -5.35295 0.1649
9.25828 50000001500065760 50000001500065758 50000001500065768 50000001500065757 7.00541704554 -1.51534 -7.67201 1.52306
9.27072 50000001500065758 50000001500065757 50000001500065768 50000001500065756 6.85511726265 -0.137101 -6.97032 2.05135
9.2845 50000001500065757 50000001500065756 50000001500065768 50000001500065755 6.49159774567 -0.160658 -2.36089 2.44674
9.32342 50000001500065756 50000001500065755 50000001500065768 50000001500065754 6.14490120342 -0.405853 -3.97041 1.22678
9.34756 50000001500065755 50000001500065754 50000001500065768 50000001500065753 6.01075739884 -1.80147 -4.67758 1.10812
9.44211 50000001500065754 50000001500065753 50000001500065768 50000001500065752 5.84661374788 -7.81463 -8.67247 5.95048
9.4503 50000001500065753 50000001500065752 50000001500065768 50000001500065751 5.52976580795 -7.46354 -4.5628 2.92988
9.49744 50000001500065752 50000001500065750 50000001500065768 50000001500065749 4.99593346816 -8.35082 -3.92916 3.65491
9.53808 50000001500065750 50000001500065748 50000001500065768 50000001500065747 4.66451770247 -9.4621 -4.41029 4.01764
9.58723 50000001500065748 50000001500065747 50000001500065768 50000001500065746 4.42803373661 -10.8714 -0.959928 2.31034
9.60136 50000001500065747 50000001500065746 50000001500065768 50000001500065745 4.17683491473 -12.1679 3.31521 0.279216
9.60705 50000001500065746 50000001500065745 50000001500065768 50000001500065744 4.00794511147 -12.1163 14.8635 3.51022
9.69449 50000001500065745 50000001500065744 50000001500065768 50000001500065743 3.93726108473 -11.8307 25.8471 9.07582
9.81278 50000001500065744 50000001500065743 50000001500065768 50000001500065742 3.70877426464 18.7366 16.4685 34.1471
9.83243 50000001500065743 50000001500065742 50000001500065768 50000001500065741 3.49086136926 -13.9558 16.5424 29.7589
10.1462 50000001500065786 50000001500065785 50000001500065789 50000001500065740 3.28303305796 -20.3759 37.2127 6.64363
9.0098 50000001500065811 50000001500065810 50000001500065818 50000001500065809 6.01075739884 15.719 -3.09963 -10.6817
9.04653 50000001500065810 50000001500065809 50000001500065818 50000001500065808 5.84661374788 15.5569 -2.38319 -9.20784
9.1193 50000001500065809 50000001500065807 50000001500065818 50000001500065806 5.22758097313 11.6232 -0.84401 -6.00783
9.26543 50000001500065807 50000001500065806 50000001500065818 50000001500065805 4.99593346816 20.0568 1.60824 -6.15656
9.31717 50000001500065806 50000001500065804 50000001500065818 50000001500065803 4.66451770247 22.2282 4.32917 -10.7377
9.41282 50000001500065804 50000001500065803 50000001500065818 50000001500065802 4.42803373661 20.9886 -3.35988 -2.253
9.44329 50000001500065803 50000001500065802 50000001500065818 50000001500065801 4.17683491473 18.4513 -3.80121 -7.34485
9.54651 50000001500065802 50000001500065801 50000001500065818 50000001500065800 4.00794511147 31.64 6.88414 -14.6039
9.55841 50000001500065801 50000001500065800 50000001500065818 50000001500065799 3.93726108473 28.3559 9.08874 -12.5883
9.05811 50000001500065869 50000001500065868 50000001500065880 50000001500065867 6.49159774567 -1.13445 -1.12199 3.82882
9.13154 50000001500065868 50000001500065867 50000001500065880 50000001500065866 6.14490120342 -4.10598 1.18557 0.315254
9.17073 50000001500065867 50000001500065866 50000001500065880 50000001500065865 6.01075739884 -5.83858 -0.142766 0.854175
9.18162 50000001500065866 50000001500065865 50000001500065880 50000001500065864 5.84661374788 -2.29746 -0.957673 -1.88457
9.32497 50000001500065865 50000001500065864 50000001500065880 50000001500065863 5.52976580795 -5.57042 -7.95959 -2.89509
9.42649 50000001500065864 50000001500065863 50000001500065880 50000001500065862 5.22758097313 -3.07285 -6.35845 2.57814
9.54278 50000001500065863 50000001500065862 50000001500065880 50000001500065861 4.99593346816 -2.25506 -7.02964 0.462513
9.58553 50000001500065862 50000001500065860 50000001500065880 50000001500065859 4.66451770247 0.0135192 -6.32868 0.0362474
9.67353 50000001500065860 50000001500065859 50000001500065880 50000001500065858 4.42803373661 10.1729 -6.43841 9.45261
9.71448 50000001500065859 50000001500065858 50000001500065880 50000001500065857 4.17683491473 11.8155 -8.53814 11.6631
9.76613 50000001500065858 50000001500065857 50000001500065880 50000001500065856 4.00794511147 3.53571 -0.514668 9.5687
9.77772 50000001500065857 50000001500065856 50000001500065880 50000001500065855 3.93726108473 3.28626 4.16011 1.7573
9.78742 50000001500065856 50000001500065855 50000001500065880 50000001500065854 3.70877426464 -5.7883 9.33319 1.97189
9.87409 50000001500065855 50000001500065854 50000001500065880 50000001500065853 3.49086136926 -5.68805 3.92355 25.4159
9.89869 50000001500065854 50000001500065853 50000001500065880 50000001500065852 3.28303305796 -3.03339 4.66991 22.3255
9.01298 50000001500065980 50000001500065979 50000001500065998 50000001500065978 3.00813107163 3.94027 5.84872 8.50109
9.09637 50000001500066065 50000001500066064 50000001500066071 50000001500066063 8.01217294887 -8.00189 -4.13499 0.0880826
9.10926 50000001500066064 50000001500066063 50000001500066071 50000001500066062 7.59510714987 -4.55632 -5.00689 -0.998094
9.13394 50000001500066063 50000001500066062 50000001500066071 50000001500066061 7.23627606617 -2.10642 -4.95064 -2.4658
9.16182 50000001500066062 50000001500066058 50000001500066071 50000001500066057 6.14490120342 -4.22821 -1.33165 -6.20457
9.18376 50000001500066058 50000001500066057 50000001500066071 50000001500066056 6.01075739884 -4.87701 -2.34842 -7.7924
9.64859 50000001500066057 50000001500066053 50000001500066071 50000001500066052 4.99593346816 -35.583 -0.991834 -44.5035
9.82468 50000001500066053 50000001500066052 50000001500066071 50000001500066051 4.93938066349 -38.1258 12.4834 -44.5227
9.95797 50000001500066052 50000001500066051 50000001500066071 50000001500066050 4.66451770247 -42.2982 57.6655 0.0603234
9.99287 50000001500066051 50000001500066050 50000001500066071 50000001500066049 4.42803373661 -41.6768 63.1148 15.1503
10.0793 50000001500066050 50000001500066049 50000001500066071 50000001500066048 4.17683491473 -55.6625 78.955 35.4623
10.2752 50000001500066049 50000001500066048 50000001500066071 50000001500066047 3.93726108473 -251.207 -63.3125 12.9029
9.25101 50000001500066080 50000001500066079 50000001500066090 50000001500066078 6.14490120342 7.4589 -3.01203 0.226745
9.27938 50000001500066079 50000001500066078 50000001500066090 50000001500066077 6.01075739884 8.91202 -7.98918 -1.62458
9.32497 50000001500066078 50000001500066077 50000001500066090 50000001500066076 5.84661374788 4.88229 -9.49917 -2.5893
9.36902 50000001500066077 50000001500066075 50000001500066090 50000001500066053 5.22758097313 15.4975 -2.96854 -3.61678
9.01298 50000001500066092 50000001500066091 50000001500066094 50000001500066079 6.49159774567 7.94178 -2.17852 0.406871
9.06939 50000001500066152 50000001500066151 50000001500066159 50000001500066150 8.01217294887 6.34895 -6.67202 1.45721
9.11681 50000001500066151 50000001500066150 50000001500066159 50000001500066149 7.59510714987 8.81978 -7.5033 -0.017457
9.17073 50000001500066150 50000001500066149 50000001500066159 50000001500066148 7.23627606617 1.83136 -8.85851 1.54939
9.17512 50000001500066149 50000001500066147 50000001500066159 50000001500066146 6.85511726265 3.06496 -7.24195 1.67562
9.25648 50000001500066147 50000001500066146 50000001500066159 50000001500066145 6.49159774567 7.00719 -9.87074 3.97211
9.3044 50000001500066146 50000001500066145 50000001500066159 50000001500066144 6.14490120342 8.98818 -9.6007 3.38532
9.30923 50000001500066145 50000001500066144 50000001500066159 50000001500066143 6.01075739884 7.56943 -9.10336 5.19943
9.31874 50000001500066144 50000001500066143 50000001500066159 50000001500066142 5.84661374788 9.60835 -10.7287 4.06952
9.39478 50000001500066143 50000001500066142 50000001500066159 50000001500066141 5.52976580795 10.287 -16.0939 10.1643
9.41282 50000001500066142 50000001500066141 50000001500066159 50000001500066140 5.22758097313 8.5155 -15.3888 7.3491
9.41784 50000001500066141 50000001500066140 50000001500066159 50000001500066139 4.99593346816 7.17328 -13.8922 8.48722
9.42281 50000001500066140 50000001500066139 50000001500066159 50000001500066138 4.93938066349 7.53493 -14.3642 9.90105
9.53996 50000001500066139 50000001500066138 50000001500066159 50000001500066137 4.66451770247 10.4987 -10.5412 -7.58299
9.65224 50000001500066138 50000001500066137 50000001500066159 50000001500066136 4.42803373661 -0.283543 -10.0656 -16.8582
9.73899 50000001500066137 50000001500066136 50000001500066159 50000001500066135 4.17683491473 -7.39801 -4.735 -28.0792
9.81177 50000001500066136 50000001500066135 50000001500066159 50000001500066048 4.00794511147 -7.72808 -6.94858 -36.9742
9.18376 50000001500066170 50000001500066169 50000001500066179 50000001500066168 6.14490120342 9.44256 4.90067 -1.14173
9.23037 50000001500066169 50000001500066166 50000001500066179 50000001500066165 5.52976580795 3.98076 1.06964 1.07112
9.25828 50000001500066166 50000001500066165 50000001500066179 50000001500066164 5.22758097313 4.62641 2.1006 1.84704
9.32342 50000001500066165 50000001500066164 50000001500066179 50000001500066163 4.99593346816 3.99831 3.68559 -0.583969
9.32497 50000001500066164 50000001500066163 50000001500066179 50000001500066162 4.93938066349 3.49848 0.756545 0.343906
9.00012 50000001500066318 50000001500066317 50000001500066326 50000001500066316 7.23627606617 -0.140368 5.33525 0.130948
9.04062 50000001500066317 50000001500066316 50000001500066326 50000001500066315 7.00541704554 0.225077 6.08831 0.360335
9.08038 50000001500066316 50000001500066315 50000001500066326 50000001500066314 6.85511726265 2.19514 2.49153 3.81784
9.08578 50000001500066315 50000001500066314 50000001500066326 50000001500066313 6.49159774567 0.243117 3.66292 -0.538493
9.10926 50000001500066314 50000001500066313 50000001500066326 50000001500066312 6.14490120342 0.618513 4.76335 -2.45136
9.12668 50000001500066313 50000001500066312 50000001500066326 50000001500066311 6.01075739884 0.825621 3.75955 -1.41243
9.13154 50000001500066312 50000001500066311 50000001500066326 50000001500066310 5.84661374788 -3.41989 6.34787 1.36079
9.20668 50000001500066311 50000001500066310 50000001500066326 50000001500066309 5.52976580795 0.531638 1.81783 -1.89193
9.21869 50000001500066310 50000001500066308 50000001500066326 50000001500066307 4.99593346816 3.7208 -1.84877 -11.9161
9.26543 50000001500066308 50000001500066307 50000001500066326 50000001500066306 4.93938066349 4.63943 -6.32663 -23.4209
9.02239 50000001500066382 50000001500066381 50000001500066408 50000001500066380 3.28303305796 4.28613 5.50822 7.14093
9.01928 50000001500066470 50000001500066469 50000001500066473 50000001500066468 5.22758097313 -4.47133 -10.9414 0.924894
9.08578 50000001500066469 50000001500066468 50000001500066473 50000001500066467 4.99593346816 -4.97771 -11.506 4.77913
9.27938 50000001500066468 50000001500066467 50000001500066473 50000001500066466 4.93938066349 0.169346 -17.2276 1.56993
9.33866 50000001500066467 50000001500066465 50000001500066473 50000001500066464 4.42803373661 3.15223 -11.4942 2.89792
9.42157 50000001500066465 50000001500066464 50000001500066473 50000001500066463 4.17683491473 6.84304 -11.2312 1.82436
9.55841 50000001500066464 50000001500066462 50000001500066473 50000001500066461 3.70877426464 6.4123 -0.598403 7.38605
9.63593 50000001500066462 50000001500066461 50000001500066473 50000001500066460 3.49086136926 -0.456582 14.9328 12.3424
9.02855 50000001500066686 50000001500066685 50000001500066699 50000001500066684 6.49159774567 1.13072 2.23662 -2.31552
9.06939 50000001500066685 50000001500066684 50000001500066699 50000001500066683 6.14490120342 -1.22791 2.46701 2.04676
9.08038 50000001500066684 50000001500066683 50000001500066699 50000001500066682 6.01075739884 -0.14711 2.38774 2.18488
9.12424 50000001500066683 50000001500066682 50000001500066699 50000001500066681 5.84661374788 0.460795 7.15271 -0.378751
9.14578 50000001500066682 50000001500066681 50000001500066699 50000001500066680 5.52976580795 1.54141 9.10913 0.577202
9.17729 50000001500066681 50000001500066680 50000001500066699 50000001500066679 5.22758097313 2.0231 6.49574 3.62485
9.21272 50000001500066680 50000001500066679 50000001500066699 50000001500066678 4.99593346816 3.8567 6.30412 -1.16172
9.21472 50000001500066679 50000001500066675 50000001500066699 50000001500066674 4.17683491473 2.6668 6.76953 8.02108
9.2342 50000001500066675 50000001500066674 50000001500066699 50000001500066673 4.00794511147 1.27937 10.7512 8.40111
9.26008 50000001500066674 50000001500066673 50000001500066699 50000001500066672 3.93726108473 1.97028 7.53631 6.55224
9.32651 50000001500066673 50000001500066672 50000001500066699 50000001500066671 3.70877426464 3.41848 11.3694 1.1908
9.37457 50000001500066672 50000001500066671 50000001500066699 50000001500066670 3.49086136926 4.20368 8.10611 1.54218
9.38815 50000001500066671 50000001500066670 50000001500066699 50000001500066669 3.28303305796 3.77696 12.3733 -0.453431
9.40518 50000001500066670 50000001500066669 50000001500066699 50000001500066668 3.08482263583 5.57465 9.43441 6.0654
9.00012 50000001500066915 50000001500066914 50000001500066919 50000001500066913 6.49159774567 -4.06432 0.522443 -3.26404
9.00337 50000001500066914 50000001500066912 50000001500066919 50000001500066911 6.01075739884 -5.79599 -3.02555 -5.0884
9.00337 50000001500066912 50000001500066911 50000001500066919 50000001500066910 5.84661374788 -7.39383 -3.37695 -5.18857
9.03763 50000001500066911 50000001500066910 50000001500066919 50000001500066909 5.52976580795 -5.8619 -5.87268 -7.59666
9.07766 50000001500066910 50000001500066909 50000001500066919 50000001500066908 5.22758097313 -6.0607 -6.44574 -6.57183
9.15956 50000001500066909 50000001500066908 50000001500066919 50000001500066907 4.99593346816 1.05177 -0.663582 0.847435
9.17729 50000001500066908 50000001500066907 50000001500066919 50000001500066906 4.93938066349 -1.48898 2.63398 1.01568
9.2742 50000001500066907 50000001500066900 50000001500066919 50000001500066899 3.49086136926 -0.9447 1.0564 -2.72327
9.29457 50000001500066900 50000001500066899 50000001500066919 50000001500066898 3.28303305796 0.344655 6.06651 -4.50219
9.32958 50000001500066899 50000001500066898 50000001500066919 50000001500066897 3.08482263583 -5.9274 0.136891 -0.879029
9.35914 50000001500066898 50000001500066897 50000001500066919 50000001500066896 3.00813107163 -4.1414 -1.4349 -0.498918
9.42404 50000001500066897 50000001500066896 50000001500066919 50000001500066895 2.89578500573 -3.44947 -1.00354 -1.25025
9.47505 50000001500066896 50000001500066895 50000001500066919 50000001500066894 2.73314261732 -4.50196 1.81985 1.45289
9.55751 50000001500066895 50000001500066894 50000001500066919 50000001500066893 2.5772902716 -5.95151 -12.3269 3.45059
9.6329 50000001500066894 50000001500066893 50000001500066919 50000001500066892 2.44422570455 5.23787 -4.7054 -15.9161
9.67835 50000001500066893 50000001500066892 50000001500066919 50000001500066891 2.31611074396 0.978578 -14.0306 -15.1871
9.70877 50000001500066892 50000001500066891 50000001500066919 50000001500066890 2.20792547238 4.48485 -9.85255 -18.415
9.80312 50000001500066891 50000001500066889 50000001500066919 50000001500066888 2.00202813925 -18.2015 -11.6206 -12.4741
9.81478 50000001500066889 50000001500066888 50000001500066919 50000001500066887 1.90408954353 15.207 -14.4671 -15.2579
9.85944 50000001500066888 50000001500066886 50000001500066919 50000001500066885 1.74357057433 -4.77972 11.2607 2.96402
9.85989 50000001500066886 50000001500066885 50000001500066919 50000001500066884 1.66666955611 3.50284 5.10446 1.99507
9.85989 50000001500066885 50000001500066884 50000001500066919 50000001500066883 1.60423452207 -0.340473 7.98028 -3.10736
9.87409 50000001500066884 50000001500066883 50000001500066919 50000001500066882 1.53123902916 -1.82725 1.84148 6.41258
