logMh | fpID | subhaloID | main leaf ID | descID |  z
9.14811 90000139700000109 90000139700000108 90000139700000110 90000139700000107 12.6747021048 3.81969 -2.19521 7.25184
9.22262 90000139700000108 90000139700000107 90000139700000110 90000139700000106 12.0418635439 5.03633 1.03731 2.77572
9.36622 90000139700000107 90000139700000106 90000139700000110 90000139700000105 11.4973879548 8.8159 2.23752 -2.04633
9.50771 90000139700000106 90000139700000105 90000139700000110 90000139700000104 10.9190331982 4.45401 1.0441 0.771342
9.58469 90000139700000105 90000139700000104 90000139700000110 90000139700000103 10.3674435724 0.917377 5.54464 -4.96045
9.66584 90000139700000104 90000139700000103 90000139700000110 90000139700000102 9.99659046619 3.03403 3.84224 -0.355741
9.73899 90000139700000103 90000139700000102 90000139700000110 90000139700000101 9.84138043947 0.72286 15.7276 -5.65354
9.83002 90000139700000102 90000139700000101 90000139700000110 90000139700000100 9.38877127194 15.5616 -8.24508 -4.08142
10.0752 90000139700000101 90000139700000100 90000139700000110 90000139700000099 9.00233985416 18.8606 13.7606 1.56954
10.0823 90000139700000100 90000139700000099 90000139700000110 90000139700000098 8.9079991856 9.87471 8.35784 7.51823
10.2746 90000139700000099 90000139700000098 90000139700000110 90000139700000097 8.44947629437 26.1947 -15.4965 -2.98173
10.3686 90000139700000098 90000139700000097 90000139700000110 90000139700000096 8.01217294887 30.6284 0.209925 -3.57233
10.4888 90000139700000097 90000139700000096 90000139700000110 90000139700000095 7.59510714987 65.7957 -2.89728 -18.5405
10.5436 90000139700000096 90000139700000095 90000139700000110 90000139700000094 7.23627606617 83.1001 8.97571 -22.1759
10.5449 90000139700000095 90000139700000094 90000139700000110 90000139700000093 7.00541704554 58.5653 -0.700417 -1.03558
10.604 90000139700000094 90000139700000093 90000139700000110 90000139700000092 6.85511726265 75.1001 25.6713 -17.3457
10.6139 90000139700000093 90000139700000092 90000139700000110 90000139700000091 6.49159774567 81.2161 -21.8542 -13.3939
10.6539 90000139700000092 90000139700000091 90000139700000110 90000139700000090 6.14490120342 53.61 -7.35064 -7.07002
10.6719 90000139700000091 90000139700000090 90000139700000110 90000139700000089 6.01075739884 53.2794 -10.5492 -8.06377
10.6887 90000139700000090 90000139700000089 90000139700000110 90000139700000088 5.84661374788 45.5485 4.89452 -4.50511
10.7493 90000139700000089 90000139700000088 90000139700000110 90000139700000087 5.52976580795 59.6539 -1.72363 -14.6216
10.7732 90000139700000088 90000139700000087 90000139700000110 90000139700000086 5.22758097313 48.8813 -8.0468 -8.79551
10.8255 90000139700000087 90000139700000086 90000139700000110 90000139700000085 4.99593346816 80.963 -25.1697 -24.8617
10.8274 90000139700000086 90000139700000084 90000139700000110 90000139700000083 4.66451770247 79.1582 -46.2287 -16.0783
10.8497 90000139700000084 90000139700000083 90000139700000110 90000139700000082 4.42803373661 117.347 -40.1518 -37.4895
10.8987 90000139700000083 90000139700000082 90000139700000110 90000139700000081 4.17683491473 160.486 -73.1209 -46.8912
10.9436 90000139700000082 90000139700000081 90000139700000110 90000139700000080 4.00794511147 194.454 -102.144 -84.1511
10.9513 90000139700000081 90000139700000080 90000139700000110 90000139700000079 3.93726108473 183.207 -93.9374 -75.1618
10.9896 90000139700000080 90000139700000079 90000139700000110 90000139700000078 3.70877426464 174.66 -103.831 -58.6798
11.0621 90000139700000079 90000139700000078 90000139700000110 90000139700000077 3.49086136926 185.714 -130.107 -83.9716
11.0986 90000139700000078 90000139700000077 90000139700000110 90000139700000076 3.28303305796 228.423 -113.865 -78.302
11.1366 90000139700000077 90000139700000076 90000139700000110 90000139700000075 3.08482263583 242.232 -142.895 -116.469
11.14 90000139700000076 90000139700000075 90000139700000110 90000139700000074 3.00813107163 264.026 -132.944 -104.665
11.1563 90000139700000075 90000139700000074 90000139700000110 90000139700000073 2.89578500573 291.451 -117.954 -119.314
11.1813 90000139700000074 90000139700000073 90000139700000110 90000139700000072 2.73314261732 322.111 -114.747 -131.54
11.2088 90000139700000073 90000139700000072 90000139700000110 90000139700000071 2.5772902716 329.916 -131.092 -134.651
11.2725 90000139700000072 90000139700000071 90000139700000110 90000139700000070 2.44422570455 207.25 0.685989 -202.128
11.3049 90000139700000071 90000139700000070 90000139700000110 90000139700000069 2.31611074396 193.557 82.926 -221.054
11.326 90000139700000070 90000139700000069 90000139700000110 90000139700000068 2.20792547238 175.774 121.768 -246.534
11.3399 90000139700000069 90000139700000068 90000139700000110 90000139700000067 2.1032696526 226.934 77.8148 -230.064
11.3602 90000139700000068 90000139700000067 90000139700000110 90000139700000066 2.00202813925 227.17 88.3179 -227.623
11.3718 90000139700000067 90000139700000066 90000139700000110 90000139700000065 1.90408954353 239.073 62.7339 -226.328
11.3831 90000139700000066 90000139700000064 90000139700000110 90000139700000063 1.74357057433 286.596 28.3425 -220.406
11.3873 90000139700000064 90000139700000061 90000139700000110 90000139700000060 1.53123902916 266.584 -4.21152 -177.323
11.4003 90000139700000061 90000139700000060 90000139700000110 90000139700000059 1.47197484527 263.233 -8.12929 -173.092
11.4136 90000139700000060 90000139700000059 90000139700000110 90000139700000058 1.41409822037 261.074 1.99606 -168.245
11.4245 90000139700000059 90000139700000058 90000139700000110 90000139700000057 1.3575766674 248.771 25.7519 -147.062
11.4357 90000139700000058 90000139700000057 90000139700000110 90000139700000056 1.30237845991 255.933 14.1901 -142.468
11.4439 90000139700000057 90000139700000056 90000139700000110 90000139700000055 1.24847261425 298.17 35.6684 -134.779
11.4503 90000139700000056 90000139700000055 90000139700000110 90000139700000054 1.20625808078 316.737 39.4206 -138.73
11.4572 90000139700000055 90000139700000054 90000139700000110 90000139700000053 1.15460271236 312.284 44.5935 -136.829
11.4609 90000139700000054 90000139700000053 90000139700000110 90000139700000052 1.11415056377 328.761 50.7157 -138.448
11.4735 90000139700000053 90000139700000052 90000139700000110 90000139700000051 1.07445789455 321.974 93.5269 -190.931
11.4761 90000139700000052 90000139700000051 90000139700000110 90000139700000050 1.03551044566 354.351 80.2009 -197.03
11.4866 90000139700000051 90000139700000050 90000139700000110 90000139700000049 0.997294225782 352.3 93.435 -188.968
11.4868 90000139700000050 90000139700000049 90000139700000110 90000139700000048 0.987852810816 335.819 101.636 -181.949
11.4904 90000139700000049 90000139700000048 90000139700000110 90000139700000047 0.950531351585 375.521 104.14 -211.811
11.4958 90000139700000048 90000139700000046 90000139700000110 90000139700000045 0.886896937575 385.475 130.193 -208.155
11.5003 90000139700000046 90000139700000045 90000139700000110 90000139700000044 0.851470900625 393.36 136.696 -225.12
11.5071 90000139700000045 90000139700000044 90000139700000110 90000139700000043 0.816709979012 404.389 137.807 -232.586
11.5105 90000139700000044 90000139700000043 90000139700000110 90000139700000042 0.791068248946 407.703 139.18 -232.068
11.5148 90000139700000043 90000139700000042 90000139700000110 90000139700000041 0.757441372616 411.86 154.476 -231.573
11.516 90000139700000042 90000139700000041 90000139700000110 90000139700000040 0.732636182022 406.147 157.298 -223.261
11.5222 90000139700000041 90000139700000040 90000139700000110 90000139700000039 0.700106353719 415.285 148.641 -219.756
11.5223 90000139700000040 90000139700000039 90000139700000110 90000139700000038 0.676110411213 409.172 152.342 -215.213
11.5329 90000139700000039 90000139700000038 90000139700000110 90000139700000037 0.644641840685 412.107 161.351 -219.974
11.5344 90000139700000038 90000139700000036 90000139700000110 90000139700000035 0.598543288188 411.868 140.946 -197.384
11.5346 90000139700000036 90000139700000035 90000139700000110 90000139700000034 0.575980845108 417.549 139.903 -191.928
11.5392 90000139700000035 90000139700000032 90000139700000110 90000139700000031 0.503047523245 384.314 123.242 -188.16
11.5435 90000139700000032 90000139700000030 90000139700000110 90000139700000029 0.460917794181 379.361 107.616 -177.188
11.5511 90000139700000030 90000139700000029 90000139700000110 90000139700000028 0.440297849248 358.273 96.5867 -176.306
11.5514 90000139700000029 90000139700000028 90000139700000110 90000139700000027 0.419968941997 342.386 103.268 -177.15
11.5551 90000139700000028 90000139700000027 90000139700000110 90000139700000026 0.399926964614 324.159 107.989 -169.198
11.5594 90000139700000027 90000139700000026 90000139700000110 90000139700000025 0.38016786726 301.631 102.411 -172.288
11.5672 90000139700000026 90000139700000025 90000139700000110 90000139700000024 0.360687657262 297.611 99.9834 -167.012
11.5692 90000139700000025 90000139700000024 90000139700000110 90000139700000023 0.347853841858 284.102 105.576 -165.841
11.5722 90000139700000024 90000139700000023 90000139700000110 90000139700000022 0.328829724206 300.082 101.5 -160.923
11.5754 90000139700000023 90000139700000022 90000139700000110 90000139700000021 0.310074120128 298.416 113.545 -160.534
11.5836 90000139700000022 90000139700000021 90000139700000110 90000139700000020 0.291583239722 306.349 106.8 -161.963
11.5861 90000139700000021 90000139700000020 90000139700000110 90000139700000019 0.273353346578 291.639 128.321 -174.716
11.5884 90000139700000020 90000139700000019 90000139700000110 90000139700000018 0.261343256161 307.885 129.241 -169.668
11.5916 90000139700000019 90000139700000018 90000139700000110 90000139700000017 0.243540181555 327.792 142.347 -170.582
11.5938 90000139700000018 90000139700000017 90000139700000110 90000139700000016 0.22598838626 336.494 147.65 -182.278
11.5972 90000139700000017 90000139700000016 90000139700000110 90000139700000015 0.214425035514 356.877 157.9 -187.846
11.5987 90000139700000016 90000139700000015 90000139700000110 90000139700000014 0.197284182376 365.48 175.072 -201.578
11.6018 90000139700000015 90000139700000014 90000139700000110 90000139700000013 0.180385261706 388.067 200.081 -204.311
11.6021 90000139700000014 90000139700000011 90000139700000110 90000139700000010 0.14187620397 417.748 197.662 -206.118
11.6065 90000139700000011 90000139700000009 90000139700000110 90000139700000008 0.109869940459 443.625 205.454 -203.347
11.6096 90000139700000009 90000139700000008 90000139700000110 90000139700000007 0.0994018026302 450.868 244.129 -214.56
11.6125 90000139700000008 90000139700000007 90000139700000110 90000139700000006 0.0838844307975 447.959 238.311 -216.276
11.6144 90000139700000007 90000139700000006 90000139700000110 90000139700000005 0.0736613846564 442.38 218.766 -208.893
11.6193 90000139700000006 90000139700000005 90000139700000110 90000139700000004 0.0585073227945 443.474 233.863 -213.289
11.6232 90000139700000005 90000139700000002 90000139700000110 90000139700000001 0.0239744283828 451.951 227.383 -213.991
11.6244 90000139700000002 90000139700000001 90000139700000110 90000139700000000 0.00952166696794 462.965 216.466 -203.208
11.6281 90000139700000001 90000139700000000 90000139700000110 -1 2.22044604925e-16 448.865 230.523 -209.929
9.01298 90000139700000133 90000139700000132 90000139700000136 90000139700000131 10.3674435724 2.94978 0.887177 1.06089
9.01614 90000139700000132 90000139700000129 90000139700000136 90000139700000128 9.38877127194 -0.486361 -0.500675 -3.1261
9.02548 90000139700000155 90000139700000154 90000139700000158 90000139700000153 10.9190331982 7.12456 -0.996031 1.10906
9.15042 90000139700000154 90000139700000153 90000139700000158 90000139700000152 10.3674435724 -8.70353 3.96096 5.74854
9.1663 90000139700000153 90000139700000151 90000139700000158 90000139700000150 9.84138043947 -3.6842 8.57695 -0.0946688
9.03763 90000139700000174 90000139700000173 90000139700000179 90000139700000172 9.38877127194 -6.36749 3.04006 -2.08289
9.10415 90000139700000229 90000139700000228 90000139700000229 90000139700000227 12.0418635439 -1.78475 2.32563 -4.67138
9.22845 90000139700000228 90000139700000227 90000139700000229 90000139700000226 11.4973879548 7.64578 2.08073 -5.51872
9.29457 90000139700000227 90000139700000226 90000139700000229 90000139700000225 10.9190331982 9.99018 5.57795 -3.19158
9.46621 90000139700000226 90000139700000224 90000139700000229 90000139700000223 9.99659046619 11.7746 1.24269 -1.45941
9.46733 90000139700000224 90000139700000223 90000139700000229 90000139700000222 9.84138043947 10.7183 6.95682 -4.0218
9.62908 90000139700000223 90000139700000222 90000139700000229 90000139700000221 9.38877127194 2.01965 -14.5359 0.345724
9.70234 90000139700000222 90000139700000221 90000139700000229 90000139700000220 9.00233985416 5.67237 -5.77255 -0.3789
9.10157 90000139700000272 90000139700000271 90000139700000272 90000139700000270 10.3674435724 6.93238 9.19274 1.00089
9.16407 90000139700000271 90000139700000270 90000139700000272 90000139700000269 9.99659046619 4.53452 1.52502 2.1254
9.22066 90000139700000270 90000139700000269 90000139700000272 90000139700000268 9.84138043947 3.2454 3.45311 2.85154
9.31083 90000139700000269 90000139700000268 90000139700000272 90000139700000267 9.38877127194 -0.249479 9.5677 1.55069
9.36199 90000139700000268 90000139700000261 90000139700000272 90000139700000260 7.00541704554 10.7405 -1.90514 -9.21832
9.21072 90000139700000414 90000139700000413 90000139700000420 90000139700000412 9.00233985416 6.35333 5.16136 12.2966
9.49326 90000139700000413 90000139700000412 90000139700000420 90000139700000411 8.9079991856 5.42007 12.8975 -1.71489
9.58723 90000139700000412 90000139700000411 90000139700000420 90000139700000410 8.44947629437 2.00878 9.85533 4.48699
9.65151 90000139700000411 90000139700000410 90000139700000420 90000139700000409 8.01217294887 2.05394 11.6139 2.04702
9.69317 90000139700000410 90000139700000409 90000139700000420 90000139700000408 7.59510714987 -0.0717588 11.22 1.17839
9.82173 90000139700000409 90000139700000408 90000139700000420 90000139700000407 7.23627606617 -7.75701 15.4931 17.2922
9.8697 90000139700000408 90000139700000407 90000139700000420 90000139700000406 7.00541704554 -9.27045 -8.86006 -0.413624
9.95035 90000139700000407 90000139700000405 90000139700000420 90000139700000404 6.49159774567 -23.504 -0.336654 29.3243
10.031 90000139700000405 90000139700000403 90000139700000420 90000139700000402 6.01075739884 -11.6429 5.49781 23.1545
10.0385 90000139700000403 90000139700000401 90000139700000420 90000139700000400 5.52976580795 -11.2306 -3.40387 12.9698
9.00337 90000139700000426 90000139700000425 90000139700000428 90000139700000424 10.3674435724 1.04864 1.70139 0.617513
9.02548 90000139700000425 90000139700000423 90000139700000428 90000139700000422 9.84138043947 3.02848 -4.10119 0.655931
9.08038 90000139700000423 90000139700000422 90000139700000428 90000139700000421 9.38877127194 -5.8334 9.64384 -2.09963
9.02855 90000139700000444 90000139700000443 90000139700000445 90000139700000442 10.9190331982 5.69844 -10.4206 -5.62728
9.05524 90000139700000555 90000139700000554 90000139700000568 90000139700000553 5.22758097313 -1.64671 3.54652 -2.33117
9.14811 90000139700000577 90000139700000576 90000139700000581 90000139700000575 4.17683491473 6.82482 -16.4223 -2.25066
9.01614 90000139700000597 90000139700000596 90000139700000603 90000139700000595 6.01075739884 6.11362 -8.13831 4.8405
9.18589 90000139700000596 90000139700000595 90000139700000603 90000139700000594 5.84661374788 -3.4019 -7.37465 -8.04338
9.23799 90000139700000595 90000139700000593 90000139700000603 90000139700000592 4.93938066349 5.14173 -1.03271 -11.8105
9.2828 90000139700000593 90000139700000592 90000139700000603 90000139700000591 4.66451770247 12.2886 -4.20531 -7.20027
9.72568 90000139700000592 90000139700000589 90000139700000603 90000139700000588 3.70877426464 -1.5002 4.50265 31.2693
9.51074 90000139700000630 90000139700000629 90000139700000640 90000139700000628 4.99593346816 -32.3365 44.1523 42.3394
9.07766 90000139700000712 90000139700000711 90000139700000715 90000139700000710 6.49159774567 -7.74941 4.37821 -1.28038
9.19013 90000139700000711 90000139700000710 90000139700000715 90000139700000709 6.14490120342 -10.7884 0.85168 1.82671
9.31401 90000139700000710 90000139700000709 90000139700000715 90000139700000708 6.01075739884 0.630693 -0.135262 12.6899
9.34902 90000139700000709 90000139700000708 90000139700000715 90000139700000707 5.84661374788 -3.27062 0.303141 5.6829
9.41784 90000139700000708 90000139700000707 90000139700000715 90000139700000706 5.52976580795 -0.435906 -3.07806 14.1091
9.48799 90000139700000707 90000139700000706 90000139700000715 90000139700000705 5.22758097313 -9.01033 23.1136 22.4676
9.54465 90000139700000706 90000139700000705 90000139700000715 90000139700000704 4.99593346816 -3.29436 23.5358 22.7237
9.62677 90000139700000705 90000139700000702 90000139700000715 90000139700000701 4.42803373661 0.0147934 24.6595 5.33452
9.93317 90000139700000702 90000139700000700 90000139700000715 90000139700000699 4.00794511147 -94.9558 5.24137 5.49574
9.03463 90000139700000898 90000139700000897 90000139700000913 90000139700000896 5.84661374788 3.98682 -7.66231 0.0386409
9.13394 90000139700000897 90000139700000896 90000139700000913 90000139700000895 5.52976580795 2.99638 -13.3033 -0.214083
9.31243 90000139700000896 90000139700000895 90000139700000913 90000139700000894 5.22758097313 25.4675 -27.4114 3.46874
9.02548 90000139700000940 90000139700000939 90000139700000956 90000139700000938 2.31611074396 31.0978 14.4554 -29.4232
9.04062 90000139700000939 90000139700000938 90000139700000956 90000139700000937 2.20792547238 28.6515 13.0986 -30.2631
9.08038 90000139700000938 90000139700000936 90000139700000956 90000139700000935 2.00202813925 15.0141 -0.167323 -27.291
9.13871 90000139700000992 90000139700000991 90000139700000997 90000139700000990 6.49159774567 1.58773 0.242455 4.38124
9.38681 90000139700000991 90000139700000990 90000139700000997 90000139700000989 6.14490120342 -2.05351 0.511569 0.0262346
9.47176 90000139700000990 90000139700000989 90000139700000997 90000139700000988 6.01075739884 0.655178 -7.32137 -17.0365
9.47615 90000139700000989 90000139700000988 90000139700000997 90000139700000987 5.84661374788 -0.692342 -4.91888 -11.0218
9.51175 90000139700000988 90000139700000987 90000139700000997 90000139700000986 5.52976580795 2.48527 -8.56866 -18.787
9.54372 90000139700000987 90000139700000986 90000139700000997 90000139700000985 5.22758097313 -2.07648 -10.8369 -14.6478
9.5629 90000139700000986 90000139700000985 90000139700000997 90000139700000984 4.99593346816 -5.75236 -11.3787 -6.56592
9.58553 90000139700000985 90000139700000984 90000139700000997 90000139700000983 4.93938066349 2.20717 -9.63286 -18.2967
9.70299 90000139700000984 90000139700000983 90000139700000997 90000139700000982 4.66451770247 -1.89699 1.00364 -15.5184
9.77003 90000139700000983 90000139700000982 90000139700000997 90000139700000981 4.42803373661 -11.4398 36.5761 13.7312
9.83721 90000139700000982 90000139700000981 90000139700000997 90000139700000980 4.17683491473 -12.4332 36.4318 12.852
9.87496 90000139700000981 90000139700000980 90000139700000997 90000139700000979 4.00794511147 -17.742 36.3013 12.5529
9.8933 90000139700000980 90000139700000979 90000139700000997 90000139700000978 3.93726108473 -18.3561 40.3216 13.0387
9.93164 90000139700000979 90000139700000978 90000139700000997 90000139700000977 3.70877426464 -8.15009 27.653 3.80697
9.96793 90000139700000978 90000139700000977 90000139700000997 90000139700000976 3.49086136926 -11.5888 28.6864 10.5054
10.0337 90000139700000977 90000139700000976 90000139700000997 90000139700000975 3.28303305796 -7.07607 13.2985 14.5804
10.1448 90000139700000976 90000139700000975 90000139700000997 90000139700000974 3.08482263583 -32.4521 7.62856 35.7007
10.1607 90000139700000975 90000139700000973 90000139700000997 90000139700000972 2.89578500573 -32.6627 -0.744297 31.4331
10.2222 90000139700000973 90000139700000972 90000139700000997 90000139700000971 2.73314261732 -24.188 9.86318 29.9068
10.2635 90000139700000972 90000139700000971 90000139700000997 90000139700000970 2.5772902716 -20.769 -11.3843 24.1707
9.04358 90000139700001066 90000139700001065 90000139700001074 90000139700001064 5.52976580795 -7.30948 2.96421 -4.26727
9.15502 90000139700001065 90000139700001064 90000139700001074 90000139700001063 5.22758097313 -13.4362 -3.83444 -6.91397
9.19223 90000139700001064 90000139700001062 90000139700001074 90000139700001061 4.93938066349 -9.85117 -4.95153 -13.6256
9.00012 90000139700001143 90000139700001142 90000139700001152 90000139700001141 6.49159774567 -2.45798 -3.64489 -4.19615
9.03463 90000139700001142 90000139700001141 90000139700001152 90000139700001140 6.14490120342 -1.98407 -1.17542 -3.86694
9.1663 90000139700001141 90000139700001140 90000139700001152 90000139700001139 6.01075739884 -1.97971 -3.54708 -2.88767
9.2361 90000139700001140 90000139700001139 90000139700001152 90000139700001138 5.84661374788 -0.258772 -6.82165 -3.35606
9.26365 90000139700001139 90000139700001137 90000139700001152 90000139700001136 5.22758097313 1.3416 -8.74986 -4.40205
9.28956 90000139700001137 90000139700001136 90000139700001152 90000139700001135 4.99593346816 0.616463 -9.52601 -2.87561
9.30602 90000139700001136 90000139700001135 90000139700001152 90000139700001134 4.93938066349 0.163127 -7.6153 -2.96179
9.3156 90000139700001135 90000139700001134 90000139700001152 90000139700001133 4.66451770247 -0.837306 -6.30681 -1.19617
9.33263 90000139700001134 90000139700001131 90000139700001152 90000139700001130 4.00794511147 -0.864966 -3.68194 -1.73023
9.01614 90000139700001194 90000139700001193 90000139700001209 90000139700001192 5.22758097313 -2.13978 0.000627932 -0.221952
9.02548 90000139700001193 90000139700001190 90000139700001209 90000139700001189 4.66451770247 -0.281389 -1.2801 -5.06522
9.05524 90000139700001190 90000139700001189 90000139700001209 90000139700001188 4.42803373661 0.176544 3.84085 -2.74361
9.08845 90000139700001189 90000139700001188 90000139700001209 90000139700001187 4.17683491473 -1.44551 8.72766 -0.143688
9.10926 90000139700001188 90000139700001187 90000139700001209 90000139700001186 4.00794511147 0.464291 7.86915 -4.14635
9.06096 90000139700001240 90000139700001239 90000139700001246 90000139700001238 4.00794511147 -19.8754 -6.38019 5.95228
9.07766 90000139700001239 90000139700001237 90000139700001246 90000139700001236 3.70877426464 -21.283 -4.05796 9.03317
9.01614 90000139700001290 90000139700001289 90000139700001299 90000139700001288 3.49086136926 -19.0585 -7.7823 3.94556
9.03763 90000139700001289 90000139700001283 90000139700001299 90000139700001282 2.5772902716 -14.6214 -7.59083 0.690994
9.04945 90000139700001283 90000139700001282 90000139700001299 90000139700001281 2.44422570455 -11.2987 -5.8034 -2.697
9.08309 90000139700001282 90000139700001281 90000139700001299 90000139700001280 2.31611074396 -10.7503 -6.09911 -0.835444
9.08845 90000139700001281 90000139700001280 90000139700001299 90000139700001279 2.20792547238 1.20122 -0.328046 1.07066
9.08845 90000139700001280 90000139700001278 90000139700001299 90000139700001277 2.00202813925 -1.4479 -1.4195 0.635036
9.17946 90000139700001450 90000139700001449 90000139700001456 90000139700001448 7.59510714987 10.9914 33.075 27.056
9.28788 90000139700001449 90000139700001448 90000139700001456 90000139700001447 7.23627606617 9.46682 25.9116 19.9533
9.39081 90000139700001448 90000139700001447 90000139700001456 90000139700001446 7.00541704554 4.89769 20.1672 22.4436
9.41534 90000139700001447 90000139700001445 90000139700001456 90000139700001444 6.49159774567 6.82312 21.9777 19.4616
9.48265 90000139700001445 90000139700001444 90000139700001456 90000139700001443 6.14490120342 5.51164 17.2588 16.8864
9.50771 90000139700001444 90000139700001442 90000139700001456 90000139700001441 5.84661374788 5.75902 14.2676 13.9959
9.61026 90000139700001442 90000139700001441 90000139700001456 90000139700001440 5.52976580795 13.7307 -5.42908 7.49569
9.64932 90000139700001441 90000139700001440 90000139700001456 90000139700001439 5.22758097313 14.5672 -8.82266 10.2952
9.65078 90000139700001440 90000139700001435 90000139700001456 90000139700001434 4.17683491473 1.67271 -3.63513 19.8847
9.69184 90000139700001435 90000139700001434 90000139700001456 90000139700001433 4.00794511147 4.17981 -6.91875 20.6681
9.71574 90000139700001434 90000139700001433 90000139700001456 90000139700001432 3.93726108473 8.29377 -9.91892 18.6456
9.78152 90000139700001433 90000139700001432 90000139700001456 90000139700001431 3.70877426464 5.15635 -10.9678 23.8376
9.83483 90000139700001432 90000139700001431 90000139700001456 90000139700001430 3.49086136926 5.7368 -8.92492 30.4814
9.90686 90000139700001431 90000139700001430 90000139700001456 90000139700001429 3.28303305796 7.3469 -4.86795 32.0963
9.93658 90000139700001430 90000139700001429 90000139700001456 90000139700001428 3.08482263583 4.88758 3.5669 40.8938
9.9463 90000139700001429 90000139700001428 90000139700001456 90000139700001427 3.00813107163 7.30559 0.093734 37.6661
9.96405 90000139700001428 90000139700001427 90000139700001456 90000139700001426 2.89578500573 7.892 -0.434157 40.232
9.97732 90000139700001427 90000139700001426 90000139700001456 90000139700001425 2.73314261732 7.36868 6.76565 40.8117
9.98075 90000139700001426 90000139700001425 90000139700001456 90000139700001424 2.5772902716 5.2471 9.51844 39.5786
9.99021 90000139700001425 90000139700001424 90000139700001456 90000139700001423 2.44422570455 -0.341106 12.7339 30.3762
10.0111 90000139700001424 90000139700001423 90000139700001456 90000139700001422 2.31611074396 3.16685 10.6148 26.4932
10.0276 90000139700001423 90000139700001417 90000139700001456 90000139700001416 1.74357057433 18.2951 -4.93225 34.0292
10.0385 90000139700001417 90000139700001415 90000139700001456 90000139700001414 1.60423452207 17.9404 -13.7382 39.1445
9.07492 90000139700001497 90000139700001496 90000139700001509 90000139700001495 6.01075739884 -5.28799 22.4055 0.496877
9.11431 90000139700001496 90000139700001495 90000139700001509 90000139700001494 5.84661374788 -2.71314 26.4643 6.51466
9.05524 90000139700001511 90000139700001510 90000139700001519 90000139700001496 6.14490120342 -9.43908 22.4322 3.76424
9.02548 90000139700001808 90000139700001807 90000139700001822 90000139700001806 5.84661374788 6.52784 2.98265 -1.93079
9.05235 90000139700001807 90000139700001806 90000139700001822 90000139700001805 5.52976580795 5.9876 0.626432 -0.345826
9.08038 90000139700001806 90000139700001805 90000139700001822 90000139700001804 5.22758097313 7.8347 1.51066 1.5639
9.09375 90000139700001805 90000139700001802 90000139700001822 90000139700001801 4.66451770247 8.90442 5.96194 -3.54409
9.14344 90000139700001802 90000139700001801 90000139700001822 90000139700001800 4.42803373661 6.22166 3.49492 -1.71899
9.1573 90000139700001801 90000139700001800 90000139700001822 90000139700001799 4.17683491473 -1.1294 -4.1196 9.21672
9.16407 90000139700001800 90000139700001799 90000139700001822 90000139700001798 4.00794511147 9.66115 5.65609 6.63571
9.17946 90000139700001799 90000139700001793 90000139700001822 90000139700001792 3.00813107163 8.12245 -2.37786 5.88735
9.02548 90000139700001978 90000139700001977 90000139700001983 90000139700001976 7.23627606617 -0.574237 -2.57746 -3.81261
9.0316 90000139700001977 90000139700001976 90000139700001983 90000139700001975 7.00541704554 -1.79951 -0.660773 -3.24475
9.04653 90000139700001976 90000139700001975 90000139700001983 90000139700001974 6.85511726265 -0.82038 -0.443682 -3.78419
9.13871 90000139700001975 90000139700001974 90000139700001983 90000139700001973 6.49159774567 2.21928 -2.94057 -1.19646
9.15042 90000139700001974 90000139700001973 90000139700001983 90000139700001972 6.14490120342 4.48328 -2.45075 -1.79695
9.1663 90000139700001973 90000139700001971 90000139700001983 90000139700001970 5.84661374788 0.891816 -4.78838 -1.39407
9.1663 90000139700001971 90000139700001970 90000139700001983 90000139700001969 5.52976580795 2.66097 -4.38644 -0.0666334
9.19848 90000139700001970 90000139700001965 90000139700001983 90000139700001964 4.42803373661 0.538232 -7.76525 0.216542
9.24362 90000139700001965 90000139700001964 90000139700001983 90000139700001963 4.17683491473 1.19756 -6.55067 0.303245
9.26187 90000139700001964 90000139700001960 90000139700001983 90000139700001959 3.49086136926 0.0529096 -8.64589 2.74538
9.28788 90000139700001960 90000139700001959 90000139700001983 90000139700001958 3.28303305796 0.65498 -9.9375 -1.64427
9.31083 90000139700001959 90000139700001958 90000139700001983 90000139700001957 3.08482263583 3.12936 -11.0614 -0.32146
9.34461 90000139700001958 90000139700001957 90000139700001983 90000139700001956 3.00813107163 3.69423 -11.8943 -4.12717
9.34902 90000139700001957 90000139700001955 90000139700001983 90000139700001954 2.73314261732 3.97286 -6.35519 -5.39951
