logMh | fpID | subhaloID | main leaf ID | descID |  z
9.05235 90000009800000097 90000009800000096 90000009800000099 90000009800000095 8.9079991856 -3.19451 0.342586 4.89016
9.14344 90000009800000096 90000009800000094 90000009800000099 90000009800000093 8.01217294887 -2.46895 -1.91061 3.36244
9.22845 90000009800000094 90000009800000093 90000009800000099 90000009800000092 7.59510714987 -4.20431 0.997477 1.53888
9.37595 90000009800000093 90000009800000092 90000009800000099 90000009800000091 7.23627606617 2.36135 4.88153 2.53145
9.42649 90000009800000092 90000009800000090 90000009800000099 90000009800000089 6.85511726265 1.90015 3.7078 4.45336
9.45145 90000009800000090 90000009800000089 90000009800000099 90000009800000088 6.49159774567 3.13357 5.02497 1.00605
9.48586 90000009800000089 90000009800000088 90000009800000099 90000009800000087 6.14490120342 4.3948 4.28365 2.98574
9.50363 90000009800000088 90000009800000087 90000009800000099 90000009800000086 6.01075739884 4.9756 4.07531 3.94616
9.55021 90000009800000087 90000009800000086 90000009800000099 90000009800000085 5.84661374788 2.68671 3.64359 0.432572
9.68717 90000009800000086 90000009800000085 90000009800000099 90000009800000084 5.52976580795 -1.9404 -10.5399 -10.1139
9.73178 90000009800000085 90000009800000084 90000009800000099 90000009800000083 5.22758097313 -3.85113 -8.4229 -9.84686
9.73178 90000009800000084 90000009800000083 90000009800000099 90000009800000082 4.99593346816 8.19963 -3.62592 0.593321
9.76501 90000009800000083 90000009800000082 90000009800000099 90000009800000081 4.93938066349 0.805435 0.436265 -2.30456
9.83435 90000009800000082 90000009800000081 90000009800000099 90000009800000080 4.66451770247 -3.3284 -1.35483 -5.86804
9.84893 90000009800000081 90000009800000080 90000009800000099 90000009800000079 4.42803373661 -7.59581 2.68755 -8.29088
9.8697 90000009800000080 90000009800000079 90000009800000099 90000009800000078 4.17683491473 -6.9137 1.74163 -2.96245
9.90686 90000009800000079 90000009800000078 90000009800000099 90000009800000077 4.00794511147 1.7209 3.25155 -4.38539
9.94667 90000009800000078 90000009800000077 90000009800000099 90000009800000076 3.93726108473 -8.29212 11.6116 -6.91237
10.0612 90000009800000077 90000009800000076 90000009800000099 90000009800000075 3.70877426464 -17.4252 26.1109 -15.4866
10.2588 90000009800000076 90000009800000075 90000009800000099 90000009800000074 3.49086136926 -3.01995 54.0434 -4.8577
10.3515 90000009800000075 90000009800000074 90000009800000099 90000009800000073 3.28303305796 0.453403 68.097 -6.87688
10.4612 90000009800000074 90000009800000073 90000009800000099 90000009800000072 3.08482263583 12.2178 75.2701 16.122
10.4713 90000009800000073 90000009800000072 90000009800000099 90000009800000071 3.00813107163 13.8806 74.2588 18.5377
10.5079 90000009800000072 90000009800000071 90000009800000099 90000009800000070 2.89578500573 36.1998 79.1438 41.3024
10.5265 90000009800000071 90000009800000070 90000009800000099 90000009800000069 2.73314261732 34.5462 69.3422 45.6449
10.551 90000009800000070 90000009800000069 90000009800000099 90000009800000068 2.5772902716 27.5562 51.0771 42.0566
10.5511 90000009800000069 90000009800000067 90000009800000099 90000009800000066 2.31611074396 37.3583 29.0656 49.9949
10.5597 90000009800000067 90000009800000065 90000009800000099 90000009800000064 2.1032696526 28.0771 7.53954 23.9046
10.5771 90000009800000065 90000009800000064 90000009800000099 90000009800000063 2.00202813925 27.4073 0.803129 13.4626
10.5912 90000009800000064 90000009800000062 90000009800000099 90000009800000061 1.82268925262 7.29988 21.3528 8.23703
10.6214 90000009800000062 90000009800000061 90000009800000099 90000009800000060 1.74357057433 9.5755 7.42012 4.89454
10.6317 90000009800000061 90000009800000060 90000009800000099 90000009800000059 1.66666955611 24.4519 3.02276 8.22704
10.6426 90000009800000060 90000009800000059 90000009800000099 90000009800000058 1.60423452207 16.5918 16.3425 10.5245
10.6539 90000009800000059 90000009800000058 90000009800000099 90000009800000057 1.53123902916 43.498 12.5632 20.2096
10.668 90000009800000058 90000009800000056 90000009800000099 90000009800000055 1.41409822037 72.743 13.4731 48.8127
10.6723 90000009800000056 90000009800000055 90000009800000099 90000009800000054 1.3575766674 79.0365 16.4736 56.264
10.6779 90000009800000055 90000009800000054 90000009800000099 90000009800000053 1.30237845991 61.8203 19.9724 65.8387
10.6936 90000009800000054 90000009800000053 90000009800000099 90000009800000052 1.24847261425 67.4462 15.2475 65.7637
10.7118 90000009800000053 90000009800000052 90000009800000099 90000009800000051 1.20625808078 74.3142 18.1361 79.5256
10.7437 90000009800000052 90000009800000051 90000009800000099 90000009800000050 1.15460271236 85.289 15.3999 114.75
10.7996 90000009800000051 90000009800000048 90000009800000099 90000009800000047 1.03551044566 169.829 -31.3612 226.339
10.9112 90000009800000048 90000009800000047 90000009800000099 90000009800000046 0.997294225782 241.95 -50.1884 650.343
11.1447 90000009800000047 90000009800000040 90000009800000099 90000009800000039 0.791068248946 343.425 109.748 566.209
11.1843 90000009800000040 90000009800000039 90000009800000099 90000009800000038 0.757441372616 309.446 63.4372 535.306
11.2252 90000009800000039 90000009800000038 90000009800000099 90000009800000037 0.732636182022 269.056 74.7419 502.581
11.2832 90000009800000038 90000009800000037 90000009800000099 90000009800000036 0.700106353719 240.681 81.0606 352.037
11.3334 90000009800000037 90000009800000033 90000009800000099 90000009800000032 0.575980845108 177.762 100.248 311.4
11.3345 90000009800000033 90000009800000032 90000009800000099 90000009800000031 0.546392183141 185.62 103.34 302.903
11.3461 90000009800000032 90000009800000031 90000009800000099 90000009800000030 0.524565820434 184.579 93.3478 278.063
11.3707 90000009800000031 90000009800000030 90000009800000099 90000009800000029 0.503047523245 208.699 55.6154 233.862
11.3883 90000009800000030 90000009800000029 90000009800000099 90000009800000028 0.481832943421 242.099 52.6222 217.175
11.391 90000009800000029 90000009800000009 90000009800000099 90000009800000008 0.109869940459 92.268 -2.93166 87.3453
11.3942 90000009800000009 90000009800000008 90000009800000099 90000009800000007 0.0994018026302 83.941 -15.036 90.1665
11.4018 90000009800000008 90000009800000007 90000009800000099 90000009800000006 0.0838844307975 73.6397 -23.4831 71.999
11.4051 90000009800000007 90000009800000006 90000009800000099 90000009800000005 0.0736613846564 74.1211 -30.3137 63.9772
11.4089 90000009800000006 90000009800000005 90000009800000099 90000009800000004 0.0585073227945 71.5908 -46.703 60.8072
11.4102 90000009800000005 90000009800000004 90000009800000099 90000009800000003 0.0485236299818 72.6441 -30.5812 57.3394
11.4166 90000009800000004 90000009800000003 90000009800000099 90000009800000002 0.0337243718735 100.283 -32.8835 73.8871
11.4169 90000009800000003 90000009800000002 90000009800000099 90000009800000001 0.0239744283828 102.843 -34.9684 78.1651
11.4236 90000009800000002 90000009800000001 90000009800000099 90000009800000000 0.00952166696794 107.635 -31.5778 72.3401
11.4254 90000009800000001 90000009800000000 90000009800000099 -1 2.22044604925e-16 107.213 -40.9236 64.1014
9.01614 90000009800000146 90000009800000145 90000009800000156 90000009800000144 3.93726108473 8.30608 -3.85552 -5.02752
9.0316 90000009800000193 90000009800000192 90000009800000197 90000009800000191 9.00233985416 -6.08316 0.913845 -4.02769
9.29622 90000009800000192 90000009800000188 90000009800000197 90000009800000187 7.59510714987 -5.83036 2.15232 -1.52444
9.32497 90000009800000188 90000009800000187 90000009800000197 90000009800000186 7.23627606617 -6.54684 5.36906 -4.3195
9.39346 90000009800000187 90000009800000186 90000009800000197 90000009800000185 7.00541704554 -6.44373 3.79627 -6.09057
9.39346 90000009800000186 90000009800000185 90000009800000197 90000009800000184 6.85511726265 -7.55838 4.45236 -5.53544
9.44093 90000009800000185 90000009800000184 90000009800000197 90000009800000183 6.49159774567 -7.03645 -0.0787397 -5.66176
9.4964 90000009800000184 90000009800000183 90000009800000197 90000009800000182 6.14490120342 -3.87132 1.12744 -6.64016
9.52462 90000009800000183 90000009800000182 90000009800000197 90000009800000181 6.01075739884 -4.17235 1.43341 -5.46502
9.56911 90000009800000182 90000009800000181 90000009800000197 90000009800000180 5.84661374788 -3.38436 -1.85392 -7.45447
9.63061 90000009800000181 90000009800000180 90000009800000197 90000009800000179 5.52976580795 4.35697 -3.62794 -11.6362
9.64785 90000009800000180 90000009800000179 90000009800000197 90000009800000178 5.22758097313 5.48432 -0.927639 -15.6377
9.67972 90000009800000179 90000009800000178 90000009800000197 90000009800000177 4.99593346816 7.08637 -7.10366 -17.3663
9.70234 90000009800000178 90000009800000177 90000009800000197 90000009800000176 4.93938066349 7.49935 -5.53391 -16.2793
9.7342 90000009800000177 90000009800000176 90000009800000197 90000009800000175 4.66451770247 0.764825 -2.76157 -16.6488
9.7519 90000009800000176 90000009800000175 90000009800000197 90000009800000174 4.42803373661 -1.13987 0.92485 -17.8295
9.75936 90000009800000175 90000009800000174 90000009800000197 90000009800000173 4.17683491473 -2.68018 0.410628 -17.1772
9.82272 90000009800000174 90000009800000173 90000009800000197 90000009800000172 4.00794511147 2.99984 5.52401 -27.3118
9.0098 90000009800000219 90000009800000218 90000009800000225 90000009800000217 6.01075739884 0.182595 -0.520758 -1.24909
9.05235 90000009800000218 90000009800000217 90000009800000225 90000009800000216 5.84661374788 1.19145 -1.51022 -1.72737
9.07216 90000009800000217 90000009800000216 90000009800000225 90000009800000215 5.52976580795 3.09104 0.424634 -1.27839
9.16182 90000009800000216 90000009800000215 90000009800000225 90000009800000214 5.22758097313 -3.40402 -2.7659 -0.207986
9.17073 90000009800000215 90000009800000214 90000009800000225 90000009800000213 4.99593346816 -0.480518 0.195476 -2.3926
9.19433 90000009800000214 90000009800000213 90000009800000225 90000009800000212 4.93938066349 -2.88668 -1.49541 -0.682862
9.22457 90000009800000213 90000009800000212 90000009800000225 90000009800000211 4.66451770247 -5.57422 0.440713 -0.060508
9.41659 90000009800000212 90000009800000210 90000009800000225 90000009800000209 4.17683491473 27.5831 1.26452 -1.56015
9.50158 90000009800000210 90000009800000209 90000009800000225 90000009800000208 4.00794511147 34.6422 -4.49061 7.45161
9.56468 90000009800000209 90000009800000208 90000009800000225 90000009800000207 3.93726108473 31.3404 -6.78076 12.2932
9.63593 90000009800000208 90000009800000207 90000009800000225 90000009800000206 3.70877426464 26.2959 -11.8841 15.8591
9.04358 90000009800000303 90000009800000302 90000009800000313 90000009800000301 3.49086136926 -0.061204 -2.66293 9.42736
9.08578 90000009800000302 90000009800000301 90000009800000313 90000009800000300 3.28303305796 1.42891 -3.37611 11.6394
9.15502 90000009800000301 90000009800000300 90000009800000313 90000009800000299 3.08482263583 -1.61391 -2.34375 9.22622
9.30115 90000009800000300 90000009800000299 90000009800000313 90000009800000298 3.00813107163 -3.40845 13.0416 -5.63661
9.29622 90000009800000350 90000009800000349 90000009800000362 90000009800000348 3.08482263583 9.58651 -13.2818 6.36082
9.32497 90000009800000349 90000009800000348 90000009800000362 90000009800000347 3.00813107163 7.32156 -11.5938 4.43331
9.41156 90000009800000348 90000009800000347 90000009800000362 90000009800000346 2.89578500573 11.2017 -10.0936 11.2576
9.08845 90000009800000369 90000009800000368 90000009800000377 90000009800000367 3.93726108473 11.2434 -10.3157 -12.406
9.22457 90000009800000368 90000009800000367 90000009800000377 90000009800000366 3.70877426464 13.5768 -2.58483 -4.52921
9.06096 90000009800000430 90000009800000429 90000009800000444 90000009800000428 3.28303305796 -3.34946 -3.14119 3.5109
9.07766 90000009800000429 90000009800000428 90000009800000444 90000009800000427 3.08482263583 -2.80997 0.524862 -0.80166
9.08578 90000009800000428 90000009800000427 90000009800000444 90000009800000426 3.00813107163 -1.83252 -0.11731 -0.873667
9.09375 90000009800000427 90000009800000425 90000009800000444 90000009800000424 2.73314261732 -4.26355 -0.0533945 -0.964849
9.10415 90000009800000425 90000009800000423 90000009800000444 90000009800000422 2.44422570455 -5.81835 0.552198 0.784512
9.10671 90000009800000423 90000009800000422 90000009800000444 90000009800000421 2.31611074396 -4.071 -1.6671 -4.70509
9.12424 90000009800000422 90000009800000421 90000009800000444 90000009800000420 2.20792547238 -5.35375 -3.687 0.299676
9.14811 90000009800000421 90000009800000420 90000009800000444 90000009800000419 2.1032696526 -6.81563 -0.386741 3.7437
9.1573 90000009800000420 90000009800000419 90000009800000444 90000009800000418 2.00202813925 -6.14064 -1.2171 3.79516
9.19641 90000009800000419 90000009800000412 90000009800000444 90000009800000411 1.47197484527 -0.474697 -3.13632 -2.3252
9.21072 90000009800000412 90000009800000411 90000009800000444 90000009800000410 1.41409822037 4.47008 -8.31618 -8.42108
9.21869 90000009800000411 90000009800000410 90000009800000444 90000009800000409 1.3575766674 1.05301 -5.10033 -7.77012
9.38815 90000009800000410 90000009800000409 90000009800000444 90000009800000408 1.30237845991 30.0004 -33.555 -14.688
9.41029 90000009800000409 90000009800000408 90000009800000444 90000009800000407 1.24847261425 28.3149 -33.9789 -7.95274
11.3321 90000009800000477 90000009800000476 90000009800000507 90000009800000475 0.621428745243 194.175 88.1707 298.8
11.3324 90000009800000476 90000009800000475 90000009800000507 90000009800000033 0.598543288188 191.073 116.184 327.558
9.11431 90000009800000626 90000009800000625 90000009800000634 90000009800000624 5.22758097313 6.85583 22.592 9.00071
9.16182 90000009800000625 90000009800000624 90000009800000634 90000009800000623 4.99593346816 3.49735 18.7259 8.55379
9.16182 90000009800000624 90000009800000623 90000009800000634 90000009800000622 4.93938066349 4.44638 19.5929 9.81289
9.17073 90000009800000623 90000009800000622 90000009800000634 90000009800000621 4.66451770247 1.23803 18.6566 8.33566
9.20055 90000009800000622 90000009800000621 90000009800000634 90000009800000620 4.42803373661 1.42146 16.6561 8.90933
9.26008 90000009800000621 90000009800000620 90000009800000634 90000009800000619 4.17683491473 0.880698 17.3009 1.89587
9.26365 90000009800000620 90000009800000618 90000009800000634 90000009800000617 3.93726108473 1.62036 14.7468 -0.740663
9.2811 90000009800000618 90000009800000616 90000009800000634 90000009800000615 3.49086136926 3.99947 13.9702 -0.822667
9.31874 90000009800000616 90000009800000614 90000009800000634 90000009800000613 3.08482263583 8.52553 28.6368 2.64854
9.40001 90000009800000614 90000009800000613 90000009800000634 90000009800000612 3.00813107163 6.09199 30.2802 -1.92567
9.51175 90000009800000613 90000009800000612 90000009800000634 90000009800000611 2.89578500573 24.2853 44.4342 -30.1402
9.54836 90000009800000612 90000009800000611 90000009800000634 90000009800000610 2.73314261732 13.3971 50.2095 -26.1145
9.55113 90000009800000611 90000009800000610 90000009800000634 90000009800000609 2.5772902716 14.4182 49.4424 -22.8532
9.59477 90000009800000610 90000009800000609 90000009800000634 90000009800000608 2.44422570455 12.8167 49.6461 -29.2901
9.60543 90000009800000609 90000009800000607 90000009800000634 90000009800000606 2.20792547238 10.8493 55.2721 -30.4339
9.71259 90000009800000607 90000009800000606 90000009800000634 90000009800000605 2.1032696526 -8.75248 50.7033 -33.8251
9.8517 90000009800000606 90000009800000604 90000009800000634 90000009800000603 1.90408954353 -36.6474 97.0557 -41.1802
9.94408 90000009800000604 90000009800000601 90000009800000634 90000009800000600 1.66666955611 -32.1873 101.685 -35.1194
11.4036 90000009800000601 90000009800000567 90000009800000634 90000009800000025 0.419968941997 271.947 44.129 188.233
9.01928 90000009800000698 90000009800000697 90000009800000710 90000009800000696 4.42803373661 -5.10344 3.33225 -9.23018
9.0666 90000009800000697 90000009800000696 90000009800000710 90000009800000695 4.17683491473 -4.22296 4.12779 -6.00775
9.1193 90000009800000696 90000009800000695 90000009800000710 90000009800000694 4.00794511147 -7.25202 1.56179 -9.31041
9.13634 90000009800000695 90000009800000693 90000009800000710 90000009800000692 3.70877426464 -6.01966 0.719489 -1.98771
9.23799 90000009800000693 90000009800000692 90000009800000710 90000009800000691 3.49086136926 -7.25961 2.74039 0.553979
9.25284 90000009800000692 90000009800000691 90000009800000710 90000009800000690 3.28303305796 -9.19904 2.42616 0.793691
9.30923 90000009800000691 90000009800000690 90000009800000710 90000009800000689 3.08482263583 -10.8486 7.12259 3.19996
9.32342 90000009800000690 90000009800000689 90000009800000710 90000009800000688 3.00813107163 -9.65966 3.03855 1.74551
9.35914 90000009800000689 90000009800000688 90000009800000710 90000009800000687 2.89578500573 -13.3851 8.21841 2.29146
9.39478 90000009800000688 90000009800000686 90000009800000710 90000009800000685 2.5772902716 -11.2374 2.51195 -4.0292
9.43015 90000009800000686 90000009800000685 90000009800000710 90000009800000684 2.44422570455 -13.6631 2.55516 -4.03637
9.46397 90000009800000685 90000009800000683 90000009800000710 90000009800000682 2.20792547238 -22.3478 -4.09336 -13.2626
9.51873 90000009800000683 90000009800000682 90000009800000710 90000009800000681 2.1032696526 -23.9462 14.1786 -18.8654
9.58298 90000009800000682 90000009800000681 90000009800000710 90000009800000680 2.00202813925 -22.9233 8.8179 -18.9829
9.5931 90000009800000681 90000009800000680 90000009800000710 90000009800000679 1.90408954353 -25.1411 25.6232 -29.5089
9.62677 90000009800000680 90000009800000678 90000009800000710 90000009800000677 1.74357057433 -20.4232 43.4165 -21.7955
9.65658 90000009800000678 90000009800000677 90000009800000710 90000009800000676 1.66666955611 -23.2192 38.5917 -22.0312
9.6756 90000009800000677 90000009800000676 90000009800000710 90000009800000675 1.60423452207 -9.58559 45.9604 -14.2762
9.04358 90000009800000810 90000009800000809 90000009800000820 90000009800000808 7.59510714987 -5.70714 4.00009 1.65869
9.13154 90000009800000809 90000009800000808 90000009800000820 90000009800000807 7.23627606617 -6.49128 5.21639 0.942829
9.17073 90000009800000808 90000009800000807 90000009800000820 90000009800000806 7.00541704554 -6.96229 2.18816 1.38588
9.24733 90000009800000807 90000009800000806 90000009800000820 90000009800000805 6.85511726265 -3.18121 5.95379 -2.95118
9.38547 90000009800000806 90000009800000805 90000009800000820 90000009800000804 6.49159774567 -7.51422 7.57765 -0.38321
9.56111 90000009800000805 90000009800000803 90000009800000820 90000009800000802 6.01075739884 -9.32929 -1.39307 -1.1356
9.70941 90000009800000803 90000009800000802 90000009800000820 90000009800000801 5.84661374788 3.83539 -24.07 1.60046
9.78368 90000009800000802 90000009800000801 90000009800000820 90000009800000800 5.52976580795 2.04201 -21.5005 2.79475
9.87278 90000009800000801 90000009800000800 90000009800000820 90000009800000799 5.22758097313 1.97303 -15.5653 14.4554
9.92742 90000009800000800 90000009800000799 90000009800000820 90000009800000798 4.99593346816 8.73884 -20.3171 -1.13228
9.9463 90000009800000799 90000009800000797 90000009800000820 90000009800000796 4.66451770247 5.65963 -16.9581 -4.28096
9.95508 90000009800000797 90000009800000796 90000009800000820 90000009800000795 4.42803373661 -0.0254058 -21.7083 -3.4901
10.004 90000009800000796 90000009800000795 90000009800000820 90000009800000794 4.17683491473 -7.241 -17.3754 -18.9058
10.0855 90000009800000795 90000009800000794 90000009800000820 90000009800000793 4.00794511147 -25.6437 -30.9586 -0.572711
10.181 90000009800000794 90000009800000792 90000009800000820 90000009800000791 3.70877426464 -27.687 -34.4135 6.18392
10.3271 90000009800000792 90000009800000791 90000009800000820 90000009800000790 3.49086136926 -31.4115 -37.4118 -4.143
10.3877 90000009800000791 90000009800000790 90000009800000820 90000009800000789 3.28303305796 -16.5533 -39.358 -3.44753
10.4433 90000009800000790 90000009800000789 90000009800000820 90000009800000788 3.08482263583 -10.5309 -51.8515 -23.4671
10.4661 90000009800000789 90000009800000788 90000009800000820 90000009800000787 3.00813107163 -7.74032 -46.8425 -25.9049
10.4725 90000009800000788 90000009800000785 90000009800000820 90000009800000784 2.5772902716 -23.7361 -28.9861 -14.7896
10.4745 90000009800000785 90000009800000780 90000009800000820 90000009800000779 2.00202813925 -38.3146 -22.6442 4.27527
10.4917 90000009800000780 90000009800000779 90000009800000820 90000009800000778 1.90408954353 -39.1896 -32.8565 -2.8213
10.4944 90000009800000779 90000009800000778 90000009800000820 90000009800000777 1.82268925262 -28.7604 -19.5004 -1.43022
10.4968 90000009800000778 90000009800000777 90000009800000820 90000009800000776 1.74357057433 -25.2225 -18.8787 -7.44818
10.513 90000009800000777 90000009800000776 90000009800000820 90000009800000775 1.66666955611 -17.9451 -21.1127 -8.28439
10.5164 90000009800000776 90000009800000775 90000009800000820 90000009800000774 1.60423452207 -23.9036 -11.7127 2.90258
10.6962 90000009800000775 90000009800000769 90000009800000820 90000009800000768 1.24847261425 -13.516 -67.6883 -175.145
10.8816 90000009800000769 90000009800000767 90000009800000820 90000009800000766 1.15460271236 37.8025 -239.33 -545.931
10.9435 90000009800000767 90000009800000766 90000009800000820 90000009800000765 1.11415056377 37.7492 -220.309 -552.099
10.9439 90000009800000766 90000009800000765 90000009800000820 90000009800000764 1.07445789455 33.2155 -224.418 -539.625
10.9519 90000009800000765 90000009800000764 90000009800000820 90000009800000763 1.03551044566 33.0547 -206.24 -540.354
10.9617 90000009800000764 90000009800000763 90000009800000820 90000009800000762 0.997294225782 36.217 -210.441 -571.126
10.9729 90000009800000763 90000009800000762 90000009800000820 90000009800000761 0.987852810816 36.4538 -210.021 -573.271
10.9858 90000009800000762 90000009800000761 90000009800000820 90000009800000760 0.950531351585 27.0426 -212.873 -591.11
11.0054 90000009800000761 90000009800000760 90000009800000820 90000009800000759 0.923000816178 26.773 -218.876 -603.979
11.0065 90000009800000760 90000009800000759 90000009800000820 90000009800000758 0.886896937575 31.7097 -217.369 -589.197
11.359 90000009800000759 90000009800000752 90000009800000820 90000009800000751 0.676110411213 290.248 15.0423 172.737
11.3915 90000009800000752 90000009800000751 90000009800000820 90000009800000750 0.644641840685 258.879 47.1636 199.822
11.4034 90000009800000751 90000009800000742 90000009800000820 90000009800000741 0.440297849248 301.981 46.5028 189.4
11.4108 90000009800000742 90000009800000740 90000009800000820 90000009800000739 0.399926964614 283.073 51.3495 193.717
9.01928 90000009800000849 90000009800000848 90000009800000856 90000009800000847 8.01217294887 5.76161 1.39769 5.80016
9.14344 90000009800000848 90000009800000847 90000009800000856 90000009800000846 7.59510714987 17.2262 2.73919 9.94443
9.17946 90000009800000847 90000009800000846 90000009800000856 90000009800000845 7.23627606617 13.8463 -0.454054 7.93675
9.29622 90000009800000846 90000009800000845 90000009800000856 90000009800000844 7.00541704554 7.43249 3.8114 6.01451
9.50567 90000009800000845 90000009800000842 90000009800000856 90000009800000841 6.14490120342 6.10648 -20.4434 7.58446
9.08578 90000009800000890 90000009800000889 90000009800000903 90000009800000888 5.22758097313 4.02135 3.10245 -1.67509
9.11431 90000009800000889 90000009800000888 90000009800000903 90000009800000887 4.99593346816 4.94154 -3.55942 -5.58634
9.20055 90000009800000888 90000009800000887 90000009800000903 90000009800000886 4.93938066349 4.8987 -0.404367 -4.01033
9.24175 90000009800000887 90000009800000886 90000009800000903 90000009800000885 4.66451770247 4.55896 3.35112 -1.28658
9.31243 90000009800000886 90000009800000885 90000009800000903 90000009800000884 4.42803373661 8.52345 -0.717541 -2.31756
9.35048 90000009800000885 90000009800000884 90000009800000903 90000009800000883 4.17683491473 4.75244 0.882558 -4.77725
9.37319 90000009800000884 90000009800000882 90000009800000903 90000009800000881 3.93726108473 2.63777 5.1172 -0.412602
9.07216 90000009800000927 90000009800000926 90000009800000937 90000009800000925 6.14490120342 -0.205788 7.73921 1.96031
9.14344 90000009800000926 90000009800000925 90000009800000937 90000009800000924 6.01075739884 -0.313024 7.42102 5.51605
9.14811 90000009800000925 90000009800000924 90000009800000937 90000009800000923 5.84661374788 -1.27354 3.51624 6.73847
9.15273 90000009800000924 90000009800000921 90000009800000937 90000009800000920 4.99593346816 0.326101 5.85163 3.99036
9.16407 90000009800000921 90000009800000920 90000009800000937 90000009800000919 4.93938066349 1.04955 4.25385 5.60707
9.21671 90000009800000920 90000009800000919 90000009800000937 90000009800000918 4.66451770247 -2.50294 5.27166 4.0444
9.23229 90000009800000919 90000009800000917 90000009800000937 90000009800000916 4.17683491473 -1.02992 8.8746 4.97155
9.11431 90000009800000950 90000009800000949 90000009800000958 90000009800000948 4.42803373661 -9.24602 2.98195 5.40342
9.04945 90000009800000975 90000009800000974 90000009800000987 90000009800000973 4.00794511147 4.9897 9.55653 -13.6597
9.06939 90000009800000974 90000009800000971 90000009800000987 90000009800000970 3.49086136926 8.04534 8.70051 -8.43468
9.02239 90000009800001065 90000009800001064 90000009800001074 90000009800001063 5.22758097313 -16.5559 3.14624 2.05995
9.24918 90000009800001064 90000009800001063 90000009800001074 90000009800001062 4.99593346816 9.61048 11.1334 24.9595
9.26187 90000009800001063 90000009800001062 90000009800001074 90000009800001061 4.93938066349 10.4551 11.2233 23.0759
9.33866 90000009800001062 90000009800001061 90000009800001074 90000009800001060 4.66451770247 1.47822 5.74924 29.7172
9.39346 90000009800001061 90000009800001060 90000009800001074 90000009800001059 4.42803373661 -2.04411 14.3017 23.0474
9.55021 90000009800001060 90000009800001059 90000009800001074 90000009800001058 4.17683491473 -1.55007 6.04135 30.9051
9.6838 90000009800001059 90000009800001057 90000009800001074 90000009800001056 3.70877426464 1.58406 22.7522 13.452
9.95508 90000009800001057 90000009800001055 90000009800001074 90000009800001054 3.28303305796 -16.8881 23.0042 1.64651
10.11 90000009800001055 90000009800001054 90000009800001074 90000009800001053 3.08482263583 -5.99376 1.56407 -12.0106
10.1298 90000009800001054 90000009800001053 90000009800001074 90000009800001052 2.89578500573 24.9446 -12.1329 -28.5623
10.2053 90000009800001053 90000009800001052 90000009800001074 90000009800001051 2.73314261732 27.5174 -23.0726 -37.7231
10.2418 90000009800001052 90000009800001051 90000009800001074 90000009800001050 2.5772902716 15.9276 -18.6029 -33.7724
10.2974 90000009800001051 90000009800001050 90000009800001074 90000009800001049 2.44422570455 22.3223 -25.3438 -46.2756
10.336 90000009800001050 90000009800001049 90000009800001074 90000009800001048 2.31611074396 28.2037 -23.6669 -62.8799
10.3911 90000009800001049 90000009800001048 90000009800001074 90000009800001047 2.20792547238 14.1806 -14.0041 -113.249
10.3987 90000009800001048 90000009800001047 90000009800001074 90000009800001046 2.1032696526 49.7489 -18.8186 -61.5276
10.4711 90000009800001047 90000009800001046 90000009800001074 90000009800001045 2.00202813925 25.5557 -25.3613 -102.096
10.5082 90000009800001046 90000009800001044 90000009800001074 90000009800001043 1.82268925262 37.3909 -51.399 -176.954
10.5609 90000009800001044 90000009800001040 90000009800001074 90000009800001039 1.53123902916 50.8439 -136.954 -324.674
10.6101 90000009800001040 90000009800001038 90000009800001074 90000009800001037 1.41409822037 74.0851 -143.911 -345.5
10.6646 90000009800001038 90000009800001036 90000009800001074 90000009800001035 1.30237845991 57.1099 -138.404 -358.606
10.7225 90000009800001036 90000009800001034 90000009800001074 90000009800000766 1.20625808078 39.0949 -153.204 -398.558
9.20464 90000009800001106 90000009800001105 90000009800001117 90000009800001104 5.22758097313 -14.6402 -7.35999 -2.53864
9.23799 90000009800001105 90000009800001104 90000009800001117 90000009800001103 4.99593346816 -11.7111 -2.76338 -3.87709
9.34461 90000009800001104 90000009800001103 90000009800001117 90000009800001102 4.93938066349 -6.56287 11.1827 -8.00754
9.43136 90000009800001103 90000009800001102 90000009800001117 90000009800001101 4.66451770247 -0.872117 12.734 -3.9846
9.09111 90000009800001186 90000009800001185 90000009800001198 90000009800001184 4.42803373661 10.5087 12.0816 -9.37573
9.24548 90000009800001185 90000009800001184 90000009800001198 90000009800001183 4.17683491473 5.53697 4.4497 -12.6552
9.12668 90000009800001248 90000009800001247 90000009800001265 90000009800001246 3.70877426464 -0.0509525 -1.89198 7.46061
9.14344 90000009800001247 90000009800001246 90000009800001265 90000009800001245 3.49086136926 0.131937 2.85899 2.14075
9.20464 90000009800001246 90000009800001245 90000009800001265 90000009800001244 3.28303305796 19.7563 -4.5816 12.4074
9.02239 90000009800001338 90000009800001337 90000009800001351 90000009800001336 4.00794511147 -0.855549 -2.0443 -0.910703
9.02239 90000009800001397 90000009800001396 90000009800001412 90000009800001395 3.70877426464 -12.2809 -11.3626 -4.80978
9.08845 90000009800001396 90000009800001395 90000009800001412 90000009800001394 3.49086136926 -14.5322 -9.74676 -5.72252
9.2672 90000009800001395 90000009800001394 90000009800001412 90000009800001393 3.28303305796 -12.7727 -18.6855 14.3375
9.32805 90000009800001394 90000009800001393 90000009800001412 90000009800001392 3.08482263583 -20.2545 -9.14288 12.8912
9.34461 90000009800001393 90000009800001392 90000009800001412 90000009800001391 3.00813107163 -20.4624 -5.48096 7.22607
9.38277 90000009800001392 90000009800001390 90000009800001412 90000009800001389 2.73314261732 -3.35872 12.0858 -6.68317
9.40131 90000009800001390 90000009800001389 90000009800001412 90000009800001388 2.5772902716 -15.2027 0.521264 -0.658531
9.56557 90000009800001389 90000009800001387 90000009800001412 90000009800001386 2.31611074396 1.30282 24.7768 1.80237
9.87278 90000009800001387 90000009800001381 90000009800001412 90000009800001380 1.74357057433 -37.0116 107.386 -30.1826
9.0316 90000009800001465 90000009800001464 90000009800001471 90000009800001463 3.70877426464 -2.8728 -9.21951 18.5723
9.18802 90000009800001464 90000009800001463 90000009800001471 90000009800001462 3.49086136926 -13.5789 -20.7282 28.4681
9.08038 90000009800001478 90000009800001477 90000009800001483 90000009800001476 3.28303305796 -2.03431 -13.7112 17.4245
9.34313 90000009800001520 90000009800001519 90000009800001521 90000009800001518 1.07445789455 -1.10944 -0.512584 -13.2861
9.39346 90000009800001519 90000009800001518 90000009800001521 90000009800001517 1.03551044566 -0.296921 1.36056 -19.4751
9.51275 90000009800001518 90000009800001517 90000009800001521 90000009800001516 0.997294225782 4.74922 0.952444 -9.81677
9.06939 90000009800001634 90000009800001633 90000009800001639 90000009800001632 9.00233985416 3.95935 -1.98411 3.92371
9.07766 90000009800001633 90000009800001632 90000009800001639 90000009800001631 8.9079991856 3.79359 -3.19833 3.00003
9.17512 90000009800001632 90000009800001630 90000009800001639 90000009800001629 8.01217294887 2.80752 1.31417 1.53223
9.19013 90000009800001630 90000009800001629 90000009800001639 90000009800001628 7.59510714987 1.86049 1.84483 3.22923
9.2672 90000009800001629 90000009800001628 90000009800001639 90000009800001627 7.23627606617 2.99701 0.842408 2.68693
9.34756 90000009800001628 90000009800001625 90000009800001639 90000009800001624 6.49159774567 0.0128692 -4.11217 5.02856
9.37457 90000009800001625 90000009800001624 90000009800001639 90000009800001623 6.14490120342 3.18483 -2.92334 1.50553
9.37595 90000009800001624 90000009800001623 90000009800001639 90000009800001622 6.01075739884 1.06076 2.99508 1.80507
9.40774 90000009800001623 90000009800001621 90000009800001639 90000009800001620 5.52976580795 -2.29362 1.14478 5.96518
9.48372 90000009800001621 90000009800001620 90000009800001639 90000009800001619 5.22758097313 -1.77793 4.6723 3.62102
9.48905 90000009800001620 90000009800001618 90000009800001639 90000009800001617 4.93938066349 0.775144 8.11377 6.85443
9.51675 90000009800001618 90000009800001617 90000009800001639 90000009800001616 4.66451770247 5.0314 1.57874 6.05414
9.55478 90000009800001617 90000009800001616 90000009800001639 90000009800001615 4.42803373661 8.07451 -5.42931 9.25368
9.60462 90000009800001616 90000009800001615 90000009800001639 90000009800001614 4.17683491473 6.45152 -4.50408 11.2105
9.61504 90000009800001615 90000009800001614 90000009800001639 90000009800001613 4.00794511147 7.3828 -10.4419 10.2898
9.63138 90000009800001614 90000009800001612 90000009800001639 90000009800001611 3.70877426464 5.29856 -5.37544 7.98887
9.64638 90000009800001612 90000009800001611 90000009800001639 90000009800001610 3.49086136926 5.04677 -3.26587 11.1457
9.65874 90000009800001611 90000009800001609 90000009800001639 90000009800001608 3.08482263583 7.51746 -14.5705 4.13864
9.66866 90000009800001609 90000009800001606 90000009800001639 90000009800001605 2.73314261732 6.61681 -8.24231 6.59538
9.69383 90000009800001606 90000009800001605 90000009800001639 90000009800001604 2.5772902716 9.21353 -8.06578 9.71974
9.70685 90000009800001605 90000009800001604 90000009800001639 90000009800001603 2.44422570455 3.47846 1.29303 8.85194
9.74784 90000009800001604 90000009800001603 90000009800001639 90000009800001602 2.31611074396 11.3716 -10.247 9.22103
9.75765 90000009800001603 90000009800001602 90000009800001639 90000009800001601 2.20792547238 13.5665 -16.7099 9.49762
9.77279 90000009800001602 90000009800001601 90000009800001639 90000009800001600 2.1032696526 10.8369 -19.4317 3.91677
9.78206 90000009800001601 90000009800001600 90000009800001639 90000009800001599 2.00202813925 10.7286 -20.0327 8.03652
9.78314 90000009800001600 90000009800001599 90000009800001639 90000009800001598 1.90408954353 12.3647 -19.7 5.66629
9.80209 90000009800001599 90000009800001598 90000009800001639 90000009800001597 1.82268925262 13.7432 -13.4266 7.49363
9.81478 90000009800001598 90000009800001596 90000009800001639 90000009800001595 1.66666955611 4.43128 -0.759757 3.37442
9.81478 90000009800001596 90000009800001594 90000009800001639 90000009800001593 1.53123902916 8.76817 1.08795 2.92808
9.81827 90000009800001594 90000009800001593 90000009800001639 90000009800001592 1.47197484527 5.67398 -0.278526 5.59652
9.82468 90000009800001593 90000009800001592 90000009800001639 90000009800001591 1.41409822037 7.27787 4.35683 10.1456
9.82712 90000009800001592 90000009800001591 90000009800001639 90000009800001590 1.3575766674 11.1449 -0.0241637 2.60378
9.84568 90000009800001591 90000009800001590 90000009800001639 90000009800001589 1.30237845991 10.4845 -0.76284 7.18759
9.8666 90000009800001590 90000009800001588 90000009800001639 90000009800001587 1.20625808078 17.5235 4.09947 6.38512
9.10926 90000009800001767 90000009800001766 90000009800001774 90000009800001765 8.01217294887 -10.1268 -6.28958 5.5528
9.31083 90000009800001766 90000009800001764 90000009800001774 90000009800001763 7.23627606617 -2.58816 7.04799 -7.58173
9.36622 90000009800001764 90000009800001760 90000009800001774 90000009800001759 6.14490120342 7.86298 0.876212 -4.89061
9.4606 90000009800001760 90000009800001756 90000009800001774 90000009800001755 5.22758097313 -0.29604 -1.27652 -7.37888
9.55113 90000009800001756 90000009800001755 90000009800001774 90000009800001754 4.99593346816 9.79335 -5.21319 -13.6021
9.6182 90000009800001755 90000009800001754 90000009800001774 90000009800001753 4.93938066349 12.0469 -5.64496 -12.642
9.75822 90000009800001754 90000009800001753 90000009800001774 90000009800001752 4.66451770247 22.2222 -7.94718 -16.7758
9.76388 90000009800001753 90000009800001752 90000009800001774 90000009800001751 4.42803373661 18.331 -6.7332 -17.4257
9.83483 90000009800001752 90000009800001751 90000009800001774 90000009800001750 4.17683491473 18.9235 -12.1231 -12.1797
9.86616 90000009800001751 90000009800001750 90000009800001774 90000009800001749 4.00794511147 18.9978 -10.0572 -15.7064
9.89869 90000009800001750 90000009800001749 90000009800001774 90000009800001748 3.93726108473 23.8858 -12.2815 -19.8653
9.96155 90000009800001749 90000009800001748 90000009800001774 90000009800001747 3.70877426464 25.8208 -6.88324 -20.8542
10.0034 90000009800001748 90000009800001747 90000009800001774 90000009800001746 3.49086136926 34.7558 -7.14498 -28.0864
10.006 90000009800001747 90000009800001746 90000009800001774 90000009800001745 3.28303305796 29.287 -11.5975 -24.4113
10.0544 90000009800001746 90000009800001745 90000009800001774 90000009800001744 3.08482263583 32.5413 -9.89932 -24.633
10.0652 90000009800001745 90000009800001744 90000009800001774 90000009800001743 3.00813107163 30.6001 -12.45 -22.3961
10.079 90000009800001744 90000009800001743 90000009800001774 90000009800001742 2.89578500573 27.643 -14.0821 -12.7279
10.1118 90000009800001743 90000009800001742 90000009800001774 90000009800001741 2.73314261732 23.3289 -12.4606 -13.3678
10.1552 90000009800001742 90000009800001741 90000009800001774 90000009800001740 2.5772902716 28.159 -7.62252 -8.54383
10.1718 90000009800001741 90000009800001740 90000009800001774 90000009800001739 2.44422570455 32.9717 -3.76493 -5.36935
10.2046 90000009800001740 90000009800001739 90000009800001774 90000009800001738 2.31611074396 44.5893 -17.9543 3.29455
10.2499 90000009800001739 90000009800001738 90000009800001774 90000009800001737 2.20792547238 45.189 -24.7541 7.53757
10.2661 90000009800001738 90000009800001737 90000009800001774 90000009800001736 2.1032696526 44.0243 -34.0725 0.260826
10.2965 90000009800001737 90000009800001736 90000009800001774 90000009800001735 2.00202813925 39.3711 -39.3573 -3.53788
10.3059 90000009800001736 90000009800001735 90000009800001774 90000009800001734 1.90408954353 41.9623 -34.665 -1.48657
10.3156 90000009800001735 90000009800001732 90000009800001774 90000009800001731 1.66666955611 59.5708 -34.2998 1.73742
10.3284 90000009800001732 90000009800001730 90000009800001774 90000009800001729 1.53123902916 1.88253 -10.8141 0.196515
10.362 90000009800001730 90000009800001729 90000009800001774 90000009800001728 1.47197484527 -32.0589 10.6997 16.43
10.3851 90000009800001729 90000009800001728 90000009800001774 90000009800001727 1.41409822037 -27.7452 25.4298 16.6318
10.4049 90000009800001728 90000009800001726 90000009800001774 90000009800001725 1.30237845991 -61.6866 25.9557 29.1857
10.4442 90000009800001726 90000009800001725 90000009800001774 90000009800001724 1.24847261425 -38.0188 30.5183 38.6869
10.4556 90000009800001725 90000009800001724 90000009800001774 90000009800001723 1.20625808078 -44.9386 33.4641 46.9667
10.5349 90000009800001724 90000009800001722 90000009800001774 90000009800001721 1.11415056377 -31.1853 35.516 63.9692
10.5824 90000009800001722 90000009800001721 90000009800001774 90000009800001720 1.07445789455 -26.828 12.9962 93.3319
10.7643 90000009800001721 90000009800001717 90000009800001774 90000009800001716 0.950531351585 31.9708 -2.15428 363.011
10.781 90000009800001717 90000009800001716 90000009800001774 90000009800001715 0.923000816178 31.4677 -6.51548 343.324
10.8221 90000009800001716 90000009800001715 90000009800001774 90000009800001714 0.886896937575 61.0031 -13.4668 426.411
10.9097 90000009800001715 90000009800001714 90000009800001774 90000009800001713 0.851470900625 114.418 -8.69338 467.742
11.014 90000009800001714 90000009800001713 90000009800001774 90000009800001712 0.816709979012 254.446 -5.73059 469.448
9.01614 90000009800001794 90000009800001793 90000009800001799 90000009800001792 6.49159774567 6.39439 2.04328 18.4685
9.17729 90000009800001793 90000009800001792 90000009800001799 90000009800001791 6.14490120342 -0.274432 7.60353 12.589
9.24918 90000009800001792 90000009800001791 90000009800001799 90000009800001790 6.01075739884 3.31054 8.30582 8.73691
9.30602 90000009800001791 90000009800001790 90000009800001799 90000009800001789 5.84661374788 0.676007 6.85456 3.20734
9.49848 90000009800001790 90000009800001789 90000009800001799 90000009800001788 5.52976580795 10.9773 20.1053 -8.11685
9.04653 90000009800001966 90000009800001965 90000009800001984 90000009800001964 2.00202813925 -3.58169 19.1537 -19.9904
9.05811 90000009800001965 90000009800001960 90000009800001984 90000009800001959 1.60423452207 -1.63056 14.9694 -15.9323
9.01928 90000009800002164 90000009800002163 90000009800002181 90000009800002162 2.31611074396 -8.6548 -4.50386 0.584087
9.09637 90000009800002163 90000009800002161 90000009800002181 90000009800002160 2.1032696526 -11.4659 -6.87716 -0.213835
9.05524 90000009800002258 90000009800002257 90000009800002275 90000009800002256 2.73314261732 17.6183 18.0114 13.4996
9.18802 90000009800002257 90000009800002256 90000009800002275 90000009800002255 2.5772902716 24.3906 53.669 19.1074
9.0316 90000009800002378 90000009800002377 90000009800002390 90000009800002376 4.17683491473 -3.70778 0.68451 -2.34674
9.09898 90000009800002377 90000009800002376 90000009800002390 90000009800002375 4.00794511147 -2.00635 0.165671 4.23798
9.10671 90000009800002376 90000009800002375 90000009800002390 90000009800002374 3.93726108473 -1.46484 -0.259976 2.58618
9.13154 90000009800002375 90000009800002372 90000009800002390 90000009800002371 3.28303305796 1.03673 -1.84908 1.86517
9.14578 90000009800002372 90000009800002371 90000009800002390 90000009800002370 3.08482263583 1.17362 -0.607357 -0.251109
9.15956 90000009800002371 90000009800002367 90000009800002390 90000009800002366 2.5772902716 -2.56202 -4.11085 -3.3986
9.19223 90000009800002367 90000009800002366 90000009800002390 90000009800002365 2.44422570455 -2.23243 -6.20764 -2.26076
9.20668 90000009800002366 90000009800002359 90000009800002390 90000009800002358 1.74357057433 4.07612 -5.24646 -4.58144
9.21869 90000009800002359 90000009800002357 90000009800002390 90000009800002356 1.60423452207 -0.971324 -6.14344 -3.62564
9.21869 90000009800002357 90000009800002352 90000009800002390 90000009800002351 1.30237845991 -5.06095 -4.4776 0.124247
9.01298 90000009800002642 90000009800002641 90000009800002657 90000009800002640 3.08482263583 -3.7262 -0.881491 1.79687
9.02239 90000009800002641 90000009800002639 90000009800002657 90000009800002638 2.89578500573 -1.43805 0.434658 1.11978
9.06378 90000009800002639 90000009800002638 90000009800002657 90000009800002637 2.73314261732 -0.105224 1.34123 -3.23022
9.09375 90000009800002638 90000009800002637 90000009800002657 90000009800002636 2.5772902716 -0.610604 -0.0397698 0.908185
9.11681 90000009800002637 90000009800002633 90000009800002657 90000009800002632 2.1032696526 3.67085 -4.40644 3.82189
9.16182 90000009800002633 90000009800002629 90000009800002657 90000009800002628 1.74357057433 12.4337 -18.8891 -4.87536
9.25828 90000009800002629 90000009800002628 90000009800002657 90000009800002627 1.66666955611 12.7892 -34.6032 -18.1227
9.26365 90000009800002628 90000009800002627 90000009800002657 90000009800002626 1.60423452207 17.2259 -37.4857 -18.1849
9.29124 90000009800002627 90000009800002626 90000009800002657 90000009800002625 1.53123902916 17.4086 -38.0362 -14.3798
