logMh | fpID | subhaloID | main leaf ID | descID |  z
9.08845 28134748 28134747 28134748 28134746 13.3382482898 -4.18717 -4.29562 -0.751144
9.40518 28134747 28134746 28134748 28134745 12.6747021048 2.7925 0.463757 -1.75382
9.53428 28134746 28134744 28134748 28134743 11.4973879548 -0.483928 -2.46122 -3.1077
9.62056 28134744 28134743 28134748 28134742 10.9190331982 3.66149 0.0690101 -4.45476
9.64564 28134743 28134742 28134748 28134741 10.3674435724 1.77365 1.4725 -6.11514
9.68717 28134742 28134741 28134748 28134740 9.99659046619 6.38407 4.40439 -8.25191
9.69843 28134741 28134740 28134748 28134739 9.84138043947 4.6054 3.49693 -5.50566
9.72996 28134740 28134739 28134748 28134738 9.38877127194 5.34253 2.4289 -6.96299
9.79166 28134739 28134738 28134748 28134737 9.00233985416 5.42636 -7.86512 -2.78956
9.80003 28134738 28134737 28134748 28134736 8.9079991856 5.52925 -6.34387 -2.70971
9.88316 28134737 28134736 28134748 28134735 8.44947629437 -2.4678 0.434365 -2.87902
10.0738 28134736 28134735 28134748 28134734 8.01217294887 0.722322 2.18559 18.8099
10.1173 28134735 28134734 28134748 28134733 7.59510714987 13.0052 4.98451 18.4462
10.2077 28134734 28134733 28134748 28134732 7.23627606617 14.1997 11.3449 24.8339
10.2854 28134733 28134732 28134748 28134731 7.00541704554 21.4095 12.5106 28.1089
10.3281 28134732 28134731 28134748 28134730 6.85511726265 18.017 8.75923 22.3326
10.4195 28134731 28134730 28134748 28134729 6.49159774567 -1.81525 29.7539 1.10285
10.5814 28134730 28134729 28134748 28134728 6.14490120342 -27.061 -1.46927 -2.61619
11.011 28134729 28134724 28134748 28134723 4.99593346816 -185.713 -166.88 1.22504
11.1765 28134724 28134722 28134748 28134721 4.66451770247 -225.653 -242.648 34.1222
11.3158 28134722 28134720 28134748 28134719 4.00794511147 -130.681 -191.861 66.6455
11.328 28134720 28134719 28134748 28134718 3.93726108473 -121.435 -192.084 71.9881
11.3987 28134719 28134718 28134748 28134717 3.70877426464 -78.4477 -243.162 80.7385
11.4576 28134718 28134717 28134748 28134716 3.49086136926 -76.0058 -304.126 91.9183
11.4906 28134717 28134716 28134748 28134715 3.28303305796 -72.1689 -405.795 78.8863
11.508 28134716 28134715 28134748 28134714 3.08482263583 -74.773 -422.044 75.8254
11.5263 28134715 28134714 28134748 28134713 3.00813107163 -95.7449 -457.343 66.5465
11.5671 28134714 28134713 28134748 28134712 2.89578500573 -85.988 -481.469 81.325
11.597 28134713 28134712 28134748 28134711 2.73314261732 -69.8272 -481.997 61.8449
11.6403 28134712 28134711 28134748 28134710 2.5772902716 -83.2937 -528.371 25.0912
11.6536 28134711 28134710 28134748 28134709 2.44422570455 -90.5794 -487.296 46.8775
11.6949 28134710 28134709 28134748 28134708 2.31611074396 -117.617 -506.383 44.6026
11.7123 28134709 28134708 28134748 28134707 2.20792547238 -130.43 -501.781 25.2805
11.7168 28134708 28134701 28134748 28134700 1.60423452207 -213.018 -470.26 -26.7223
11.7469 28134701 28134700 28134748 28134699 1.53123902916 -265.622 -583.842 63.5027
11.7669 28134700 28134698 28134748 28134697 1.41409822037 -244.88 -563.126 98.6286
11.7766 28134698 28134697 28134748 28134696 1.3575766674 -282.613 -552.542 115.691
11.7933 28134697 28134696 28134748 28134695 1.30237845991 -342.679 -604.771 210.311
11.7983 28134696 28134695 28134748 28134694 1.24847261425 -354.73 -582.772 200.639
11.8048 28134695 28134694 28134748 28134693 1.20625808078 -335.1 -651.522 286.487
11.8114 28134694 28134693 28134748 28134692 1.15460271236 -329.833 -611.516 258.423
11.8141 28134693 28134692 28134748 28134691 1.11415056377 -329.062 -583.678 235.013
11.8244 28134692 28134691 28134748 28134690 1.07445789455 -264.103 -529.987 317.953
11.8319 28134691 28134690 28134748 28134689 1.03551044566 -275.21 -569.794 340.348
11.8353 28134690 28134689 28134748 28134688 0.997294225782 -221.851 -556.963 351.415
11.839 28134689 28134688 28134748 28134687 0.987852810816 -214.458 -549.723 360.757
11.8447 28134688 28134687 28134748 28134686 0.950531351585 -206.658 -544.701 386.243
11.8573 28134687 28134686 28134748 28134685 0.923000816178 -198.383 -583.276 394.929
11.8608 28134686 28134685 28134748 28134684 0.886896937575 -181.569 -579.948 373.086
11.8717 28134685 28134684 28134748 28134683 0.851470900625 -200.226 -619.296 422.751
11.8809 28134684 28134683 28134748 28134682 0.816709979012 -204.979 -669.197 398.629
11.8903 28134683 28134682 28134748 28134681 0.791068248946 -267.521 -708.374 449.32
11.9005 28134682 28134681 28134748 28134680 0.757441372616 -289.801 -765.87 474.202
11.9074 28134681 28134680 28134748 28134679 0.732636182022 -302.193 -810.519 503.952
11.9091 28134680 28134678 28134748 28134677 0.676110411213 -308.478 -767.822 446.435
11.923 28134678 28134677 28134748 28134676 0.644641840685 -314.81 -747.553 488.806
11.93 28134677 28134676 28134748 28134675 0.621428745243 -351.474 -838.078 482.727
11.9387 28134676 28134675 28134748 28134674 0.598543288188 -374.449 -858.895 519.27
11.9431 28134675 28134674 28134748 28134673 0.575980845108 -385.421 -857.442 532.484
11.9479 28134674 28134673 28134748 28134672 0.546392183141 -401.823 -868.433 534.82
11.9531 28134673 28134672 28134748 28134671 0.524565820434 -421.488 -873.273 547.54
11.9553 28134672 28134671 28134748 28134670 0.503047523245 -433.248 -876.777 533.392
11.9581 28134671 28134670 28134748 28134669 0.481832943421 -470.994 -891.194 554.691
11.9596 28134670 28134669 28134748 28134668 0.460917794181 -457.925 -850.317 589.707
11.9623 28134669 28134668 28134748 28134667 0.440297849248 -440.627 -840.724 595.316
11.9653 28134668 28134667 28134748 28134666 0.419968941997 -454.834 -871.722 607.573
11.9683 28134667 28134666 28134748 28134665 0.399926964614 -428.665 -825.076 622.589
11.9749 28134666 28134665 28134748 28134664 0.38016786726 -473.037 -853.5 661.105
11.9782 28134665 28134664 28134748 28134663 0.360687657262 -428.133 -846.699 655.128
11.9804 28134664 28134663 28134748 28134662 0.347853841858 -429.491 -858.966 673.329
11.9863 28134663 28134662 28134748 28134661 0.328829724206 -420.81 -851.548 696.611
11.9892 28134662 28134661 28134748 28134660 0.310074120128 -370.861 -840.936 690.278
11.9919 28134661 28134660 28134748 28134659 0.291583239722 -374.238 -846.027 705.346
11.9971 28134660 28134659 28134748 28134658 0.273353346578 -346.401 -856.776 724.559
11.9985 28134659 28134658 28134748 28134657 0.261343256161 -323.376 -848.59 727.489
12.0002 28134658 28134657 28134748 28134656 0.243540181555 -318.732 -863.513 742.981
12.0072 28134657 28134656 28134748 28134655 0.22598838626 -275.763 -938.281 813.596
12.0116 28134656 28134654 28134748 28134653 0.197284182376 -248.351 -936.759 838.73
12.015 28134654 28134653 28134748 28134652 0.180385261706 -252.979 -993.652 854.08
12.0168 28134653 28134652 28134748 28134651 0.169252033244 -240.656 -996.892 876.881
12.0188 28134652 28134651 28134748 28134650 0.152748768902 -260.476 -988.492 876.685
12.0208 28134651 28134650 28134748 28134649 0.14187620397 -257.865 -987.719 883.39
12.0235 28134650 28134649 28134748 28134648 0.125759332411 -264.033 -1040.77 899.552
12.0261 28134649 28134648 28134748 28134647 0.109869940459 -261.546 -1045.61 930.564
12.0289 28134648 28134647 28134748 28134646 0.0994018026302 -264.936 -1100.4 929.43
12.0326 28134647 28134646 28134748 28134645 0.0838844307975 -264.899 -1100.61 957.786
12.0358 28134646 28134645 28134748 28134644 0.0736613846564 -266.906 -1129.98 964.773
12.0399 28134645 28134644 28134748 28134643 0.0585073227945 -283.204 -1171.36 984.257
12.0419 28134644 28134643 28134748 28134642 0.0485236299818 -279.625 -1175.36 997.38
12.045 28134643 28134642 28134748 28134641 0.0337243718735 -284.641 -1203.56 1015.35
12.0461 28134642 28134641 28134748 28134640 0.0239744283828 -296.769 -1220.15 1027.4
12.0484 28134641 28134640 28134748 28134639 0.00952166696794 -292.715 -1221.67 1031.79
12.0494 28134640 28134639 28134748 -1 2.22044604925e-16 -292.454 -1200.35 1061.66
9.05235 28134773 28134772 28134777 28134771 10.3674435724 2.13556 -0.642331 3.72098
9.07216 28134772 28134771 28134777 28134770 9.99659046619 2.9461 -0.710316 2.93334
9.16852 28134771 28134769 28134777 28134768 9.38877127194 -2.07364 5.55432 -3.54175
9.18162 28134769 28134767 28134777 28134766 8.9079991856 -2.20794 4.6619 -4.67257
9.0098 28134782 28134781 28134783 28134780 8.44947629437 15.5294 -0.57589 -13.3456
9.06378 28134808 28134807 28134810 28134806 12.0418635439 -5.42598 1.01625 -0.0928137
9.09898 28134807 28134806 28134810 28134805 11.4973879548 -2.88193 -2.78983 3.08185
9.19848 28134806 28134805 28134810 28134804 10.9190331982 1.87675 -3.11745 3.24421
9.39214 28134805 28134804 28134810 28134803 10.3674435724 11.9661 -11.0869 7.45098
9.44447 28134804 28134803 28134810 28134802 9.99659046619 6.90357 -9.19505 4.70385
9.59725 28134803 28134802 28134810 28134801 9.84138043947 2.76531 -0.311297 0.0713231
9.74196 28134802 28134801 28134810 28134800 9.38877127194 -2.07005 4.23115 0.270278
9.82124 28134801 28134800 28134810 28134799 9.00233985416 -6.13667 9.73275 0.75932
9.84194 28134800 28134799 28134810 28134798 8.9079991856 -4.0975 9.40028 1.54436
9.85808 28134799 28134798 28134810 28134797 8.44947629437 -3.54696 8.77893 1.28028
9.99287 28134798 28134797 28134810 28134796 8.01217294887 -7.14636 9.47996 -1.45344
10.0313 28134797 28134796 28134810 28134795 7.59510714987 -27.0486 23.5938 -10.0268
10.0713 28134796 28134795 28134810 28134794 7.23627606617 -20.9131 10.123 -6.30474
10.5249 28134795 28134789 28134810 28134788 5.84661374788 -36.0625 12.8644 -16.6041
10.5752 28134789 28134788 28134810 28134787 5.52976580795 -17.2346 11.8056 -1.38791
9.05811 28134857 28134856 28134863 28134855 7.59510714987 -3.09257 4.76395 3.20623
9.15502 28134883 28134882 28134891 28134881 7.23627606617 27.6639 10.1819 -20.4991
9.0666 28134908 28134907 28134914 28134906 7.59510714987 -3.31692 -9.6392 -16.1561
9.07766 28134907 28134905 28134914 28134904 7.00541704554 2.03509 -5.50068 -12.0917
9.11179 28134905 28134900 28134914 28134899 5.52976580795 6.01371 -8.27387 -8.23553
9.06378 28134988 28134987 28134996 28134986 8.01217294887 6.06891 4.16548 -6.02896
9.09637 28134987 28134986 28134996 28134985 7.59510714987 7.00552 4.36676 -6.79541
11.2171 28134986 28134975 28134996 28134720 4.42803373661 -202.503 -257.143 49.628
9.10671 28135068 28135067 28135073 28135066 9.00233985416 -8.56764 13.3602 -0.837685
9.11431 28135067 28135066 28135073 28135065 8.9079991856 -1.62768 8.80964 -7.11318
9.36763 28135066 28135065 28135073 28135064 8.44947629437 -3.23096 16.5373 -13.953
9.45833 28135065 28135064 28135073 28135063 8.01217294887 0.625671 14.8797 -12.8582
9.5566 28135064 28135062 28135073 28135061 7.23627606617 -12.641 18.8848 -2.83421
9.61346 28135062 28135061 28135073 28135060 7.00541704554 -9.62023 26.1428 -0.429533
9.7455 28135061 28135060 28135073 28135059 6.85511726265 -4.49926 22.0831 -5.81554
9.81578 28135060 28135059 28135073 28135058 6.49159774567 -8.77426 24.821 -9.34297
9.92857 28135059 28135058 28135073 28135057 6.14490120342 -8.08411 32.0582 -8.0295
9.06939 28135100 28135099 28135111 28135098 7.59510714987 3.24203 0.472968 -2.06416
9.05524 28135323 28135322 28135325 28135321 12.6747021048 -5.23526 3.46244 3.52594
9.11179 28135322 28135321 28135325 28135320 12.0418635439 -4.09308 2.94739 3.82087
9.30278 28135321 28135320 28135325 28135319 11.4973879548 -2.84501 2.25065 2.45313
9.42281 28135320 28135319 28135325 28135318 10.9190331982 -5.42645 0.288087 1.92426
9.58891 28135319 28135318 28135325 28135317 10.3674435724 -8.379 0.9104 4.09738
9.68312 28135318 28135317 28135325 28135316 9.99659046619 -4.73083 4.80291 1.1862
9.70428 28135317 28135316 28135325 28135315 9.84138043947 -0.652739 9.04532 0.631202
9.95653 28135316 28135315 28135325 28135314 9.38877127194 -22.274 -6.51803 -3.13133
10.068 28135315 28135314 28135325 28135313 9.00233985416 -19.8065 -8.61693 -0.85495
10.1034 28135314 28135313 28135325 28135312 8.9079991856 -20.6894 -8.58004 -4.10362
10.249 28135313 28135312 28135325 28135311 8.44947629437 3.09612 -7.76647 -6.37634
10.3437 28135312 28135311 28135325 28135310 8.01217294887 11.5056 -21.5784 8.58311
10.3949 28135311 28135310 28135325 28135309 7.59510714987 2.05201 -37.8001 14.8298
10.4314 28135310 28135309 28135325 28135308 7.23627606617 3.45702 -40.1275 12.3643
10.4584 28135309 28135308 28135325 28135307 7.00541704554 2.63504 -45.3515 9.85236
10.4745 28135308 28135307 28135325 28135306 6.85511726265 4.49974 -47.0291 13.039
10.5159 28135307 28135306 28135325 28135305 6.49159774567 6.21463 -49.6827 11.9043
10.55 28135306 28135305 28135325 28135304 6.14490120342 5.22571 -48.9325 5.88117
10.6664 28135305 28135304 28135325 28135303 6.01075739884 -85.7495 -84.5866 -10.6854
10.6997 28135304 28135303 28135325 28135302 5.84661374788 -78.1931 -58.7143 -21.1225
10.8141 28135303 28135302 28135325 28135301 5.52976580795 4.8775 6.69277 29.3125
10.8835 28135302 28135301 28135325 28135300 5.22758097313 -20.9065 -23.1921 12.5626
11.2958 28135301 28135296 28135325 28135295 4.17683491473 -155.514 -201.882 50.0475
9.11179 28135344 28135343 28135347 28135342 10.3674435724 2.27127 -1.83978 11.1868
9.13154 28135364 28135363 28135365 28135362 11.4973879548 0.554666 3.26158 5.895
9.25284 28135363 28135361 28135365 28135360 10.3674435724 3.75217 4.8597 -8.92509
9.40389 28135361 28135360 28135365 28135359 9.99659046619 -8.17001 22.3666 3.63302
9.01298 28135378 28135377 28135380 28135376 10.3674435724 -1.40937 -5.50378 7.7273
9.09898 28135377 28135376 28135380 28135375 9.99659046619 -5.11685 -0.435335 4.50772
9.00012 28135480 28135479 28135489 28135478 6.01075739884 0.773476 5.33752 -0.0788627
9.02548 28135479 28135478 28135489 28135477 5.84661374788 0.920851 7.71465 0.0881681
9.11179 28135583 28135582 28135592 28135581 5.84661374788 3.94033 -35.4134 -1.2369
9.13634 28135582 28135581 28135592 28135580 5.52976580795 1.84895 -34.9757 -4.29154
9.21272 28135581 28135580 28135592 28135579 5.22758097313 3.86735 -31.1895 2.12576
9.23799 28135580 28135579 28135592 28135578 4.99593346816 2.33717 -30.678 2.20655
9.03763 28135652 28135651 28135654 28135650 7.23627606617 -5.95662 -10.6875 1.5309
9.10157 28135651 28135650 28135654 28135649 7.00541704554 -0.0953083 -12.3455 1.5519
9.16182 28135650 28135649 28135654 28135648 6.85511726265 -0.684567 -8.10479 -2.04014
9.20668 28135649 28135648 28135654 28135647 6.49159774567 -2.01307 -6.91388 -1.10623
9.24362 28135648 28135647 28135654 28135646 6.14490120342 0.430239 -7.49838 -1.62112
9.33415 28135647 28135646 28135654 28135645 6.01075739884 5.80377 -9.09056 1.77414
9.34461 28135646 28135645 28135654 28135644 5.84661374788 2.64903 -11.0545 0.843081
9.35914 28135645 28135644 28135654 28135643 5.52976580795 -1.29439 -6.80423 2.79483
9.37181 28135644 28135643 28135654 28135642 5.22758097313 1.55519 -7.97153 5.53571
9.39081 28135643 28135642 28135654 28135641 4.99593346816 -0.898867 -7.28248 11.5293
9.01298 28135675 28135674 28135685 28135673 7.00541704554 -4.3386 6.00543 7.87328
9.04358 28135674 28135673 28135685 28135672 6.85511726265 -3.10677 3.42302 7.04412
9.06378 28135673 28135672 28135685 28135671 6.49159774567 -5.03268 3.61843 7.58412
9.10415 28135672 28135671 28135685 28135670 6.14490120342 -4.49458 2.96522 3.75067
9.17512 28135671 28135669 28135685 28135668 5.84661374788 -6.92308 5.31311 3.61292
9.03463 28135823 28135822 28135829 28135821 9.99659046619 1.85612 -0.200851 0.169919
9.04653 28135822 28135821 28135829 28135820 9.84138043947 1.37353 0.317498 0.0519111
9.08845 28135821 28135820 28135829 28135819 9.38877127194 0.745434 -1.36176 1.41956
9.13394 28135820 28135819 28135829 28135818 9.00233985416 -0.809577 -1.79496 1.86716
9.21671 28135819 28135817 28135829 28135816 8.44947629437 -0.71359 -3.43044 0.467142
9.2929 28135817 28135816 28135829 28135815 8.01217294887 -2.91961 -2.8404 -3.42061
9.37869 28135816 28135815 28135829 28135814 7.59510714987 -5.3565 1.07965 -11.7234
9.44447 28135815 28135814 28135829 28135813 7.23627606617 -4.25512 -5.34049 -8.00553
9.47941 28135814 28135813 28135829 28135812 7.00541704554 -3.03156 -2.82423 -5.70242
9.50465 28135813 28135812 28135829 28135811 6.85511726265 -4.01787 -1.40939 -7.01344
9.59227 28135812 28135811 28135829 28135810 6.49159774567 -7.06265 -3.66572 -17.3084
9.65005 28135811 28135810 28135829 28135809 6.14490120342 -12.7776 -6.36426 -18.3962
9.67767 28135810 28135809 28135829 28135808 6.01075739884 -10.5451 -5.12349 -19.9323
9.67904 28135809 28135808 28135829 28135807 5.84661374788 -10.6802 -6.07485 -15.9222
9.71068 28135808 28135807 28135829 28135806 5.52976580795 -14.0326 -10.4617 -18.6616
9.83002 28135807 28135806 28135829 28135805 5.22758097313 -6.97339 -18.7614 4.05023
9.90075 28135806 28135805 28135829 28135804 4.99593346816 -40.6491 4.19244 14.037
10.0646 28135805 28135802 28135829 28135801 4.42803373661 -54.3981 37.8924 36.234
10.1186 28135802 28135801 28135829 28135800 4.17683491473 -42.18 38.0653 41.472
10.1652 28135801 28135800 28135829 28135799 4.00794511147 -37.2348 50.2298 54.8326
9.14108 28135865 28135864 28135871 28135863 7.23627606617 -8.16834 -1.09375 -1.57707
9.25648 28135864 28135861 28135871 28135860 6.49159774567 10.6496 17.1642 1.41881
9.43377 28135861 28135860 28135871 28135859 6.14490120342 8.52293 20.9505 3.95671
9.46621 28135860 28135858 28135871 28135857 5.84661374788 9.5125 21.2389 3.98766
9.59642 28135858 28135857 28135871 28135856 5.52976580795 12.0492 21.6755 11.7186
9.94815 28135857 28135853 28135871 28135852 4.66451770247 -38.6123 52.5656 6.64558
9.3156 28135880 28135879 28135885 28135858 6.01075739884 11.4471 20.6207 1.17412
9.00337 28135902 28135901 28135914 28135900 4.99593346816 0.195187 -2.92834 -4.77596
9.01928 28135901 28135900 28135914 28135899 4.93938066349 -4.30149 -1.94584 2.05358
9.00012 28136096 28136095 28136109 28136094 3.93726108473 -4.64338 -1.68829 -13.0631
9.07216 28136201 28136200 28136214 28136199 4.66451770247 -1.997 -5.34334 -4.66648
9.08309 28136200 28136197 28136214 28136196 4.00794511147 -5.52735 -4.4231 -7.18993
9.09375 28136197 28136196 28136214 28136195 3.93726108473 -8.63549 -4.78434 -4.18299
9.02239 28136224 28136223 28136241 28136222 3.49086136926 6.5993 -3.87877 -4.18148
9.12668 28136223 28136221 28136241 28136220 3.08482263583 28.3363 7.60594 -14.5486
9.06939 28136286 28136285 28136291 28136284 6.49159774567 5.89588 -1.57586 -6.46794
9.13154 28136285 28136284 28136291 28136283 6.14490120342 7.92898 -1.06824 -3.60325
9.14344 28136284 28136282 28136291 28136281 5.84661374788 10.2347 -0.689124 -13.5163
9.19013 28136282 28136281 28136291 28136280 5.52976580795 8.73437 -4.38042 -10.0305
9.25284 28136281 28136280 28136291 28136279 5.22758097313 8.74663 -6.93687 -8.46223
9.29787 28136280 28136277 28136291 28136276 4.66451770247 7.41376 -3.98001 -5.30004
9.31083 28136277 28136276 28136291 28136275 4.42803373661 6.2037 -5.24076 -7.47485
9.35048 28136276 28136275 28136291 28136274 4.17683491473 5.8369 -2.42332 -6.40015
9.35483 28136275 28136274 28136291 28136273 4.00794511147 7.56068 -2.15054 -5.44272
9.3634 28136274 28136273 28136291 28136272 3.93726108473 9.5645 -1.90588 -4.6928
9.11179 28136350 28136349 28136355 28136348 10.3674435724 1.14841 -0.804963 -11.9388
9.13394 28136349 28136348 28136355 28136347 9.99659046619 4.01421 -0.35681 -4.28741
9.22066 28136348 28136346 28136355 28136345 9.38877127194 8.35735 -1.77967 -0.32792
9.30923 28136346 28136342 28136355 28136341 8.01217294887 3.55754 -1.72211 -2.39192
9.31243 28136342 28136341 28136355 28136340 7.59510714987 3.81264 -1.03402 -0.0683156
9.32342 28136341 28136340 28136355 28136339 7.23627606617 3.59078 -1.89286 2.90497
9.36056 28136340 28136338 28136355 28136337 6.85511726265 3.54833 -4.61781 6.13278
9.36622 28136338 28136337 28136355 28136336 6.49159774567 2.45188 -5.96388 5.38055
9.49326 28136337 28136336 28136355 28136335 6.14490120342 -14.5569 -0.321504 17.288
9.51972 28136336 28136332 28136355 28136331 5.22758097313 -4.12801 -2.36905 12.6852
9.12424 28136414 28136413 28136419 28136412 6.49159774567 -0.986793 1.06456 -0.719537
9.19848 28136413 28136412 28136419 28136411 6.14490120342 -7.34133 2.52746 -8.11469
9.22066 28136412 28136410 28136419 28136409 5.84661374788 -4.61353 0.788129 2.3394
9.28788 28136410 28136409 28136419 28136408 5.52976580795 -5.20641 1.52628 0.783933
9.35483 28136409 28136408 28136419 28136407 5.22758097313 -6.73049 2.85616 -0.65782
9.52267 28136408 28136407 28136419 28136406 4.99593346816 -30.1594 22.874 -6.16703
9.52948 28136407 28136406 28136419 28136405 4.93938066349 -27.0113 20.3979 -7.50697
9.60946 28136406 28136404 28136419 28136403 4.42803373661 -13.2859 -0.431477 -11.1308
9.64638 28136404 28136403 28136419 28136402 4.17683491473 -13.4905 3.99552 -6.60883
9.65802 28136403 28136402 28136419 28136401 4.00794511147 -12.6065 3.71416 -5.08076
9.68312 28136402 28136401 28136419 28136400 3.93726108473 -12.7689 8.99045 -5.69298
9.41659 28136427 28136426 28136434 28136404 4.66451770247 -9.75497 -1.57092 -12.7852
9.01298 28136452 28136451 28136469 28136450 3.93726108473 -15.7428 2.788 1.07126
9.0098 28136527 28136526 28136536 28136525 6.85511726265 -5.18818 2.38024 -4.02872
9.03763 28136526 28136525 28136536 28136524 6.49159774567 -8.4249 2.18934 -4.55355
9.15502 28136525 28136524 28136536 28136523 6.14490120342 -7.88515 3.91263 -4.90751
9.16182 28136524 28136522 28136536 28136521 5.84661374788 -7.77065 3.53831 -5.86178
9.19433 28136522 28136521 28136536 28136520 5.52976580795 -9.43797 4.075 -6.1569
9.22845 28136521 28136520 28136536 28136519 5.22758097313 -10.5416 4.13472 -3.58835
9.33111 28136520 28136519 28136536 28136518 4.99593346816 -14.9599 -3.30053 -9.85859
9.36199 28136519 28136518 28136536 28136517 4.93938066349 -10.5762 7.24452 -3.0422
9.11431 28136555 28136554 28136562 28136553 3.93726108473 11.0853 11.5803 1.31167
9.32497 28136554 28136546 28136562 28136545 2.5772902716 -27.9195 -0.930685 0.224949
9.36199 28136546 28136543 28136562 28136542 2.20792547238 -13.3262 -14.8671 7.20811
9.49536 28136543 28136542 28136562 28136541 2.1032696526 -16.4517 -7.62287 0.584867
9.07216 28136594 28136593 28136600 28136592 6.01075739884 -10.1034 0.284128 6.35119
9.10415 28136593 28136579 28136600 28136578 3.08482263583 -8.47114 -7.1551 21.0669
9.16407 28136579 28136578 28136600 28136577 3.00813107163 -7.83693 -6.96821 5.5265
9.07766 28136651 28136650 28136660 28136649 6.14490120342 -8.81436 -8.57481 3.1188
9.10415 28136650 28136649 28136660 28136648 6.01075739884 -8.87073 -6.30376 6.79185
9.10926 28136649 28136648 28136660 28136647 5.84661374788 -10.94 -7.8353 3.63834
9.14344 28136648 28136642 28136660 28136641 4.42803373661 -7.53777 -12.8602 1.60765
9.16852 28136642 28136641 28136660 28136640 4.17683491473 -4.49012 -10.7139 -3.24341
9.01298 28136725 28136724 28136732 28136723 6.85511726265 4.9955 -1.31175 -3.63919
9.04358 28136724 28136723 28136732 28136722 6.49159774567 0.489091 -0.789258 -1.03403
9.07492 28136723 28136722 28136732 28136721 6.14490120342 4.46252 -6.76655 0.268476
9.10415 28136722 28136719 28136732 28136718 5.52976580795 2.0647 2.94642 2.90807
9.13634 28136719 28136717 28136732 28136716 4.99593346816 -0.45907 1.57169 4.573
9.15502 28136717 28136716 28136732 28136715 4.93938066349 0.960577 -2.49585 3.19259
9.18802 28136716 28136715 28136732 28136714 4.66451770247 -1.81993 2.25491 6.82709
9.23799 28136715 28136714 28136732 28136713 4.42803373661 -7.56252 9.80935 11.4995
9.5314 28136714 28136710 28136732 28136709 3.70877426464 27.2646 -12.1499 -0.882452
9.06378 28136738 28136737 28136738 28136736 4.66451770247 5.45945 -5.18845 1.53163
9.08038 28136737 28136736 28136738 28136735 4.42803373661 5.22725 -9.68788 0.0876505
9.25101 28136736 28136734 28136738 28136733 4.00794511147 8.75636 -22.8903 9.49218
9.34165 28136734 28136733 28136738 28136710 3.93726108473 14.3063 -19.1476 7.31983
9.02239 28136751 28136750 28136778 28136749 2.89578500573 3.77116 -8.69597 -6.15848
9.18376 28136842 28136841 28136847 28136840 8.44947629437 4.55081 -4.20335 -7.8371
9.24175 28136841 28136840 28136847 28136839 8.01217294887 7.27641 -0.815279 -7.65971
9.31717 28136840 28136839 28136847 28136838 7.59510714987 9.28276 -0.843793 -10.5621
9.33716 28136839 28136838 28136847 28136837 7.23627606617 4.23903 0.902782 -12.3639
9.42893 28136838 28136836 28136847 28136835 6.14490120342 4.98265 -8.48634 -19.2575
9.43856 28136836 28136835 28136847 28136834 6.01075739884 5.80246 -6.01402 -15.8855
9.88741 28136835 28136833 28136847 28136832 5.52976580795 17.2744 -18.8112 -15.0858
10.1095 28136833 28136832 28136847 28136831 5.22758097313 42.9698 -44.0435 -29.423
10.1681 28136832 28136831 28136847 28136830 4.99593346816 41.9881 -42.1447 -34.786
10.1835 28136831 28136830 28136847 28136829 4.93938066349 44.2639 -42.0202 -33.2695
10.2481 28136830 28136829 28136847 28136828 4.66451770247 49.6782 -51.8466 -26.6177
10.2887 28136829 28136828 28136847 28136827 4.42803373661 45.8331 -51.1328 -26.2006
10.3143 28136828 28136827 28136847 28136826 4.17683491473 57.7106 -51.9473 -32.8667
10.3223 28136827 28136826 28136847 28136825 4.00794511147 50.2188 -51.2757 -38.7806
10.3387 28136826 28136824 28136847 28136823 3.70877426464 25.5422 -46.6824 -46.2248
10.3566 28136824 28136823 28136847 28136822 3.49086136926 -1.84327 -4.08141 -70.0262
9.07492 28136875 28136874 28136882 28136873 8.01217294887 2.28009 -8.82531 6.51393
9.09898 28136874 28136872 28136882 28136871 7.23627606617 1.72829 -1.56224 5.66808
9.0098 28136904 28136903 28136912 28136902 8.44947629437 -1.42443 0.689629 5.96794
9.08845 28136903 28136902 28136912 28136901 8.01217294887 -1.02287 2.71171 5.1235
9.10671 28136902 28136901 28136912 28136900 7.59510714987 -0.825335 4.01488 4.154
9.19433 28136901 28136900 28136912 28136899 7.23627606617 1.1413 15.6385 -5.36333
9.69581 28136900 28136899 28136912 28136898 7.00541704554 28.2267 -16.3722 -9.99409
9.76049 28136899 28136897 28136912 28136896 6.49159774567 33.2476 -23.9187 -9.57496
9.11179 28136933 28136932 28136941 28136931 8.01217294887 -4.05759 0.895346 2.0979
9.43497 28136932 28136930 28136941 28136929 7.23627606617 -11.6755 -11.0546 -13.9437
9.4606 28136930 28136929 28136941 28136928 7.00541704554 -11.7681 -5.75595 -14.9534
9.56021 28136929 28136928 28136941 28136927 6.85511726265 -23.6971 -8.72224 -11.6669
9.89078 28136928 28136925 28136941 28136924 6.01075739884 85.2915 -97.8281 -6.89479
9.04358 28137119 28137118 28137133 28137117 6.85511726265 -8.43533 -12.5986 -0.715047
9.11179 28137118 28137117 28137133 28137116 6.49159774567 -7.91205 -12.9271 1.15615
9.14811 28137117 28137115 28137133 28137114 6.01075739884 -3.23652 -13.8262 3.69979
9.32958 28137115 28137114 28137133 28137113 5.84661374788 17.6395 -13.0562 24.2628
9.35483 28137114 28137108 28137133 28137107 4.42803373661 -6.84489 -4.57946 -4.1906
9.13394 28137149 28137148 28137163 28137147 5.52976580795 -9.32323 3.51724 -10.7284
9.04945 28137238 28137237 28137249 28137236 6.14490120342 -0.744689 -0.239044 0.894046
9.0666 28137237 28137236 28137249 28137235 6.01075739884 -0.417811 1.34989 0.0019991
9.09637 28137236 28137235 28137249 28137234 5.84661374788 -2.18894 -5.63333 -7.87353
9.36902 28137235 28137233 28137249 28137232 5.22758097313 15.5068 -10.7385 -3.19643
9.42893 28137233 28137232 28137249 28137231 4.99593346816 11.0432 -8.21686 6.07302
9.58975 28137232 28137231 28137249 28137230 4.93938066349 6.19564 1.23879 -1.83744
9.83243 28137231 28137230 28137249 28137229 4.66451770247 -9.76698 33.0885 16.8149
9.93658 28137230 28137229 28137249 28137228 4.42803373661 -4.5078 41.7036 6.39999
9.98887 28137229 28137228 28137249 28137227 4.17683491473 -0.122238 36.1114 10.6938
10.0607 28137228 28137227 28137249 28137226 4.00794511147 -2.27828 39.0318 25.7793
10.1143 28137227 28137225 28137249 28137224 3.70877426464 -11.4692 35.8128 35.0213
10.1274 28137225 28137224 28137249 28137223 3.49086136926 -1.1553 19.296 35.1928
9.08038 28137275 28137274 28137278 28137273 6.49159774567 -6.65691 -13.3011 -0.941177
9.13871 28137274 28137273 28137278 28137272 6.14490120342 -11.2259 -11.2489 -2.17998
9.1573 28137273 28137272 28137278 28137271 6.01075739884 -9.22559 -8.29226 -1.27205
9.17946 28137272 28137271 28137278 28137270 5.84661374788 -10.2532 -3.94502 -0.609377
9.32958 28137271 28137270 28137278 28137269 5.52976580795 -9.33618 -0.292827 -6.23832
9.0066 28137295 28137294 28137304 28137293 6.01075739884 9.60748 -2.72459 3.70021
9.0316 28137294 28137293 28137304 28137292 5.84661374788 9.51296 -1.47536 6.04233
9.19223 28137293 28137292 28137304 28137291 5.52976580795 4.53454 12.2377 4.90402
9.0066 28137374 28137373 28137380 28137372 8.01217294887 1.57446 -3.3831 5.9693
9.05235 28137373 28137372 28137380 28137371 7.59510714987 1.00173 -3.83033 6.04127
9.07492 28137372 28137371 28137380 28137370 7.23627606617 -0.66887 -2.04527 3.31117
9.09637 28137371 28137370 28137380 28137369 7.00541704554 -2.1756 -2.95975 3.15895
9.10157 28137370 28137369 28137380 28137368 6.85511726265 -1.82254 -2.79073 2.37919
9.35194 28137369 28137368 28137380 28137367 6.49159774567 -18.5715 3.43185 -5.93089
9.40001 28137368 28137367 28137380 28137366 6.14490120342 -15.9738 0.143937 -9.43923
9.40774 28137367 28137366 28137380 28137365 6.01075739884 -16.1039 -3.06034 -7.7004
9.42649 28137366 28137365 28137380 28137364 5.84661374788 -15.3387 4.07565 -4.76853
9.00337 28137481 28137480 28137500 28137479 4.66451770247 -0.0301974 6.07615 -1.28861
9.02548 28137480 28137477 28137500 28137476 4.00794511147 1.29679 10.5218 -8.03585
9.16182 28137477 28137476 28137500 28137475 3.93726108473 3.29604 15.7736 -8.28255
9.17512 28137476 28137475 28137500 28137474 3.70877426464 1.61552 19.2096 -14.4485
9.2087 28137475 28137474 28137500 28137473 3.49086136926 2.86138 16.3218 -14.5286
9.24175 28137474 28137469 28137500 28137468 2.73314261732 17.9119 14.2616 -6.50303
9.2862 28137469 28137466 28137500 28137465 2.31611074396 16.444 5.77717 -4.96348
9.2862 28137466 28137465 28137500 28137464 2.20792547238 13.244 3.57363 -5.496
9.31874 28137465 28137464 28137500 28137463 2.1032696526 15.4302 3.51527 1.11649
9.06096 28137553 28137552 28137562 28137551 4.99593346816 24.631 -5.72681 -3.76222
9.06378 28137552 28137551 28137562 28137550 4.93938066349 26.5234 -6.70624 -6.89116
9.21072 28137551 28137550 28137562 28137549 4.66451770247 16.9886 -0.210409 -7.55462
9.25284 28137550 28137549 28137562 28137548 4.42803373661 30.5127 -5.48465 -6.03827
9.29457 28137549 28137548 28137562 28137547 4.17683491473 27.7164 -2.35475 -5.22322
9.33415 28137548 28137547 28137562 28137546 4.00794511147 20.7325 -0.606659 -3.77545
9.33716 28137547 28137546 28137562 28137545 3.93726108473 19.5831 -1.5639 -2.42964
9.42527 28137546 28137545 28137562 28137544 3.70877426464 21.3879 -10.2173 -1.15342
9.42771 28137545 28137544 28137562 28137543 3.49086136926 17.6573 -15.4544 -0.656152
9.45833 28137544 28137540 28137562 28137539 2.89578500573 8.25424 -8.7658 6.20593
9.57262 28137540 28137539 28137562 28137538 2.73314261732 3.9373 -21.2073 -1.71479
9.13154 28137590 28137589 28137591 28137588 3.08482263583 -19.6129 26.2118 -2.32578
9.18589 28137705 28137704 28137717 28137703 4.93938066349 0.0776503 5.60819 5.45604
9.31717 28137704 28137703 28137717 28137702 4.66451770247 -5.97604 1.32258 4.23837
9.4026 28137703 28137702 28137717 28137701 4.42803373661 -1.92398 -2.28666 8.25578
9.41784 28137702 28137701 28137717 28137700 4.17683491473 0.586198 -2.27482 8.81944
9.4651 28137701 28137700 28137717 28137699 4.00794511147 4.6146 5.18234 9.83429
9.49116 28137700 28137698 28137717 28137697 3.70877426464 1.63255 14.3745 7.04992
9.53713 28137698 28137696 28137717 28137695 3.28303305796 10.3997 17.6905 0.589994
9.55204 28137696 28137694 28137717 28137693 3.00813107163 13.9118 15.3789 -8.31276
9.56999 28137694 28137693 28137717 28137692 2.89578500573 16.6432 20.1874 -7.69967
9.59642 28137693 28137691 28137717 28137690 2.5772902716 10.5524 17.5954 -6.6253
9.64044 28137691 28137690 28137717 28137689 2.44422570455 11.1889 18.793 -10.6984
9.31083 28137802 28137801 28137819 28137800 3.28303305796 11.9999 0.815109 17.9061
9.34902 28137801 28137797 28137819 28137796 2.31611074396 15.3572 4.89229 26.9668
9.01928 28137860 28137859 28137869 28137858 3.93726108473 -2.77413 0.669587 -4.41371
9.05811 28137859 28137858 28137869 28137857 3.70877426464 -4.32148 -0.688311 0.170816
9.07766 28137858 28137857 28137869 28137856 3.49086136926 -5.68128 1.98316 -1.585
9.13871 28137857 28137856 28137869 28137855 3.28303305796 6.20143 2.90022 7.61367
9.01614 28138019 28138018 28138026 28138017 7.59510714987 2.33528 1.14557 0.310359
9.24175 28138018 28138017 28138026 28138016 7.23627606617 -15.2908 -5.60024 -0.525137
9.29951 28138017 28138016 28138026 28138015 7.00541704554 -28.208 -16.6571 -3.13314
9.36056 28138016 28138013 28138026 28138012 6.01075739884 -9.43738 17.5357 -1.03595
9.46621 28138013 28138012 28138026 28138011 5.84661374788 -18.1119 9.20959 0.0763641
9.62445 28138012 28138009 28138026 28138008 4.99593346816 -7.51173 15.8261 -3.68845
9.65005 28138009 28138007 28138026 28138006 4.66451770247 -6.59629 9.11325 -5.99188
9.72384 28138007 28138006 28138026 28138005 4.42803373661 -0.738774 11.5102 -6.85804
9.7826 28138006 28138004 28138026 28138003 4.00794511147 -0.712052 8.41302 -6.91286
9.81328 28138004 28138003 28138026 28138002 3.93726108473 -0.20518 10.6905 -17.7204
9.4503 28138033 28138032 28138041 28138014 6.85511726265 -20.9162 -19.4715 -2.48014
9.29951 28138050 28138049 28138050 28138048 6.14490120342 -19.8357 -10.9361 -1.53809
9.42281 28138049 28138046 28138050 28138045 5.52976580795 -10.3779 3.21736 -0.270188
9.49848 28138046 28138045 28138050 28138044 5.22758097313 -3.67152 7.55427 0.392219
9.01928 28138151 28138150 28138165 28138149 4.93938066349 3.50584 -0.571297 -3.04986
9.02239 28138150 28138149 28138165 28138148 4.66451770247 2.86866 0.845283 -1.80794
9.03463 28138149 28138147 28138165 28138146 4.17683491473 0.0514262 -0.962283 -5.35557
9.05235 28138147 28138144 28138165 28138143 3.70877426464 -0.465064 -0.548405 -3.89091
9.07216 28138144 28138141 28138165 28138140 3.08482263583 1.41264 -1.28716 -9.0975
9.10157 28138141 28138140 28138165 28138139 3.00813107163 0.14039 -4.7366 -3.29189
9.26543 28138219 28138218 28138232 28138217 4.00794511147 -16.9661 4.23041 4.74884
9.26896 28138218 28138216 28138232 28138215 3.70877426464 -18.3674 7.28709 7.01185
9.32958 28138216 28138215 28138232 28138214 3.49086136926 -14.4424 13.1568 11.8144
9.35194 28138215 28138211 28138232 28138210 2.89578500573 -25.4107 14.7149 12.8558
9.37319 28138211 28138210 28138232 28138209 2.73314261732 -8.12421 14.047 15.6853
9.42281 28138210 28138209 28138232 28138208 2.5772902716 -22.4099 24.9814 22.6905
9.14578 28138234 28138233 28138234 28138218 4.17683491473 -8.86518 2.04664 0.713102
9.08578 28138241 28138240 28138253 28138239 4.66451770247 -20.4361 18.1513 -2.87561
9.00337 28138325 28138324 28138347 28138323 3.00813107163 0.848131 0.919591 6.84472
9.0316 28138324 28138322 28138347 28138321 2.73314261732 -0.205084 1.5158 5.71909
9.03763 28138322 28138319 28138347 28138318 2.31611074396 1.93556 -4.18602 16.9176
9.00012 28138411 28138410 28138419 28138409 5.52976580795 11.6177 1.53645 -8.62042
9.21671 28138410 28138409 28138419 28138408 5.22758097313 3.35364 6.58779 -15.2361
9.2672 28138409 28138407 28138419 28138406 4.93938066349 1.19816 6.83707 -8.40945
9.26896 28138407 28138406 28138419 28138405 4.66451770247 2.32389 1.11448 -15.9068
9.37042 28138406 28138404 28138419 28138403 4.17683491473 -3.06578 -3.19115 -12.7745
9.40131 28138404 28138403 28138419 28138402 4.00794511147 -4.65384 -0.215161 -4.52514
9.41659 28138403 28138402 28138419 28138401 3.93726108473 -12.9633 -13.6867 -6.65447
9.44914 28138402 28138401 28138419 28138400 3.70877426464 -8.01384 -17.1275 -6.26087
9.45376 28138401 28138400 28138419 28138399 3.49086136926 -12.295 -14.9576 -4.10878
9.51275 28138400 28138398 28138419 28138397 3.08482263583 -27.9944 -10.524 -6.37692
9.51675 28138398 28138397 28138419 28138396 3.00813107163 -27.0913 -9.38117 -8.0475
9.54278 28138397 28138396 28138419 28138395 2.89578500573 -16.3672 -15.7216 -8.63479
9.64342 28138396 28138395 28138419 28138394 2.73314261732 -20.9152 -34.4441 -9.08859
9.66088 28138395 28138394 28138419 28138393 2.5772902716 2.54138 -34.9923 5.71109
9.69118 28138394 28138392 28138419 28138391 2.31611074396 -8.20428 -34.1214 -3.69915
9.70621 28138392 28138387 28138419 28138386 1.82268925262 -14.8973 -38.1024 -19.0751
9.71322 28138387 28138386 28138419 28138385 1.74357057433 -22.7304 -28.9342 -18.0341
9.03463 28138533 28138532 28138539 28138531 5.52976580795 0.332783 -3.70669 4.88434
9.14108 28138532 28138531 28138539 28138530 5.22758097313 -6.38928 1.67684 -1.32335
9.15956 28138531 28138528 28138539 28138527 4.66451770247 -5.38487 0.166197 0.474514
9.19223 28138528 28138527 28138539 28138526 4.42803373661 -1.58932 1.20333 -2.55561
9.19223 28138527 28138516 28138539 28138515 2.5772902716 -2.44535 2.43395 -0.555521
9.22262 28138516 28138515 28138539 28138514 2.44422570455 -0.834001 0.818942 0.324521
9.22651 28138515 28138512 28138539 28138511 2.1032696526 -0.0388912 -0.737418 4.97807
9.23988 28138512 28138511 28138539 28138510 2.00202813925 -0.0992352 -1.08392 3.15127
9.24175 28138511 28138508 28138539 28138507 1.74357057433 2.27499 -5.38528 5.75722
9.05235 28138633 28138632 28138639 28138631 7.59510714987 5.21958 -4.89378 5.85638
9.07216 28138632 28138631 28138639 28138630 7.23627606617 6.53373 -4.34998 5.77193
9.15956 28138631 28138630 28138639 28138629 7.00541704554 1.31902 -4.59837 1.0561
9.16852 28138630 28138628 28138639 28138627 6.49159774567 -0.787531 -3.46558 1.95334
9.25828 28138628 28138627 28138639 28138626 6.14490120342 8.39228 -5.67469 -1.06335
9.2862 28138627 28138623 28138639 28138622 5.22758097313 4.24201 4.46793 3.87532
9.28956 28138623 28138622 28138639 28138621 4.99593346816 4.18521 -6.50552 -9.002
9.31717 28138622 28138617 28138639 28138616 4.00794511147 2.64999 -4.91672 1.9507
9.19848 28139028 28139027 28139040 28139026 4.42803373661 -4.13016 -0.744176 1.31602
9.22262 28139027 28139026 28139040 28139025 4.17683491473 -3.792 3.34397 0.342093
9.27072 28139026 28139025 28139040 28139024 4.00794511147 -0.868909 0.7416 1.08895
9.3044 28139025 28139023 28139040 28139022 3.70877426464 0.33357 -1.74585 1.39608
9.32031 28139023 28139022 28139040 28139021 3.49086136926 0.65411 -5.38521 3.31183
9.38681 28139022 28139020 28139040 28139019 3.08482263583 5.2125 1.94816 -8.61479
9.40518 28139020 28139019 28139040 28139018 3.00813107163 4.25483 -0.568525 -9.63343
9.40518 28139019 28139016 28139040 28139015 2.5772902716 -0.973081 -0.528466 -7.97296
9.41659 28139016 28139015 28139040 28139014 2.44422570455 0.266996 1.13103 -8.59077
9.41909 28139015 28139014 28139040 28139013 2.31611074396 -4.20511 -5.05711 -7.84629
9.44564 28139014 28139013 28139040 28139012 2.20792547238 -9.91104 -2.71486 -9.95806
9.4651 28139013 28139012 28139040 28139011 2.1032696526 -16.8339 -1.72076 -6.84277
9.49744 28139012 28139010 28139040 28139009 1.90408954353 -18.5286 -20.9634 -2.71475
9.53428 28139010 28139009 28139040 28139008 1.82268925262 -20.3765 -27.8546 0.511637
9.02548 28139200 28139199 28139215 28139198 4.00794511147 -0.28211 -1.63389 0.834411
9.04653 28139199 28139197 28139215 28139196 3.70877426464 -1.30361 2.38573 1.03612
9.12668 28139197 28139196 28139215 28139195 3.49086136926 -2.14864 -0.0638804 0.51499
9.19013 28139196 28139195 28139215 28139194 3.28303305796 -5.80631 0.542468 -0.52931
9.25828 28139195 28139194 28139215 28139193 3.08482263583 -4.74466 7.13164 -3.42813
9.26543 28139194 28139191 28139215 28139190 2.73314261732 -2.50197 15.1729 -0.661774
9.34609 28139191 28139190 28139215 28139189 2.5772902716 -4.33835 -0.246869 11.6941
9.37457 28139190 28139188 28139215 28139187 2.31611074396 -6.39172 -0.799698 11.8306
9.00012 28139325 28139324 28139341 28139323 4.99593346816 1.67919 2.82142 0.0172434
9.02239 28139324 28139322 28139341 28139321 4.66451770247 -0.772543 2.24735 -0.387583
9.10415 28139322 28139321 28139341 28139320 4.42803373661 -0.122702 -1.13005 1.65292
9.10415 28139321 28139319 28139341 28139318 4.00794511147 1.6943 3.67882 -1.14233
9.15502 28139319 28139315 28139341 28139314 3.28303305796 -10.3986 0.82376 4.52694
9.24175 28139315 28139314 28139341 28139313 3.08482263583 -1.47046 1.04474 3.1244
9.24362 28139314 28139313 28139341 28139312 3.00813107163 -3.22729 -0.690833 3.35509
9.25284 28139313 28139312 28139341 28139311 2.89578500573 -2.0044 2.79268 7.79881
9.07766 28139426 28139425 28139439 28139424 5.52976580795 -2.92707 -10.8952 4.85687
9.30602 28139425 28139424 28139439 28139423 5.22758097313 1.33566 -28.9381 1.8348
9.30763 28139424 28139423 28139439 28139422 4.99593346816 2.66768 -25.0921 -1.2555
9.31401 28139423 28139422 28139439 28139421 4.93938066349 1.92119 -30.1473 0.633644
9.40902 28139422 28139421 28139439 28139420 4.66451770247 -2.33519 -23.1524 -8.27026
9.55569 28139421 28139420 28139439 28139419 4.42803373661 20.2633 -6.29755 -4.46326
9.70492 28139420 28139419 28139439 28139418 4.17683491473 38.77 6.15441 -9.10337
9.77554 28139419 28139418 28139439 28139417 4.00794511147 34.5153 2.95812 -10.9068
9.80003 28139418 28139417 28139439 28139416 3.93726108473 35.2018 2.67223 -12.7163
9.83531 28139417 28139416 28139439 28139415 3.70877426464 20.3506 0.2229 -20.1128
9.87321 28139416 28139415 28139439 28139414 3.49086136926 21.3603 7.78146 -17.9517
9.88101 28139415 28139414 28139439 28139413 3.28303305796 16.4468 9.04791 -17.4918
9.94259 28139414 28139413 28139439 28139412 3.08482263583 5.95394 5.93285 -15.4449
9.95941 28139413 28139411 28139439 28139410 2.89578500573 2.43212 -3.54764 -3.23787
10.4355 28139411 28139407 28139439 28139406 2.31611074396 103.695 -49.7075 -59.1133
10.4935 28139407 28139406 28139439 28139405 2.20792547238 62.7771 -58.2239 -83.4788
10.524 28139406 28139403 28139439 28139402 1.90408954353 26.1556 -90.8721 -108.779
10.5571 28139403 28139399 28139439 28139398 1.60423452207 13.0223 -85.8182 -148.311
10.5759 28139399 28139397 28139439 28139396 1.47197484527 50.9972 -149.755 -203.069
9.05811 28139462 28139461 28139470 28139460 5.84661374788 -10.5676 -7.19294 3.66737
9.1573 28139461 28139460 28139470 28139459 5.52976580795 -10.1323 -6.88968 2.05018
9.26543 28139460 28139459 28139470 28139458 5.22758097313 -12.7238 -8.75826 3.95933
9.2742 28139459 28139458 28139470 28139457 4.99593346816 -8.26561 -8.58735 3.66627
9.2742 28139458 28139457 28139470 28139456 4.93938066349 -8.77085 -7.69789 3.48627
9.00337 28139510 28139509 28139525 28139508 3.28303305796 -0.809208 2.13225 -21.6287
9.02239 28139551 28139550 28139555 28139549 6.85511726265 1.96004 1.77312 7.38913
9.11681 28139550 28139549 28139555 28139548 6.49159774567 -1.32547 6.05709 -12.6559
9.22651 28139549 28139547 28139555 28139546 6.01075739884 10.3833 8.22378 9.41527
9.25828 28139547 28139546 28139555 28139545 5.84661374788 3.44405 5.76938 -7.64634
9.32031 28139546 28139545 28139555 28139544 5.52976580795 4.63469 10.0762 1.26299
9.32651 28139545 28139544 28139555 28139543 5.22758097313 5.40986 9.15559 2.48973
9.35194 28139544 28139543 28139555 28139542 4.99593346816 3.1369 10.4251 1.26061
9.35771 28139543 28139542 28139555 28139541 4.93938066349 4.20093 11.0051 -2.39737
9.41534 28139542 28139541 28139555 28139540 4.66451770247 4.2913 7.21761 -1.17127
9.57523 28139541 28139540 28139555 28139539 4.42803373661 34.16 5.3559 8.43616
9.66514 28139540 28139539 28139555 28139538 4.17683491473 26.6561 -7.29035 11.1156
9.71259 28139539 28139538 28139555 28139537 4.00794511147 45.4389 6.9127 -0.0153263
9.71259 28139538 28139536 28139555 28139535 3.70877426464 21.8303 -5.65244 7.52382
9.74491 28139536 28139534 28139555 28139533 3.28303305796 29.5365 -8.97851 -0.407177
9.80312 28139534 28139533 28139555 28139532 3.08482263583 36.9289 -18.1499 -16.9065
10.3477 28139533 28139528 28139555 28139407 2.44422570455 123.731 -81.3963 -57.557
9.0098 28139610 28139609 28139624 28139608 4.99593346816 3.54217 -2.28486 1.95817
9.01928 28139609 28139608 28139624 28139607 4.93938066349 2.92623 -3.21334 1.90343
9.19013 28139608 28139607 28139624 28139606 4.66451770247 -11.8483 17.2227 -1.68751
9.39346 28139607 28139605 28139624 28139604 4.17683491473 -19.6231 7.55944 -5.54772
9.45145 28139605 28139604 28139624 28139603 4.00794511147 -23.9244 5.0933 -9.6482
9.51873 28139604 28139603 28139624 28139602 3.93726108473 -26.2894 3.15626 -13.6248
9.58638 28139603 28139602 28139624 28139601 3.70877426464 -15.4216 2.64453 -7.46382
9.86348 28139602 28139598 28139624 28139597 3.00813107163 25.0875 -28.6357 -23.318
10.1161 28139598 28139596 28139624 28139595 2.73314261732 41.531 -107.671 -107.355
10.2125 28139596 28139595 28139624 28139594 2.5772902716 38.2467 -80.3018 -133.717
9.01928 28139639 28139638 28139642 28139637 5.22758097313 1.96175 -8.55825 4.25731
9.02239 28139638 28139637 28139642 28139636 4.99593346816 1.00596 -11.3251 4.08865
9.01298 28139653 28139652 28139668 28139651 4.17683491473 17.6017 2.98121 -5.18913
9.04653 28139652 28139651 28139668 28139650 4.00794511147 19.4917 1.27605 -7.19726
9.05524 28139651 28139650 28139668 28139649 3.93726108473 18.8223 1.8839 -7.40095
9.16182 28139650 28139649 28139668 28139648 3.70877426464 7.57638 8.053 -5.17599
9.87496 28139649 28139645 28139668 28139596 2.89578500573 38.7841 -40.9635 -39.109
9.13154 28139682 28139681 28139690 28139680 4.99593346816 6.10665 -2.51434 20.0758
9.13154 28139681 28139679 28139690 28139678 4.66451770247 5.44938 0.44316 19.4194
9.16852 28139679 28139678 28139690 28139677 4.42803373661 5.70847 -1.38372 19.2115
9.19013 28139678 28139676 28139690 28139675 4.00794511147 7.64521 3.30997 9.57688
9.20055 28139676 28139675 28139690 28139674 3.93726108473 6.6606 3.72803 8.61178
9.24175 28139675 28139674 28139690 28139673 3.70877426464 5.24244 1.66742 12.1062
9.27594 28139674 28139673 28139690 28139672 3.49086136926 12.4493 4.17086 15.0093
9.39214 28139673 28139671 28139690 28139670 3.08482263583 12.3829 1.89013 16.07
9.0066 28139715 28139714 28139725 28139713 5.22758097313 2.77227 3.58226 5.26904
9.04945 28139714 28139713 28139725 28139712 4.99593346816 2.56666 1.8994 4.49103
10.5235 28139713 28139695 28139725 28139589 2.00202813925 46.4934 -107.511 -127.299
