logMh | fpID | subhaloID | main leaf ID | descID |  z
9.01298 80000018000008563 80000018000008562 80000018000008570 80000018000008561 9.38877127194 0.583396 -2.32408 -1.46635
9.02239 80000018000008562 80000018000008561 80000018000008570 80000018000008560 9.00233985416 -0.85163 -2.0458 -0.689899
9.02855 80000018000008561 80000018000008560 80000018000008570 80000018000008559 8.9079991856 -0.833763 -3.45953 -1.38666
9.09898 80000018000008560 80000018000008559 80000018000008570 80000018000008558 8.44947629437 -3.69993 -5.6136 0.739425
9.20464 80000018000008559 80000018000008558 80000018000008570 80000018000008557 8.01217294887 0.0508987 -3.81515 -0.214896
9.2342 80000018000008558 80000018000008557 80000018000008570 80000018000008556 7.59510714987 -3.86862 -5.51524 0.372425
9.25828 80000018000008557 80000018000008556 80000018000008570 80000018000008555 7.23627606617 -4.39245 -4.33882 -0.987992
9.31083 80000018000008556 80000018000008555 80000018000008570 80000018000008554 7.00541704554 -6.14373 -1.95446 4.14879
9.36902 80000018000008555 80000018000008554 80000018000008570 80000018000008553 6.85511726265 -4.96804 3.21858 5.25679
9.41659 80000018000008554 80000018000008553 80000018000008570 80000018000008552 6.49159774567 -7.36196 7.59323 6.28426
9.43617 80000018000008553 80000018000008552 80000018000008570 80000018000008551 6.14490120342 -5.68845 6.14482 6.50915
9.4549 80000018000008552 80000018000008550 80000018000008570 80000018000008549 5.84661374788 -7.19155 11.6382 8.95445
9.51675 80000018000008550 80000018000008549 80000018000008570 80000018000008548 5.52976580795 -8.2228 11.669 7.76332
9.5956 80000018000008549 80000018000008548 80000018000008570 80000018000008547 5.22758097313 -7.41552 12.5416 4.66684
9.66088 80000018000008548 80000018000008547 80000018000008570 80000018000008546 4.99593346816 -10.4933 7.75964 0.574956
9.67629 80000018000008547 80000018000008546 80000018000008570 80000018000008545 4.93938066349 -15.1225 9.48304 -2.12043
9.87234 80000018000008546 80000018000008544 80000018000008570 80000018000008543 4.42803373661 -1.69304 2.68618 -12.2415
9.95363 80000018000008544 80000018000008543 80000018000008570 80000018000008542 4.17683491473 -5.36749 6.88771 -24.9832
10.0615 80000018000008543 80000018000008542 80000018000008570 80000018000008541 4.00794511147 7.51236 28.7211 -10.0152
10.0924 80000018000008542 80000018000008541 80000018000008570 80000018000008540 3.93726108473 15.3984 30.677 -23.66
10.1397 80000018000008541 80000018000008540 80000018000008570 80000018000008539 3.70877426464 19.5981 53.4406 -16.0212
10.5033 80000018000008540 80000018000008538 80000018000008570 80000018000008537 3.28303305796 73.7188 110.811 -88.5226
10.5099 80000018000008538 80000018000008536 80000018000008570 80000018000008535 3.00813107163 53.9933 104.153 -84.0107
10.534 80000018000008536 80000018000008535 80000018000008570 80000018000008534 2.89578500573 58.0513 107.999 -83.9249
10.6177 80000018000008535 80000018000008534 80000018000008570 80000018000008533 2.73314261732 51.406 98.7695 -114.89
10.6262 80000018000008534 80000018000008533 80000018000008570 80000018000008532 2.5772902716 36.1062 103.606 -102.346
10.6671 80000018000008533 80000018000008532 80000018000008570 80000018000008531 2.44422570455 37.982 121.436 -116.212
10.6911 80000018000008532 80000018000008531 80000018000008570 80000018000008530 2.31611074396 44.1568 114.65 -120.871
10.7131 80000018000008531 80000018000008530 80000018000008570 80000018000008529 2.20792547238 40.2038 116.2 -144.709
10.7238 80000018000008530 80000018000008528 80000018000008570 80000018000008527 2.00202813925 -2.21232 116.747 -178.11
10.7366 80000018000008528 80000018000008526 80000018000008570 80000018000008525 1.82268925262 -1.09618 106.982 -162.214
10.7373 80000018000008526 80000018000008525 80000018000008570 80000018000008524 1.74357057433 -12.89 105.635 -169.301
10.7641 80000018000008525 80000018000008523 80000018000008570 80000018000008522 1.60423452207 -10.1978 111.485 -197.513
10.7719 80000018000008523 80000018000008520 80000018000008570 80000018000008519 1.41409822037 -12.678 128.249 -215.394
10.7864 80000018000008520 80000018000008519 80000018000008570 80000018000008518 1.3575766674 -4.79866 136.001 -218.602
10.7995 80000018000008519 80000018000008518 80000018000008570 80000018000008517 1.30237845991 -23.4387 135.851 -224.58
10.8107 80000018000008518 80000018000008517 80000018000008570 80000018000008516 1.24847261425 -40.2896 138.097 -255.23
10.8226 80000018000008517 80000018000008516 80000018000008570 80000018000008515 1.20625808078 -30.48 144.188 -253.71
10.851 80000018000008516 80000018000008515 80000018000008570 80000018000008514 1.15460271236 -71.9243 163.195 -265.473
10.8587 80000018000008515 80000018000008514 80000018000008570 80000018000008513 1.11415056377 -99.1617 181.431 -275.572
10.8715 80000018000008514 80000018000008513 80000018000008570 80000018000008512 1.07445789455 -100.484 173.236 -272.669
10.8727 80000018000008513 80000018000008512 80000018000008570 80000018000008511 1.03551044566 -124.446 185.361 -257.415
10.8776 80000018000008512 80000018000008511 80000018000008570 80000018000008510 0.997294225782 -110.992 204.275 -235.924
10.8904 80000018000008511 80000018000008509 80000018000008570 80000018000008508 0.950531351585 -121.731 201.453 -243.729
10.8922 80000018000008509 80000018000008508 80000018000008570 80000018000008507 0.923000816178 -114.616 200.619 -241.689
10.9005 80000018000008508 80000018000008507 80000018000008570 80000018000008506 0.886896937575 -109.788 198.193 -251.392
10.9194 80000018000008507 80000018000008506 80000018000008570 80000018000008505 0.851470900625 -141.856 213.06 -272.155
10.935 80000018000008506 80000018000008503 80000018000008570 80000018000008502 0.757441372616 -171.859 193.47 -275.829
10.939 80000018000008503 80000018000008502 80000018000008570 80000018000008501 0.732636182022 -188.296 190.495 -266.93
10.9508 80000018000008502 80000018000008501 80000018000008570 80000018000008500 0.700106353719 -237.508 215.046 -274.751
10.9536 80000018000008501 80000018000008500 80000018000008570 80000018000008499 0.676110411213 -247.926 207.334 -264.725
10.9539 80000018000008500 80000018000008499 80000018000008570 80000018000008498 0.644641840685 -241.029 214.58 -274.129
10.9609 80000018000008499 80000018000008498 80000018000008570 80000018000008497 0.621428745243 -234.139 224.232 -272.147
10.9735 80000018000008498 80000018000008497 80000018000008570 80000018000008496 0.598543288188 -244.835 231.839 -278.567
10.9768 80000018000008497 80000018000008496 80000018000008570 80000018000008495 0.575980845108 -262.863 229.524 -292.906
10.9895 80000018000008496 80000018000008495 80000018000008570 80000018000008494 0.546392183141 -304.026 238.956 -318.97
10.9961 80000018000008495 80000018000008494 80000018000008570 80000018000008493 0.524565820434 -325.403 241.779 -323.486
11.01 80000018000008494 80000018000008493 80000018000008570 80000018000008492 0.503047523245 -348.471 251.424 -327.027
11.0234 80000018000008493 80000018000008492 80000018000008570 80000018000008491 0.481832943421 -341.795 266.164 -336.994
11.0302 80000018000008492 80000018000008491 80000018000008570 80000018000008490 0.460917794181 -324.389 287.807 -319.832
11.0399 80000018000008491 80000018000008490 80000018000008570 80000018000008489 0.440297849248 -323.227 258.175 -338.133
11.0583 80000018000008490 80000018000008489 80000018000008570 80000018000008488 0.419968941997 -302.113 270.462 -332.108
11.0617 80000018000008489 80000018000008488 80000018000008570 80000018000008487 0.399926964614 -273.93 276.573 -314.813
11.0792 80000018000008488 80000018000008487 80000018000008570 80000018000008486 0.38016786726 -258.115 291.348 -318.234
11.1027 80000018000008487 80000018000008486 80000018000008570 80000018000008485 0.360687657262 -232.642 304.08 -318.512
11.1093 80000018000008486 80000018000008485 80000018000008570 80000018000008484 0.347853841858 -231.996 317.833 -306.794
11.115 80000018000008485 80000018000008484 80000018000008570 80000018000008483 0.328829724206 -244.912 311.602 -320.132
11.1193 80000018000008484 80000018000008483 80000018000008570 80000018000008482 0.310074120128 -267.756 311.824 -334.736
11.1273 80000018000008483 80000018000008482 80000018000008570 80000018000008481 0.291583239722 -262.797 319.834 -327.419
11.1406 80000018000008482 80000018000008481 80000018000008570 80000018000008480 0.273353346578 -228.431 318.594 -336.675
11.1683 80000018000008481 80000018000008480 80000018000008570 80000018000008479 0.261343256161 -234.348 324.722 -375.778
11.1771 80000018000008480 80000018000008475 80000018000008570 80000018000008474 0.180385261706 -246.949 364.112 -329.163
11.1819 80000018000008475 80000018000008473 80000018000008570 80000018000008472 0.152748768902 -279.971 373.477 -304.004
11.1819 80000018000008473 80000018000008472 80000018000008570 80000018000008471 0.14187620397 -290.501 380.022 -297.561
11.1855 80000018000008472 80000018000008471 80000018000008570 80000018000008470 0.125759332411 -312.938 381.545 -287.973
11.1856 80000018000008471 80000018000008469 80000018000008570 80000018000008468 0.0994018026302 -355.833 380.985 -290.183
11.1892 80000018000008469 80000018000008468 80000018000008570 80000018000008467 0.0838844307975 -362.323 384.44 -271.252
11.1916 80000018000008468 80000018000008467 80000018000008570 80000018000008466 0.0736613846564 -372.625 390.999 -253.433
11.192 80000018000008467 80000018000008465 80000018000008570 80000018000008464 0.0485236299818 -370.176 392.014 -260.976
11.1945 80000018000008465 80000018000008461 80000018000008570 -1 2.22044604925e-16 -388.526 372.666 -234.828
9.00012 80000018000008603 80000018000008602 80000018000008616 80000018000008601 5.84661374788 0.351634 0.0839066 0.36347
9.02855 80000018000008602 80000018000008600 80000018000008616 80000018000008599 5.22758097313 -8.65584 -6.38863 -3.08066
10.2931 80000018000008600 80000018000008592 80000018000008616 80000018000008538 3.49086136926 36.3077 74.829 -23.2664
9.10671 80000018000008652 80000018000008651 80000018000008658 80000018000008650 6.01075739884 2.5949 -12.9994 4.46877
9.23037 80000018000008651 80000018000008649 80000018000008658 80000018000008648 5.52976580795 3.73352 -15.4853 1.10019
9.41659 80000018000008649 80000018000008648 80000018000008658 80000018000008647 5.22758097313 7.63065 -14.811 4.284
9.69184 80000018000008648 80000018000008645 80000018000008658 80000018000008644 4.66451770247 1.30458 -5.33979 -16.5533
9.49011 80000018000008661 80000018000008660 80000018000008672 80000018000008659 4.99593346816 3.811 -8.70804 -10.8631
9.55387 80000018000008660 80000018000008659 80000018000008672 80000018000008645 4.93938066349 3.72796 -15.5597 -11.4554
9.0316 80000018000008697 80000018000008696 80000018000008706 80000018000008695 6.01075739884 -1.28428 3.10658 -0.542578
9.10157 80000018000008696 80000018000008694 80000018000008706 80000018000008693 5.52976580795 -4.44095 10.8765 -1.62059
9.16407 80000018000008694 80000018000008692 80000018000008706 80000018000008691 4.99593346816 -3.2804 7.69832 -2.79034
9.24918 80000018000008692 80000018000008690 80000018000008706 80000018000008689 4.66451770247 -2.62109 9.07822 -2.71545
9.05811 80000018000008766 80000018000008765 80000018000008772 80000018000008764 8.01217294887 -4.69475 -0.727398 -5.17524
9.07492 80000018000008765 80000018000008763 80000018000008772 80000018000008762 7.23627606617 -2.99585 -0.993507 -0.809622
9.09375 80000018000008763 80000018000008762 80000018000008772 80000018000008761 7.00541704554 -3.25554 -1.49528 -1.10726
9.12668 80000018000008762 80000018000008761 80000018000008772 80000018000008760 6.85511726265 -2.6246 -11.8891 -3.4621
9.18376 80000018000008761 80000018000008760 80000018000008772 80000018000008759 6.49159774567 -4.22767 -6.24591 -1.03949
9.19641 80000018000008760 80000018000008759 80000018000008772 80000018000008758 6.14490120342 -5.14604 -2.40118 -3.47031
9.21671 80000018000008759 80000018000008757 80000018000008772 80000018000008756 5.84661374788 -3.09623 -3.7293 -4.32625
9.40646 80000018000008757 80000018000008756 80000018000008772 80000018000008755 5.52976580795 5.26341 1.1704 1.35846
9.46172 80000018000008756 80000018000008755 80000018000008772 80000018000008754 5.22758097313 3.95024 2.24191 -0.641262
9.49011 80000018000008755 80000018000008754 80000018000008772 80000018000008753 4.99593346816 -8.04011 0.0852683 -6.69312
9.55296 80000018000008754 80000018000008753 80000018000008772 80000018000008752 4.93938066349 -29.4582 6.64341 -9.68418
9.61346 80000018000008753 80000018000008752 80000018000008772 80000018000008751 4.66451770247 -26.0308 28.408 -23.8764
9.66443 80000018000008752 80000018000008751 80000018000008772 80000018000008750 4.42803373661 -26.0878 24.3562 -26.08
9.85124 80000018000008751 80000018000008750 80000018000008772 80000018000008749 4.17683491473 -52.8632 29.4091 -17.0017
9.8891 80000018000008750 80000018000008749 80000018000008772 80000018000008748 4.00794511147 -53.9076 28.5609 -19.751
9.8912 80000018000008749 80000018000008748 80000018000008772 80000018000008747 3.93726108473 -52.7869 28.3131 -19.2307
9.89162 80000018000008748 80000018000008747 80000018000008772 80000018000008746 3.70877426464 -56.4109 30.1917 -14.3686
9.08578 80000018000008797 80000018000008796 80000018000008805 80000018000008795 5.52976580795 -5.95257 -17.6455 1.32043
9.20464 80000018000008796 80000018000008795 80000018000008805 80000018000008794 5.22758097313 -30.674 -23.1269 3.91601
9.01614 80000018000008808 80000018000008807 80000018000008816 80000018000008806 4.99593346816 -16.1567 3.35335 5.12676
9.05235 80000018000008907 80000018000008906 80000018000008915 80000018000008905 7.23627606617 0.659228 -3.99549 6.45081
9.06378 80000018000008906 80000018000008904 80000018000008915 80000018000008903 6.85511726265 -1.09615 -4.95265 2.91924
9.08038 80000018000008904 80000018000008903 80000018000008915 80000018000008902 6.49159774567 -0.0344948 -6.14568 2.68985
9.12178 80000018000008903 80000018000008902 80000018000008915 80000018000008901 6.14490120342 -0.614173 -5.20487 -1.14886
9.15956 80000018000008902 80000018000008900 80000018000008915 80000018000008899 5.84661374788 -3.15159 -3.89395 2.56088
9.18589 80000018000008900 80000018000008899 80000018000008915 80000018000008898 5.52976580795 -2.33837 -8.64003 2.01095
9.2342 80000018000008899 80000018000008898 80000018000008915 80000018000008897 5.22758097313 -2.0714 -4.76445 5.76452
9.24362 80000018000008898 80000018000008897 80000018000008915 80000018000008896 4.99593346816 -2.35573 -4.10938 4.32582
9.26543 80000018000008897 80000018000008896 80000018000008915 80000018000008895 4.93938066349 -2.41555 -4.96105 6.5441
9.29787 80000018000008896 80000018000008895 80000018000008915 80000018000008894 4.66451770247 -1.09432 -10.1468 4.7717
9.33415 80000018000008895 80000018000008893 80000018000008915 80000018000008892 4.17683491473 -2.04072 -5.76452 10.7387
9.38948 80000018000008893 80000018000008892 80000018000008915 80000018000008891 4.00794511147 -1.66493 -6.59208 2.25572
9.39346 80000018000008892 80000018000008887 80000018000008915 80000018000008886 3.08482263583 0.691485 -5.73046 3.80207
9.40001 80000018000008887 80000018000008886 80000018000008915 80000018000008885 3.00813107163 2.46933 -3.95332 0.604952
9.0066 80000018000009211 80000018000009210 80000018000009224 80000018000009209 5.84661374788 0.415389 -7.47078 4.2589
9.12178 80000018000009210 80000018000009208 80000018000009224 80000018000009207 5.22758097313 -1.59337 -11.9169 -3.68337
9.12668 80000018000009208 80000018000009206 80000018000009224 80000018000009205 4.93938066349 0.391819 -12.7703 2.68198
9.34313 80000018000009206 80000018000009205 80000018000009224 80000018000009204 4.66451770247 -4.51266 -15.5865 -14.4302
9.35771 80000018000009205 80000018000009204 80000018000009224 80000018000009203 4.42803373661 -1.73864 -13.7272 -8.99917
9.41659 80000018000009204 80000018000009203 80000018000009224 80000018000009202 4.17683491473 -2.33271 -13.467 -8.51626
9.45719 80000018000009203 80000018000009202 80000018000009224 80000018000009201 4.00794511147 -3.28417 -15.1834 -6.74812
9.46285 80000018000009202 80000018000009201 80000018000009224 80000018000009200 3.93726108473 -2.75663 -14.546 -8.49887
9.48157 80000018000009201 80000018000009200 80000018000009224 80000018000009199 3.70877426464 -1.04141 -12.6755 -6.13376
9.54465 80000018000009200 80000018000009199 80000018000009224 80000018000009198 3.49086136926 -9.45242 -13.6749 -7.17399
9.56201 80000018000009199 80000018000009194 80000018000009224 80000018000009193 2.73314261732 -15.0805 -6.95422 -8.46863
9.57436 80000018000009194 80000018000009193 80000018000009224 80000018000009192 2.5772902716 -16.7993 -3.46684 -15.4027
9.59059 80000018000009193 80000018000009192 80000018000009224 80000018000009191 2.44422570455 -7.60073 -0.203014 -7.95845
9.65151 80000018000009192 80000018000009191 80000018000009224 80000018000009190 2.31611074396 -2.13208 -1.72473 -2.72354
9.67005 80000018000009191 80000018000009190 80000018000009224 80000018000009189 2.20792547238 -8.98024 2.69495 12.3613
9.68717 80000018000009190 80000018000009189 80000018000009224 80000018000009188 2.1032696526 0.222059 -2.79197 4.42831
9.01298 80000018000009305 80000018000009304 80000018000009329 80000018000009303 1.82268925262 0.608355 6.41768 -0.551484
9.04653 80000018000009304 80000018000009303 80000018000009329 80000018000009302 1.74357057433 2.7585 3.00407 -1.06989
9.06939 80000018000009552 80000018000009551 80000018000009562 80000018000009550 7.59510714987 3.65366 5.02953 4.34704
9.08038 80000018000009551 80000018000009550 80000018000009562 80000018000009549 7.23627606617 0.194438 4.50342 4.99189
9.17073 80000018000009550 80000018000009549 80000018000009562 80000018000009548 7.00541704554 -2.79506 6.23216 8.60748
9.19013 80000018000009549 80000018000009548 80000018000009562 80000018000009547 6.85511726265 0.0349968 6.71018 7.94506
9.21869 80000018000009548 80000018000009547 80000018000009562 80000018000009546 6.49159774567 -0.945665 6.05063 7.17407
9.26896 80000018000009547 80000018000009546 80000018000009562 80000018000009545 6.14490120342 0.0348826 4.21177 7.19
9.31083 80000018000009546 80000018000009545 80000018000009562 80000018000009544 6.01075739884 2.03389 6.54789 7.17375
9.39346 80000018000009545 80000018000009543 80000018000009562 80000018000009542 5.52976580795 2.34833 1.04792 5.08626
9.45145 80000018000009543 80000018000009542 80000018000009562 80000018000009541 5.22758097313 1.05151 0.959935 1.72449
9.49744 80000018000009542 80000018000009541 80000018000009562 80000018000009540 4.99593346816 3.95253 1.78908 2.30307
9.5256 80000018000009541 80000018000009540 80000018000009562 80000018000009539 4.93938066349 4.73366 -0.517514 3.05404
9.66866 80000018000009540 80000018000009539 80000018000009562 80000018000009538 4.66451770247 8.04744 -29.1879 18.5525
9.76613 80000018000009539 80000018000009538 80000018000009562 80000018000009537 4.42803373661 34.2445 -28.5688 11.9862
9.87102 80000018000009538 80000018000009537 80000018000009562 80000018000009536 4.17683491473 34.8494 -29.1276 12.1924
9.90484 80000018000009537 80000018000009534 80000018000009562 80000018000009533 3.70877426464 10.8283 -25.1017 29.9719
9.93809 80000018000009534 80000018000009533 80000018000009562 80000018000009532 3.49086136926 7.56812 -28.6851 39.0483
9.96863 80000018000009533 80000018000009532 80000018000009562 80000018000009531 3.28303305796 5.74542 -19.6284 37.7972
9.9756 80000018000009532 80000018000009531 80000018000009562 80000018000009530 3.08482263583 11.0563 -15.1166 45.8818
9.97767 80000018000009531 80000018000009530 80000018000009562 80000018000009529 3.00813107163 4.8418 -20.2476 46.5918
10.006 80000018000009530 80000018000009528 80000018000009562 80000018000009527 2.73314261732 10.5674 -19.9041 37.381
10.0199 80000018000009528 80000018000009527 80000018000009562 80000018000009526 2.5772902716 23.7183 -24.6125 25.6174
10.0343 80000018000009527 80000018000009523 80000018000009562 80000018000009522 2.1032696526 -1.32626 -32.1196 27.011
10.0506 80000018000009523 80000018000009522 80000018000009562 80000018000009521 2.00202813925 -9.0565 -34.5251 23.0558
10.0561 80000018000009522 80000018000009520 80000018000009562 80000018000009519 1.82268925262 -6.51504 -35.4222 22.9101
10.0705 80000018000009520 80000018000009519 80000018000009562 80000018000009518 1.74357057433 -3.33629 -34.5146 20.6748
10.0828 80000018000009519 80000018000009518 80000018000009562 80000018000009517 1.66666955611 -3.76395 -34.802 18.6393
10.0932 80000018000009518 80000018000009517 80000018000009562 80000018000009516 1.60423452207 -6.40516 -38.7322 18.8008
10.0972 80000018000009517 80000018000009516 80000018000009562 80000018000009515 1.53123902916 -3.18529 -35.4065 21.9922
10.1049 80000018000009516 80000018000009515 80000018000009562 80000018000009514 1.47197484527 5.38916 -32.4301 17.8662
10.1205 80000018000009515 80000018000009513 80000018000009562 80000018000009512 1.3575766674 8.73987 -30.2792 17.7888
10.1303 80000018000009513 80000018000009512 80000018000009562 80000018000009511 1.30237845991 10.7122 -32.3822 22.0421
10.1366 80000018000009512 80000018000009511 80000018000009562 80000018000009510 1.24847261425 4.63908 -36.2528 17.1609
10.152 80000018000009511 80000018000009510 80000018000009562 80000018000009509 1.20625808078 9.28426 -33.615 18.6833
10.1568 80000018000009510 80000018000009509 80000018000009562 80000018000009508 1.15460271236 10.1138 -33.2699 21.2708
10.1589 80000018000009509 80000018000009506 80000018000009562 80000018000009505 1.03551044566 5.69532 -37.6612 24.3522
10.169 80000018000009506 80000018000009505 80000018000009562 80000018000009504 0.997294225782 8.92984 -40.4255 25.3215
10.1694 80000018000009505 80000018000009504 80000018000009562 80000018000009503 0.987852810816 14.5098 -38.9417 23.0711
10.1773 80000018000009504 80000018000009503 80000018000009562 80000018000009502 0.950531351585 12.6455 -41.0019 28.2155
10.1827 80000018000009503 80000018000009502 80000018000009562 80000018000009501 0.923000816178 11.8455 -42.0237 26.3707
10.1829 80000018000009502 80000018000009500 80000018000009562 80000018000009499 0.851470900625 14.6614 -39.3199 26.3264
10.192 80000018000009500 80000018000009499 80000018000009562 80000018000009498 0.816709979012 8.80313 -44.2843 25.5827
10.1964 80000018000009499 80000018000009497 80000018000009562 80000018000009496 0.757441372616 4.87625 -40.3873 25.7095
10.2022 80000018000009497 80000018000009496 80000018000009562 80000018000009495 0.732636182022 5.46188 -36.7474 29.7028
10.2053 80000018000009496 80000018000009493 80000018000009562 80000018000009492 0.644641840685 9.73034 -35.6047 28.1714
10.2121 80000018000009493 80000018000009492 80000018000009562 80000018000009491 0.621428745243 9.12954 -39.0774 30.0028
10.2226 80000018000009492 80000018000009491 80000018000009562 80000018000009490 0.598543288188 5.25866 -36.9364 32.4551
10.2327 80000018000009491 80000018000009489 80000018000009562 80000018000009488 0.546392183141 3.87885 -32.2309 38.7328
10.2369 80000018000009489 80000018000009485 80000018000009562 80000018000009484 0.460917794181 5.08503 -31.4542 34.2432
9.07492 80000018000009587 80000018000009586 80000018000009597 80000018000009585 5.52976580795 1.05104 1.88304 -7.66355
9.08845 80000018000009586 80000018000009585 80000018000009597 80000018000009584 5.22758097313 4.32676 2.41831 -7.93883
