logMh | fpID | subhaloID | main leaf ID | descID |  z
9.0066 80000301300000105 80000301300000104 80000301300000109 80000301300000103 10.3674435724 -4.27943 0.228621 6.53694
9.09375 80000301300000104 80000301300000103 80000301300000109 80000301300000102 9.99659046619 -4.60272 0.692197 6.77272
9.19641 80000301300000103 80000301300000102 80000301300000109 80000301300000101 9.84138043947 0.0727127 2.3983 -0.626298
9.2828 80000301300000102 80000301300000098 80000301300000109 80000301300000097 8.44947629437 -0.671713 0.645721 1.95892
9.34461 80000301300000098 80000301300000097 80000301300000109 80000301300000096 8.01217294887 -5.8841 5.29759 6.50091
9.34461 80000301300000097 80000301300000096 80000301300000109 80000301300000095 7.59510714987 -5.04506 -0.15039 6.59098
9.37319 80000301300000096 80000301300000095 80000301300000109 80000301300000094 7.23627606617 -4.18962 4.21594 5.06273
9.41282 80000301300000095 80000301300000094 80000301300000109 80000301300000093 7.00541704554 -3.94235 7.65185 5.35309
9.44329 80000301300000094 80000301300000092 80000301300000109 80000301300000091 6.49159774567 1.72504 2.94181 -0.418457
9.47396 80000301300000092 80000301300000091 80000301300000109 80000301300000090 6.14490120342 0.958897 5.49541 -0.523451
9.51774 80000301300000091 80000301300000089 80000301300000109 80000301300000088 5.84661374788 0.849671 4.11378 2.21196
9.91409 80000301300000089 80000301300000087 80000301300000109 80000301300000086 5.22758097313 -29.2632 16.7778 3.53095
10.0744 80000301300000087 80000301300000084 80000301300000109 80000301300000083 4.66451770247 -50.7856 16.2022 21.1721
10.2147 80000301300000084 80000301300000082 80000301300000109 80000301300000081 4.17683491473 -26.4775 2.80983 26.2268
10.2406 80000301300000082 80000301300000081 80000301300000109 80000301300000080 4.00794511147 -26.5729 8.54232 36.396
10.2438 80000301300000081 80000301300000080 80000301300000109 80000301300000079 3.93726108473 -22.7208 2.00535 26.6622
10.3097 80000301300000080 80000301300000079 80000301300000109 80000301300000078 3.70877426464 -45.1599 2.16537 56.2193
10.3237 80000301300000079 80000301300000078 80000301300000109 80000301300000077 3.49086136926 -40.087 11.2594 47.5765
10.3659 80000301300000078 80000301300000077 80000301300000109 80000301300000076 3.28303305796 -49.4776 17.0687 53.2269
10.4503 80000301300000077 80000301300000076 80000301300000109 80000301300000075 3.08482263583 -67.7277 43.8282 50.3891
10.4565 80000301300000076 80000301300000075 80000301300000109 80000301300000074 3.00813107163 -60.493 43.6775 43.8587
10.4764 80000301300000075 80000301300000074 80000301300000109 80000301300000073 2.89578500573 -68.116 37.3004 35.3015
10.6184 80000301300000074 80000301300000073 80000301300000109 80000301300000072 2.73314261732 -105.89 8.44895 95.3143
10.7227 80000301300000073 80000301300000072 80000301300000109 80000301300000071 2.5772902716 -104.126 -29.7013 173.643
10.7855 80000301300000072 80000301300000071 80000301300000109 80000301300000070 2.44422570455 -125.521 -51.3684 193.231
10.8166 80000301300000071 80000301300000070 80000301300000109 80000301300000069 2.31611074396 -109.762 -36.7153 194.07
10.8626 80000301300000070 80000301300000069 80000301300000109 80000301300000068 2.20792547238 -122.868 -27.1782 213.437
10.8779 80000301300000069 80000301300000068 80000301300000109 80000301300000067 2.1032696526 -71.2449 -26.1863 197.656
10.8938 80000301300000068 80000301300000067 80000301300000109 80000301300000066 2.00202813925 -62.2862 -44.9146 205.395
10.9263 80000301300000067 80000301300000066 80000301300000109 80000301300000065 1.90408954353 -71.6561 -55.5536 179.594
10.9347 80000301300000066 80000301300000065 80000301300000109 80000301300000064 1.82268925262 -59.8385 -15.8086 180.87
10.9562 80000301300000065 80000301300000064 80000301300000109 80000301300000063 1.74357057433 -70.718 -39.4553 162.766
10.9692 80000301300000064 80000301300000061 80000301300000109 80000301300000060 1.53123902916 -68.8374 21.9428 178.969
10.9694 80000301300000061 80000301300000060 80000301300000109 80000301300000059 1.47197484527 -28.4373 33.2685 165.971
10.9777 80000301300000060 80000301300000059 80000301300000109 80000301300000058 1.41409822037 -45.5008 -15.3073 173.532
10.9869 80000301300000059 80000301300000057 80000301300000109 80000301300000056 1.30237845991 62.38 55.9528 159.65
10.9988 80000301300000057 80000301300000056 80000301300000109 80000301300000055 1.24847261425 98.3829 24.3514 189.721
11.0182 80000301300000056 80000301300000054 80000301300000109 80000301300000053 1.15460271236 101.522 3.65844 200.211
11.0336 80000301300000054 80000301300000053 80000301300000109 80000301300000052 1.11415056377 148.182 -4.36536 223.43
11.0466 80000301300000053 80000301300000052 80000301300000109 80000301300000051 1.07445789455 184.847 28.7499 242.221
11.0578 80000301300000052 80000301300000050 80000301300000109 80000301300000049 0.997294225782 230.524 65.3426 271.252
11.0683 80000301300000050 80000301300000049 80000301300000109 80000301300000048 0.987852810816 244.809 74.3851 273.273
11.0937 80000301300000049 80000301300000048 80000301300000109 80000301300000047 0.950531351585 304.628 100.129 296.492
11.1171 80000301300000048 80000301300000047 80000301300000109 80000301300000046 0.923000816178 377.132 145.296 288.927
11.128 80000301300000047 80000301300000046 80000301300000109 80000301300000045 0.886896937575 341.698 106.498 270.174
11.1554 80000301300000046 80000301300000045 80000301300000109 80000301300000044 0.851470900625 461.407 169.514 242.288
11.1731 80000301300000045 80000301300000044 80000301300000109 80000301300000043 0.816709979012 498.004 176.8 217.425
11.1796 80000301300000044 80000301300000043 80000301300000109 80000301300000042 0.791068248946 524.033 222.991 212.869
11.1968 80000301300000043 80000301300000042 80000301300000109 80000301300000041 0.757441372616 560.124 233.513 168.812
11.2033 80000301300000042 80000301300000040 80000301300000109 80000301300000039 0.700106353719 529.906 201.697 192.462
11.2067 80000301300000040 80000301300000038 80000301300000109 80000301300000037 0.644641840685 501.932 194.645 190.939
11.221 80000301300000038 80000301300000037 80000301300000109 80000301300000036 0.621428745243 536.47 203.802 175.058
11.2307 80000301300000037 80000301300000036 80000301300000109 80000301300000035 0.598543288188 546.063 185.258 165.362
11.2436 80000301300000036 80000301300000035 80000301300000109 80000301300000034 0.575980845108 590.561 229.735 170.623
11.2547 80000301300000035 80000301300000034 80000301300000109 80000301300000033 0.546392183141 630.198 238.08 130.878
11.2553 80000301300000034 80000301300000033 80000301300000109 80000301300000032 0.524565820434 622.027 242.032 154.497
11.2631 80000301300000033 80000301300000032 80000301300000109 80000301300000031 0.503047523245 616.508 261.055 124.876
11.2765 80000301300000032 80000301300000031 80000301300000109 80000301300000030 0.481832943421 647.321 257.537 129.65
11.2964 80000301300000031 80000301300000030 80000301300000109 80000301300000029 0.460917794181 653.849 298.932 117.965
11.2969 80000301300000030 80000301300000028 80000301300000109 80000301300000027 0.419968941997 604.666 294.089 145.18
11.3004 80000301300000028 80000301300000027 80000301300000109 80000301300000026 0.399926964614 596.315 299.553 157.397
11.3016 80000301300000027 80000301300000026 80000301300000109 80000301300000025 0.38016786726 614.677 306.626 153.952
11.3077 80000301300000026 80000301300000025 80000301300000109 80000301300000024 0.360687657262 628.973 295.203 146.382
11.3104 80000301300000025 80000301300000024 80000301300000109 80000301300000023 0.347853841858 622.538 289.368 147.24
11.3214 80000301300000024 80000301300000023 80000301300000109 80000301300000022 0.328829724206 640.048 294.953 164.337
11.3354 80000301300000023 80000301300000022 80000301300000109 80000301300000021 0.310074120128 638.955 304.043 132.003
11.3566 80000301300000022 80000301300000018 80000301300000109 80000301300000017 0.243540181555 648.156 297.893 100.594
11.3632 80000301300000018 80000301300000017 80000301300000109 80000301300000016 0.22598838626 647.044 311.238 96.5863
11.3652 80000301300000017 80000301300000016 80000301300000109 80000301300000015 0.214425035514 647.571 297.136 108.539
11.3674 80000301300000016 80000301300000015 80000301300000109 80000301300000014 0.197284182376 635.264 309.489 89.9273
11.3702 80000301300000015 80000301300000014 80000301300000109 80000301300000013 0.180385261706 663.874 303.309 104.044
11.3725 80000301300000014 80000301300000013 80000301300000109 80000301300000012 0.169252033244 639.412 306.326 107.864
11.373 80000301300000013 80000301300000011 80000301300000109 80000301300000010 0.14187620397 646.251 292.138 95.4871
11.3759 80000301300000011 80000301300000008 80000301300000109 80000301300000007 0.0994018026302 631.446 303.551 105.246
11.378 80000301300000008 80000301300000007 80000301300000109 80000301300000006 0.0838844307975 645.332 324.476 105.143
11.3793 80000301300000007 80000301300000006 80000301300000109 80000301300000005 0.0736613846564 644.397 339.327 97.6412
11.3851 80000301300000006 80000301300000005 80000301300000109 80000301300000004 0.0585073227945 647.111 329.028 99.2162
11.3871 80000301300000005 80000301300000003 80000301300000109 80000301300000002 0.0337243718735 648.031 337.319 105.026
11.3933 80000301300000003 80000301300000002 80000301300000109 80000301300000001 0.0239744283828 644.78 333.999 99.9412
11.3973 80000301300000002 80000301300000001 80000301300000109 80000301300000000 0.00952166696794 650.433 364.234 112.972
11.4008 80000301300000001 80000301300000000 80000301300000109 -1 2.22044604925e-16 667.407 352.641 107.527
9.03463 80000301300000146 80000301300000145 80000301300000149 80000301300000144 8.01217294887 6.41246 7.756 2.0588
9.05524 80000301300000145 80000301300000144 80000301300000149 80000301300000143 7.59510714987 5.4544 1.03664 2.05331
9.15956 80000301300000144 80000301300000143 80000301300000149 80000301300000142 7.23627606617 4.80547 1.52659 -0.0220975
9.34902 80000301300000143 80000301300000140 80000301300000149 80000301300000139 6.49159774567 3.25505 13.8372 -0.69894
9.36199 80000301300000140 80000301300000139 80000301300000149 80000301300000138 6.14490120342 3.84928 10.4262 2.53988
9.37319 80000301300000139 80000301300000138 80000301300000149 80000301300000137 6.01075739884 1.63247 12.8469 1.86698
9.38141 80000301300000138 80000301300000137 80000301300000149 80000301300000136 5.84661374788 4.82508 1.99019 10.3302
9.48372 80000301300000137 80000301300000136 80000301300000149 80000301300000135 5.52976580795 1.94079 5.86568 7.883
10.0646 80000301300000157 80000301300000156 80000301300000158 80000301300000082 4.42803373661 -38.5917 -1.76125 14.2448
9.02548 80000301300000173 80000301300000172 80000301300000177 80000301300000171 7.59510714987 4.17875 3.31596 -0.983441
9.08038 80000301300000172 80000301300000170 80000301300000177 80000301300000169 7.00541704554 1.53929 -2.03855 1.50672
9.12178 80000301300000170 80000301300000169 80000301300000177 80000301300000168 6.85511726265 4.01774 -0.576239 4.33079
9.38412 80000301300000169 80000301300000168 80000301300000177 80000301300000167 6.49159774567 -9.37444 19.2551 14.2741
9.49536 80000301300000168 80000301300000166 80000301300000177 80000301300000165 6.01075739884 -21.2565 6.12877 17.606
9.50567 80000301300000166 80000301300000164 80000301300000177 80000301300000163 5.52976580795 -5.05994 20.8008 20.7024
9.09375 80000301300000247 80000301300000246 80000301300000255 80000301300000245 7.00541704554 3.81015 -2.48959 -0.742642
9.10415 80000301300000246 80000301300000237 80000301300000255 80000301300000236 4.93938066349 4.03255 0.166199 -1.33537
9.09637 80000301300000314 80000301300000313 80000301300000318 80000301300000312 9.00233985416 7.61391 9.60467 -1.93125
9.2342 80000301300000313 80000301300000312 80000301300000318 80000301300000311 8.9079991856 0.301113 14.2205 -3.06556
9.33566 80000301300000312 80000301300000310 80000301300000318 80000301300000309 8.01217294887 15.97 8.1682 -14.4015
9.5026 80000301300000310 80000301300000308 80000301300000318 80000301300000307 7.23627606617 15.529 16.4675 -8.29076
9.51275 80000301300000308 80000301300000304 80000301300000318 80000301300000303 6.14490120342 4.50544 10.919 -11.8085
9.51873 80000301300000304 80000301300000303 80000301300000318 80000301300000302 6.01075739884 3.6501 8.96224 -10.7548
9.56646 80000301300000303 80000301300000302 80000301300000318 80000301300000301 5.84661374788 2.41443 13.8715 -10.7826
9.59227 80000301300000302 80000301300000301 80000301300000318 80000301300000300 5.52976580795 3.20856 12.6237 -12.8549
9.6182 80000301300000301 80000301300000300 80000301300000318 80000301300000299 5.22758097313 2.62448 16.4492 -9.29111
9.61899 80000301300000300 80000301300000299 80000301300000318 80000301300000298 4.99593346816 1.09999 14.2105 -4.52001
9.61899 80000301300000299 80000301300000298 80000301300000318 80000301300000297 4.93938066349 2.52123 13.2438 -10.2081
9.61977 80000301300000298 80000301300000297 80000301300000318 80000301300000296 4.66451770247 3.36269 23.447 -5.9054
9.63744 80000301300000297 80000301300000296 80000301300000318 80000301300000295 4.42803373661 3.73628 20.8318 -3.37601
9.68717 80000301300000296 80000301300000295 80000301300000318 80000301300000294 4.17683491473 4.73457 14.9915 -1.43287
9.7384 80000301300000295 80000301300000294 80000301300000318 80000301300000293 4.00794511147 3.98535 18.3838 -0.77613
9.76724 80000301300000294 80000301300000293 80000301300000318 80000301300000292 3.93726108473 2.17878 13.3767 0.559852
9.81528 80000301300000293 80000301300000292 80000301300000318 80000301300000291 3.70877426464 -2.02876 6.01906 10.8974
9.04358 80000301300000351 80000301300000350 80000301300000359 80000301300000349 8.01217294887 -7.59782 -1.29177 7.87057
9.08038 80000301300000350 80000301300000348 80000301300000359 80000301300000347 7.23627606617 -5.17316 0.492977 7.00257
9.18589 80000301300000442 80000301300000441 80000301300000448 80000301300000440 5.52976580795 -4.33011 -17.3965 0.94629
9.25284 80000301300000441 80000301300000440 80000301300000448 80000301300000439 5.22758097313 -5.95849 -23.6364 11.4869
9.46172 80000301300000440 80000301300000439 80000301300000448 80000301300000438 4.99593346816 1.62412 -34.9997 30.1652
9.79795 80000301300000439 80000301300000437 80000301300000448 80000301300000436 4.66451770247 -37.2528 -51.8325 3.87013
9.84754 80000301300000437 80000301300000436 80000301300000448 80000301300000435 4.42803373661 -29.9499 -45.474 0.248794
9.8767 80000301300000436 80000301300000434 80000301300000448 80000301300000433 4.00794511147 -42.591 -35.3781 1.56013
9.87886 80000301300000434 80000301300000432 80000301300000448 80000301300000431 3.70877426464 -64.7563 -40.1055 9.57363
9.96546 80000301300000432 80000301300000431 80000301300000448 80000301300000430 3.49086136926 -49.0888 -42.7617 -5.51329
9.97629 80000301300000431 80000301300000427 80000301300000448 80000301300000426 2.89578500573 -20.4144 -27.7777 9.49748
9.0066 80000301300000479 80000301300000478 80000301300000491 80000301300000477 5.52976580795 5.00584 1.63015 0.756911
9.05235 80000301300000478 80000301300000477 80000301300000491 80000301300000476 5.22758097313 0.656326 1.69384 1.62503
9.72384 80000301300000477 80000301300000471 80000301300000491 80000301300000470 3.93726108473 -43.068 -40.7169 8.79099
9.17512 80000301300000598 80000301300000597 80000301300000607 80000301300000596 4.99593346816 -2.68837 13.7714 -0.251437
9.19223 80000301300000597 80000301300000596 80000301300000607 80000301300000595 4.93938066349 2.78567 8.79747 -1.88452
9.30923 80000301300000596 80000301300000595 80000301300000607 80000301300000594 4.66451770247 1.03721 10.5375 0.198126
9.32031 80000301300000595 80000301300000594 80000301300000607 80000301300000593 4.42803373661 -3.03575 11.2993 -0.436367
9.32031 80000301300000594 80000301300000593 80000301300000607 80000301300000592 4.17683491473 -1.30873 13.573 0.496979
9.34609 80000301300000593 80000301300000591 80000301300000607 80000301300000590 3.93726108473 -1.09439 6.43357 -1.23187
9.01298 80000301300000910 80000301300000909 80000301300000923 80000301300000908 2.5772902716 -5.97252 -12.1989 3.96251
9.05524 80000301300000909 80000301300000908 80000301300000923 80000301300000907 2.44422570455 -8.89626 -12.214 6.06987
9.07216 80000301300000908 80000301300000906 80000301300000923 80000301300000905 2.20792547238 -12.9776 -9.11976 11.314
9.10671 80000301300000906 80000301300000903 80000301300000923 80000301300000902 1.90408954353 -10.5425 -10.8459 6.72397
9.00012 80000301300000987 80000301300000986 80000301300001005 80000301300000985 3.70877426464 -2.68622 -6.34941 6.60697
9.01928 80000301300000986 80000301300000985 80000301300001005 80000301300000984 3.49086136926 -5.25592 -3.93584 13.2367
9.04062 80000301300000985 80000301300000983 80000301300001005 80000301300000982 3.08482263583 -7.68125 -5.25533 7.60874
9.05811 80000301300000983 80000301300000981 80000301300001005 80000301300000980 2.89578500573 -8.05885 -6.13985 10.328
9.08578 80000301300000981 80000301300000980 80000301300001005 80000301300000979 2.73314261732 -8.45882 -4.95884 8.36465
9.11681 80000301300000980 80000301300000978 80000301300001005 80000301300000977 2.44422570455 -5.96292 -4.10597 7.39307
9.16182 80000301300000978 80000301300000977 80000301300001005 80000301300000976 2.31611074396 -5.23455 -5.08469 7.22451
9.19223 80000301300000977 80000301300000976 80000301300001005 80000301300000975 2.20792547238 -4.01291 -5.50097 7.17691
9.24175 80000301300000976 80000301300000974 80000301300001005 80000301300000973 2.00202813925 2.30868 0.103841 14.039
9.04062 80000301300001081 80000301300001080 80000301300001091 80000301300001079 5.52976580795 -0.705227 -4.74768 -5.10663
9.13394 80000301300001080 80000301300001079 80000301300001091 80000301300001078 5.22758097313 9.06853 3.51599 -9.85576
9.21869 80000301300001079 80000301300001078 80000301300001091 80000301300001077 4.99593346816 19.789 4.74963 -10.9216
9.2342 80000301300001078 80000301300001077 80000301300001091 80000301300001076 4.93938066349 25.4316 5.01888 -11.6249
9.27938 80000301300001077 80000301300001075 80000301300001091 80000301300001074 4.42803373661 -2.26241 12.3608 -14.2658
9.37042 80000301300001075 80000301300001074 80000301300001091 80000301300001073 4.17683491473 10.778 10.9104 -17.6862
9.40902 80000301300001074 80000301300001072 80000301300001091 80000301300001071 3.93726108473 8.33978 12.085 -19.1039
9.41156 80000301300001072 80000301300001071 80000301300001091 80000301300001070 3.70877426464 6.59088 9.13894 -14.5128
9.43617 80000301300001071 80000301300001070 80000301300001091 80000301300001069 3.49086136926 7.68589 8.36989 -17.4232
9.53428 80000301300001070 80000301300001069 80000301300001091 80000301300001068 3.28303305796 -5.33358 28.0429 -28.6017
9.56999 80000301300001069 80000301300001068 80000301300001091 80000301300001067 3.08482263583 -2.06895 16.0522 -22.5457
9.64932 80000301300001068 80000301300001066 80000301300001091 80000301300001065 2.89578500573 -18.3232 50.199 -42.4728
9.72074 80000301300001066 80000301300001064 80000301300001091 80000301300001063 2.5772902716 -10.8362 43.8602 -41.3571
9.75708 80000301300001064 80000301300001063 80000301300001091 80000301300001062 2.44422570455 -8.32318 48.1496 -36.0004
9.82321 80000301300001063 80000301300001062 80000301300001091 80000301300001061 2.31611074396 -19.3362 41.7447 -24.3302
9.04653 80000301300001129 80000301300001128 80000301300001143 80000301300001127 4.66451770247 -10.0515 7.55845 -6.18204
9.05235 80000301300001128 80000301300001127 80000301300001143 80000301300001126 4.42803373661 8.74415 -10.879 2.76545
9.05524 80000301300001127 80000301300001126 80000301300001143 80000301300001125 4.17683491473 -0.627631 -6.18855 4.47818
9.13394 80000301300001126 80000301300001125 80000301300001143 80000301300001124 4.00794511147 8.5691 -12.3585 0.418549
9.14108 80000301300001125 80000301300001124 80000301300001143 80000301300001123 3.93726108473 8.04944 -10.1572 0.624776
9.21869 80000301300001124 80000301300001123 80000301300001143 80000301300001122 3.70877426464 -1.57154 2.06841 -5.21003
9.14811 80000301300001241 80000301300001240 80000301300001247 80000301300001239 9.00233985416 4.34124 -1.29835 2.27854
9.22262 80000301300001240 80000301300001238 80000301300001247 80000301300001237 8.44947629437 -8.99183 3.34652 -1.3372
9.42893 80000301300001238 80000301300001237 80000301300001247 80000301300001236 8.01217294887 14.0574 3.31153 5.61648
9.4549 80000301300001237 80000301300001236 80000301300001247 80000301300001235 7.59510714987 9.52246 3.45388 -0.0766386
9.47176 80000301300001236 80000301300001235 80000301300001247 80000301300001234 7.23627606617 10.1175 5.64438 0.272346
9.51175 80000301300001235 80000301300001234 80000301300001247 80000301300001233 7.00541704554 9.06988 6.45941 1.86035
9.56468 80000301300001234 80000301300001233 80000301300001247 80000301300001232 6.85511726265 11.028 3.85445 2.41867
9.69712 80000301300001233 80000301300001232 80000301300001247 80000301300001231 6.49159774567 9.37813 -2.78886 9.77068
9.71005 80000301300001232 80000301300001231 80000301300001247 80000301300001230 6.14490120342 7.20264 11.3548 -3.58821
9.75993 80000301300001231 80000301300001229 80000301300001247 80000301300001228 5.84661374788 3.23146 -2.95441 5.05245
10.0239 80000301300001229 80000301300001226 80000301300001247 80000301300001225 4.99593346816 -62.4379 -33.9112 -7.39338
10.1075 80000301300001226 80000301300001224 80000301300001247 80000301300001223 4.66451770247 -46.3645 -21.8688 -5.67789
10.1727 80000301300001224 80000301300001223 80000301300001247 80000301300001222 4.42803373661 -54.4284 -26.537 -7.26847
10.2127 80000301300001223 80000301300001222 80000301300001247 80000301300001221 4.17683491473 -54.4373 -31.2635 -3.7106
10.3233 80000301300001222 80000301300001221 80000301300001247 80000301300001220 4.00794511147 -105.476 -27.8182 -15.0755
10.3421 80000301300001221 80000301300001220 80000301300001247 80000301300001219 3.93726108473 -98.3131 -23.8459 -14.5651
10.3859 80000301300001220 80000301300001219 80000301300001247 80000301300001218 3.70877426464 -116.057 -28.502 -17.142
10.4452 80000301300001219 80000301300001218 80000301300001247 80000301300001217 3.49086136926 -116.204 -43.4017 -10.5793
10.4771 80000301300001218 80000301300001217 80000301300001247 80000301300001216 3.28303305796 -114.486 -38.1246 -9.75754
10.4992 80000301300001217 80000301300001212 80000301300001247 80000301300001211 2.5772902716 -70.1281 -24.7621 -23.9206
10.5214 80000301300001212 80000301300001211 80000301300001247 80000301300001210 2.44422570455 -68.646 -47.5768 -6.25906
10.5522 80000301300001211 80000301300001210 80000301300001247 80000301300001209 2.31611074396 -57.2362 -46.2102 -19.0586
10.5822 80000301300001210 80000301300001209 80000301300001247 80000301300001208 2.20792547238 -60.8533 -56.4912 2.68114
10.5957 80000301300001209 80000301300001208 80000301300001247 80000301300001207 2.1032696526 -54.5811 -50.5405 5.99147
10.6315 80000301300001208 80000301300001207 80000301300001247 80000301300001206 2.00202813925 -55.6497 -51.2265 -12.5084
10.6705 80000301300001207 80000301300001206 80000301300001247 80000301300001205 1.90408954353 -57.1379 -61.6446 -20.1594
10.6861 80000301300001206 80000301300001205 80000301300001247 80000301300001204 1.82268925262 -62.6462 -79.3344 -3.28113
10.697 80000301300001205 80000301300001204 80000301300001247 80000301300001203 1.74357057433 -58.5626 -82.1324 24.1782
10.7092 80000301300001204 80000301300001203 80000301300001247 80000301300001202 1.66666955611 -51.4695 -72.296 29.3894
10.7113 80000301300001203 80000301300001202 80000301300001247 80000301300001201 1.60423452207 -60.8106 -66.0211 12.239
11.3435 80000301300001202 80000301300001161 80000301300001247 80000301300001160 0.291583239722 655.263 304.483 121.135
11.3507 80000301300001161 80000301300001160 80000301300001247 80000301300001159 0.273353346578 655.583 292.223 122.273
9.01928 80000301300001295 80000301300001294 80000301300001302 80000301300001293 9.00233985416 1.3262 -9.37107 1.62367
9.03463 80000301300001294 80000301300001293 80000301300001302 80000301300001292 8.9079991856 0.481956 -9.69879 0.280194
9.0666 80000301300001293 80000301300001292 80000301300001302 80000301300001291 8.44947629437 4.52179 -6.97119 0.58934
9.20668 80000301300001292 80000301300001291 80000301300001302 80000301300001290 8.01217294887 -0.128845 -3.11996 2.41693
9.30763 80000301300001291 80000301300001290 80000301300001302 80000301300001289 7.59510714987 0.578799 -6.39581 -5.43885
9.38277 80000301300001290 80000301300001289 80000301300001302 80000301300001288 7.23627606617 1.82886 -8.93913 -6.51632
9.53713 80000301300001289 80000301300001288 80000301300001302 80000301300001287 7.00541704554 5.07814 -6.32375 -7.62454
9.58469 80000301300001288 80000301300001286 80000301300001302 80000301300001285 6.49159774567 2.54274 -10.0287 -5.9425
9.60785 80000301300001286 80000301300001285 80000301300001302 80000301300001284 6.14490120342 1.90391 -8.54962 -5.74433
9.63366 80000301300001285 80000301300001284 80000301300001302 80000301300001283 6.01075739884 1.83661 -11.2 -4.9736
9.64712 80000301300001284 80000301300001283 80000301300001302 80000301300001282 5.84661374788 4.56025 -8.30847 -5.20794
9.03463 80000301300001338 80000301300001337 80000301300001347 80000301300001336 8.9079991856 -2.68868 -5.82273 -0.16065
9.06378 80000301300001337 80000301300001336 80000301300001347 80000301300001335 8.44947629437 -1.46124 -2.57088 -0.155803
9.12424 80000301300001336 80000301300001335 80000301300001347 80000301300001334 8.01217294887 -3.23295 -3.24705 1.97559
9.23037 80000301300001335 80000301300001334 80000301300001347 80000301300001333 7.59510714987 -6.22057 -9.20377 2.4122
9.24175 80000301300001334 80000301300001333 80000301300001347 80000301300001332 7.23627606617 -4.58101 -7.69748 4.60824
9.35483 80000301300001333 80000301300001332 80000301300001347 80000301300001331 7.00541704554 4.25522 1.88608 3.2528
9.44093 80000301300001332 80000301300001331 80000301300001347 80000301300001330 6.85511726265 -4.55365 -3.94587 2.32246
9.59807 80000301300001331 80000301300001328 80000301300001347 80000301300001327 6.01075739884 -14.0321 -13.0883 10.0351
9.64564 80000301300001328 80000301300001326 80000301300001347 80000301300001325 5.52976580795 -19.411 -19.1086 8.31615
9.86882 80000301300001326 80000301300001325 80000301300001347 80000301300001324 5.22758097313 -47.8996 -37.2254 13.7871
9.0098 80000301300001391 80000301300001390 80000301300001398 80000301300001389 8.01217294887 5.18501 0.593958 1.23974
9.03463 80000301300001390 80000301300001389 80000301300001398 80000301300001388 7.59510714987 2.73607 -1.78228 4.5005
9.3044 80000301300001389 80000301300001387 80000301300001398 80000301300001386 7.00541704554 14.0049 -10.8749 14.6718
9.32651 80000301300001387 80000301300001386 80000301300001398 80000301300001385 6.85511726265 14.9251 -11.9482 19.1659
9.35771 80000301300001386 80000301300001383 80000301300001398 80000301300001382 6.01075739884 3.5492 -2.55661 -1.26526
9.42157 80000301300001383 80000301300001381 80000301300001398 80000301300001380 5.52976580795 4.88207 -4.4846 -5.47599
9.47176 80000301300001381 80000301300001380 80000301300001398 80000301300001379 5.22758097313 4.10409 -5.26997 -0.804233
9.22262 80000301300001460 80000301300001459 80000301300001467 80000301300001458 5.84661374788 -6.78685 0.678724 -2.79664
9.23799 80000301300001459 80000301300001458 80000301300001467 80000301300001457 5.52976580795 -8.33388 0.0250781 -1.57283
9.29951 80000301300001458 80000301300001457 80000301300001467 80000301300001456 5.22758097313 -4.0836 1.53378 -0.704107
9.33111 80000301300001457 80000301300001456 80000301300001467 80000301300001455 4.99593346816 13.0219 2.36308 -3.25219
9.33866 80000301300001456 80000301300001455 80000301300001467 80000301300001454 4.93938066349 -2.39963 0.0387667 -3.08853
9.37319 80000301300001455 80000301300001453 80000301300001467 80000301300001452 4.42803373661 -3.13225 -4.32127 -7.19471
9.37732 80000301300001453 80000301300001442 80000301300001467 80000301300001441 2.5772902716 5.48783 -13.335 1.76819
9.03463 80000301300001484 80000301300001483 80000301300001498 80000301300001482 2.73314261732 -35.3624 2.58935 -6.74044
9.01928 80000301300001570 80000301300001569 80000301300001575 80000301300001568 6.01075739884 -0.214501 4.3038 -0.901014
9.04945 80000301300001569 80000301300001568 80000301300001575 80000301300001567 5.84661374788 -0.687838 4.83557 -0.867998
9.11431 80000301300001568 80000301300001567 80000301300001575 80000301300001566 5.52976580795 -1.71853 4.09712 -1.71603
9.17729 80000301300001567 80000301300001566 80000301300001575 80000301300001565 5.22758097313 -4.13401 3.54291 0.848672
9.20668 80000301300001566 80000301300001565 80000301300001575 80000301300001564 4.99593346816 -3.73284 2.03841 -3.5237
9.22845 80000301300001565 80000301300001564 80000301300001575 80000301300001563 4.93938066349 -3.68138 0.784347 -5.31295
9.28956 80000301300001564 80000301300001563 80000301300001575 80000301300001562 4.66451770247 -3.23536 3.67615 0.600653
9.29787 80000301300001563 80000301300001561 80000301300001575 80000301300001560 4.17683491473 -5.20203 1.90193 -4.26996
9.38277 80000301300001561 80000301300001560 80000301300001575 80000301300001559 4.00794511147 -3.10712 2.14776 -4.95243
9.38948 80000301300001560 80000301300001558 80000301300001575 80000301300001557 3.70877426464 0.391602 1.16688 -1.41832
9.45145 80000301300001558 80000301300001557 80000301300001575 80000301300001556 3.49086136926 -1.63252 2.61194 1.12423
9.45376 80000301300001557 80000301300001555 80000301300001575 80000301300001554 3.08482263583 -3.68805 5.73625 -1.22287
9.47286 80000301300001555 80000301300001552 80000301300001575 80000301300001551 2.73314261732 -3.20572 -20.2662 -16.8859
9.5026 80000301300001552 80000301300001551 80000301300001575 80000301300001550 2.5772902716 -6.72388 -15.6452 -13.4568
9.5026 80000301300001551 80000301300001550 80000301300001575 80000301300001549 2.44422570455 -8.16813 -7.17169 -7.35394
9.53236 80000301300001550 80000301300001548 80000301300001575 80000301300001547 2.20792547238 -9.19786 1.55677 -5.99366
