logMh | fpID | subhaloID | main leaf ID | descID |  z
9.12424 90000112600000104 90000112600000103 90000112600000106 90000112600000102 9.99659046619 -6.9444 0.588868 0.416197
9.19433 90000112600000103 90000112600000102 90000112600000106 90000112600000101 9.84138043947 -19.367 -5.24079 3.66011
9.24918 90000112600000102 90000112600000101 90000112600000106 90000112600000100 9.38877127194 -3.22449 -1.33294 1.06806
9.28956 90000112600000101 90000112600000100 90000112600000106 90000112600000099 9.00233985416 -8.5312 -3.66 2.84356
9.38681 90000112600000100 90000112600000099 90000112600000106 90000112600000098 8.9079991856 -15.9892 -9.57097 2.14608
9.4964 90000112600000099 90000112600000098 90000112600000106 90000112600000097 8.44947629437 -21.4342 -11.2332 8.25336
9.61977 90000112600000098 90000112600000097 90000112600000106 90000112600000096 8.01217294887 -15.3152 -7.5185 16.5763
9.68176 90000112600000097 90000112600000096 90000112600000106 90000112600000095 7.59510714987 -15.5114 -8.72011 16.1077
9.81378 90000112600000096 90000112600000095 90000112600000106 90000112600000094 7.23627606617 11.2324 -21.398 14.6762
9.82321 90000112600000095 90000112600000093 90000112600000106 90000112600000092 6.85511726265 -25.8362 8.7744 16.2804
9.92742 90000112600000093 90000112600000092 90000112600000106 90000112600000091 6.49159774567 -16.2327 0.0522858 23.11
10.0101 90000112600000092 90000112600000091 90000112600000106 90000112600000090 6.14490120342 -23.3095 -10.9611 13.5346
10.0346 90000112600000091 90000112600000086 90000112600000106 90000112600000085 4.99593346816 -41.9925 12.0295 23.7553
10.061 90000112600000086 90000112600000084 90000112600000106 90000112600000083 4.66451770247 -39.4825 9.5168 -2.94526
10.0674 90000112600000084 90000112600000083 90000112600000106 90000112600000082 4.42803373661 -39.1613 4.58431 -9.06985
10.1191 90000112600000083 90000112600000082 90000112600000106 90000112600000081 4.17683491473 -46.609 11.2865 -14.3842
10.4219 90000112600000082 90000112600000078 90000112600000106 90000112600000077 3.49086136926 -39.8649 13.3899 -29.1656
10.503 90000112600000078 90000112600000076 90000112600000106 90000112600000075 3.08482263583 -46.1186 8.95346 -30.885
10.5148 90000112600000076 90000112600000075 90000112600000106 90000112600000074 3.00813107163 -41.2268 11.0977 -24.2764
10.5151 90000112600000075 90000112600000074 90000112600000106 90000112600000073 2.89578500573 -36.0922 13.2146 -22.5528
10.5447 90000112600000074 90000112600000073 90000112600000106 90000112600000072 2.73314261732 -39.2308 11.126 -23.9002
10.5678 90000112600000073 90000112600000072 90000112600000106 90000112600000071 2.5772902716 -47.4366 -8.10093 -43.6343
10.5932 90000112600000072 90000112600000071 90000112600000106 90000112600000070 2.44422570455 -51.5581 -21.561 -49.2119
10.6227 90000112600000071 90000112600000070 90000112600000106 90000112600000069 2.31611074396 -65.7278 -25.7301 -65.6404
10.6448 90000112600000070 90000112600000069 90000112600000106 90000112600000068 2.20792547238 -72.3274 -24.3321 -71.4004
10.6595 90000112600000069 90000112600000068 90000112600000106 90000112600000067 2.1032696526 -70.2112 -28.5247 -65.645
10.6743 90000112600000068 90000112600000067 90000112600000106 90000112600000066 2.00202813925 -66.748 -31.4039 -78.7306
10.6775 90000112600000067 90000112600000066 90000112600000106 90000112600000065 1.90408954353 -65.9346 -30.1826 -69.3692
10.6827 90000112600000066 90000112600000065 90000112600000106 90000112600000064 1.82268925262 -54.3093 -26.3238 -61.2373
10.6878 90000112600000065 90000112600000064 90000112600000106 90000112600000063 1.74357057433 -52.5058 -27.4005 -48.2239
10.6938 90000112600000064 90000112600000063 90000112600000106 90000112600000062 1.66666955611 -49.207 -29.5666 -49.4958
10.7006 90000112600000063 90000112600000062 90000112600000106 90000112600000061 1.60423452207 -48.6693 -30.9001 -45.2475
10.7128 90000112600000062 90000112600000061 90000112600000106 90000112600000060 1.53123902916 -48.0912 -35.7802 -45.7332
10.7129 90000112600000061 90000112600000060 90000112600000106 90000112600000059 1.47197484527 -39.6102 -43.9818 -46.037
10.7149 90000112600000060 90000112600000059 90000112600000106 90000112600000058 1.41409822037 -47.2288 -45.7529 -44.1395
10.7207 90000112600000059 90000112600000058 90000112600000106 90000112600000057 1.3575766674 -47.622 -46.2159 -51.3251
10.7281 90000112600000058 90000112600000057 90000112600000106 90000112600000056 1.30237845991 -52.6136 -46.7013 -57.5241
10.7332 90000112600000057 90000112600000056 90000112600000106 90000112600000055 1.24847261425 -51.751 -43.7052 -58.8584
10.7402 90000112600000056 90000112600000055 90000112600000106 90000112600000054 1.20625808078 -60.9205 -36.246 -54.6524
10.7481 90000112600000055 90000112600000054 90000112600000106 90000112600000053 1.15460271236 -62.4996 -45.8719 -52.4729
10.7556 90000112600000054 90000112600000053 90000112600000106 90000112600000052 1.11415056377 -59.3735 -45.8796 -54.9377
10.7595 90000112600000053 90000112600000052 90000112600000106 90000112600000051 1.07445789455 -50.6154 -40.9068 -55.8515
10.7651 90000112600000052 90000112600000051 90000112600000106 90000112600000050 1.03551044566 -55.7748 -43.9039 -60.508
10.7716 90000112600000051 90000112600000050 90000112600000106 90000112600000049 0.997294225782 -46.8079 -42.3395 -61.7439
10.773 90000112600000050 90000112600000049 90000112600000106 90000112600000048 0.987852810816 -51.5901 -41.6804 -59.3893
10.7799 90000112600000049 90000112600000048 90000112600000106 90000112600000047 0.950531351585 -46.7596 -51.6639 -56.1115
10.7985 90000112600000048 90000112600000045 90000112600000106 90000112600000044 0.851470900625 -45.2249 -71.7508 -53.1013
10.802 90000112600000045 90000112600000042 90000112600000106 90000112600000041 0.757441372616 -39.3436 -78.9306 -53.2007
10.81 90000112600000042 90000112600000041 90000112600000106 90000112600000040 0.732636182022 -25.8841 -81.2348 -51.7997
10.8126 90000112600000041 90000112600000040 90000112600000106 90000112600000039 0.700106353719 -29.3074 -90.2492 -48.0072
10.8139 90000112600000040 90000112600000039 90000112600000106 90000112600000038 0.676110411213 -22.7858 -83.402 -52.7838
10.8208 90000112600000039 90000112600000038 90000112600000106 90000112600000037 0.644641840685 -22.6552 -93.8497 -52.0127
10.8212 90000112600000038 90000112600000036 90000112600000106 90000112600000035 0.598543288188 -29.5891 -76.9772 -46.3171
10.8286 90000112600000036 90000112600000035 90000112600000106 90000112600000034 0.575980845108 -22.4514 -99.7432 -36.5112
10.8355 90000112600000035 90000112600000034 90000112600000106 90000112600000033 0.546392183141 -29.6252 -84.0652 -37.2139
10.8362 90000112600000034 90000112600000032 90000112600000106 90000112600000031 0.503047523245 -33.6921 -91.9288 -33.6023
10.8401 90000112600000032 90000112600000031 90000112600000106 90000112600000030 0.481832943421 -30.3981 -89.6451 -32.3974
11.2082 90000112600000031 90000112600000017 90000112600000106 90000112600000016 0.22598838626 349.16 -685.599 -274.766
11.2351 90000112600000017 90000112600000016 90000112600000106 90000112600000015 0.214425035514 355.211 -685.269 -277.056
11.2406 90000112600000016 90000112600000015 90000112600000106 90000112600000014 0.197284182376 344.419 -664.382 -279.844
11.2521 90000112600000015 90000112600000008 90000112600000106 90000112600000007 0.0994018026302 322.354 -667.216 -324.357
11.2774 90000112600000008 90000112600000007 90000112600000106 90000112600000006 0.0838844307975 310.795 -639.311 -302.091
9.19848 90000112600000182 90000112600000181 90000112600000183 90000112600000180 10.9190331982 -8.84882 6.84654 -3.63604
9.31401 90000112600000181 90000112600000180 90000112600000183 90000112600000179 10.3674435724 -3.86939 4.7673 5.16065
9.36056 90000112600000180 90000112600000178 90000112600000183 90000112600000177 9.84138043947 -15.7556 12.8696 2.7352
9.51575 90000112600000178 90000112600000177 90000112600000183 90000112600000176 9.38877127194 -9.45738 4.52826 -0.100657
9.60785 90000112600000177 90000112600000174 90000112600000183 90000112600000173 8.44947629437 -4.29363 -10.1465 -19.8429
9.82517 90000112600000174 90000112600000172 90000112600000183 90000112600000171 7.59510714987 13.7106 -9.88401 -9.23212
9.92896 90000112600000172 90000112600000170 90000112600000183 90000112600000169 7.00541704554 8.20539 -13.9656 -26.9037
10.1559 90000112600000170 90000112600000157 90000112600000183 90000112600000156 4.00794511147 -25.7215 35.5535 -3.67149
10.1779 90000112600000157 90000112600000156 90000112600000183 90000112600000155 3.93726108473 -26.102 37.2876 -2.64131
10.4582 90000112600000156 90000112600000154 90000112600000183 90000112600000076 3.28303305796 -51.1793 9.98892 -20.4698
9.6804 90000112600000186 90000112600000185 90000112600000194 90000112600000172 8.01217294887 -2.61544 -9.6252 -19.7065
10.3062 90000112600000203 90000112600000202 90000112600000221 90000112600000154 3.70877426464 -41.0486 15.9538 -17.3936
9.1193 90000112600000367 90000112600000366 90000112600000370 90000112600000365 7.23627606617 -2.76219 21.8083 10.8219
9.31717 90000112600000366 90000112600000365 90000112600000370 90000112600000364 7.00541704554 -6.21474 18.1262 4.94637
9.35627 90000112600000365 90000112600000361 90000112600000370 90000112600000360 6.01075739884 26.0816 -0.375712 -3.52517
9.36902 90000112600000361 90000112600000352 90000112600000370 90000112600000351 4.00794511147 26.1757 -15.5256 -7.37027
9.39214 90000112600000352 90000112600000350 90000112600000370 90000112600000349 3.70877426464 21.6009 -11.5038 -6.71314
9.04653 90000112600000451 90000112600000450 90000112600000472 90000112600000449 1.53123902916 40.1033 11.0081 20.5968
9.22457 90000112600000585 90000112600000584 90000112600000595 90000112600000583 7.59510714987 3.03636 -17.0709 7.10524
9.34461 90000112600000584 90000112600000583 90000112600000595 90000112600000582 7.23627606617 1.72487 -19.7721 8.02025
9.38005 90000112600000583 90000112600000582 90000112600000595 90000112600000581 7.00541704554 0.843038 -17.385 8.50475
9.39081 90000112600000582 90000112600000581 90000112600000595 90000112600000580 6.85511726265 0.127509 -16.4252 5.05041
9.42033 90000112600000581 90000112600000580 90000112600000595 90000112600000579 6.49159774567 -0.217585 -19.5662 6.99751
9.43257 90000112600000580 90000112600000579 90000112600000595 90000112600000578 6.14490120342 0.966232 -20.4823 9.38884
9.44093 90000112600000579 90000112600000578 90000112600000595 90000112600000577 6.01075739884 0.256206 -19.1339 11.6886
9.46285 90000112600000578 90000112600000577 90000112600000595 90000112600000576 5.84661374788 -4.39844 -16.8691 8.90563
9.51275 90000112600000577 90000112600000576 90000112600000595 90000112600000575 5.52976580795 3.79384 -2.08284 -0.299745
9.71385 90000112600000576 90000112600000575 90000112600000595 90000112600000574 5.22758097313 17.0198 -0.740394 -12.5241
9.77003 90000112600000575 90000112600000574 90000112600000595 90000112600000573 4.99593346816 18.2033 7.59536 -15.823
9.82614 90000112600000574 90000112600000572 90000112600000595 90000112600000571 4.66451770247 20.8164 5.00706 -3.5844
9.85215 90000112600000572 90000112600000571 90000112600000595 90000112600000570 4.42803373661 20.3132 6.02872 -9.29163
9.96546 90000112600000571 90000112600000570 90000112600000595 90000112600000569 4.17683491473 17.3955 10.82 6.98621
10.1277 90000112600000570 90000112600000569 90000112600000595 90000112600000568 4.00794511147 55.6857 0.949688 36.0331
10.1534 90000112600000569 90000112600000568 90000112600000595 90000112600000567 3.93726108473 50.7355 -8.77604 41.2449
10.5383 90000112600000568 90000112600000565 90000112600000595 90000112600000564 3.08482263583 52.5288 9.88114 -38.5634
10.5617 90000112600000565 90000112600000564 90000112600000595 90000112600000563 3.00813107163 41.9894 11.3496 -29.4351
10.5902 90000112600000564 90000112600000563 90000112600000595 90000112600000562 2.89578500573 55.2654 8.29637 -37.8809
10.6248 90000112600000563 90000112600000562 90000112600000595 90000112600000561 2.73314261732 57.3401 8.26427 -37.5429
10.6524 90000112600000562 90000112600000561 90000112600000595 90000112600000560 2.5772902716 70.8944 8.44089 -31.5318
10.6651 90000112600000561 90000112600000560 90000112600000595 90000112600000559 2.44422570455 59.4327 7.59918 -22.5492
10.6695 90000112600000560 90000112600000559 90000112600000595 90000112600000558 2.31611074396 55.8501 1.63535 -14.1082
10.6835 90000112600000559 90000112600000558 90000112600000595 90000112600000557 2.20792547238 54.7928 -2.6465 -7.34668
10.6971 90000112600000558 90000112600000557 90000112600000595 90000112600000556 2.1032696526 35.3903 -11.1477 -0.934033
10.7103 90000112600000557 90000112600000554 90000112600000595 90000112600000553 1.82268925262 -2.57122 8.50446 -17.982
10.7235 90000112600000554 90000112600000553 90000112600000595 90000112600000552 1.74357057433 -1.34591 0.702142 -24.8104
10.7344 90000112600000553 90000112600000552 90000112600000595 90000112600000551 1.66666955611 -8.80351 -12.4686 -33.8176
10.7562 90000112600000552 90000112600000551 90000112600000595 90000112600000550 1.60423452207 -8.23778 -19.4996 -45.3948
10.7741 90000112600000551 90000112600000549 90000112600000595 90000112600000548 1.47197484527 9.82862 -2.89036 -39.2055
10.7771 90000112600000549 90000112600000547 90000112600000595 90000112600000546 1.3575766674 25.2098 13.9209 -39.8005
10.7919 90000112600000547 90000112600000546 90000112600000595 90000112600000545 1.30237845991 32.8023 14.8353 -37.0994
10.7942 90000112600000546 90000112600000545 90000112600000595 90000112600000544 1.24847261425 48.2941 5.74612 -38.9855
10.7997 90000112600000545 90000112600000544 90000112600000595 90000112600000543 1.20625808078 49.8727 7.03923 -36.3403
10.8087 90000112600000544 90000112600000543 90000112600000595 90000112600000542 1.15460271236 52.6246 4.50693 -43.2591
10.8234 90000112600000543 90000112600000542 90000112600000595 90000112600000541 1.11415056377 47.4069 3.05598 -50.1487
10.8287 90000112600000542 90000112600000541 90000112600000595 90000112600000540 1.07445789455 47.0824 2.38747 -47.4918
10.8392 90000112600000541 90000112600000540 90000112600000595 90000112600000539 1.03551044566 33.5067 -1.11274 -48.0292
10.8424 90000112600000540 90000112600000539 90000112600000595 90000112600000538 0.997294225782 40.1479 5.19274 -38.7917
10.8498 90000112600000539 90000112600000538 90000112600000595 90000112600000537 0.987852810816 36.1832 -11.3412 -38.1079
10.8559 90000112600000538 90000112600000536 90000112600000595 90000112600000535 0.923000816178 36.3498 2.58006 -52.4288
10.8607 90000112600000536 90000112600000535 90000112600000595 90000112600000534 0.886896937575 28.7194 4.35399 -67.4675
10.8702 90000112600000535 90000112600000534 90000112600000595 90000112600000533 0.851470900625 33.092 2.32387 -68.9058
10.8772 90000112600000534 90000112600000533 90000112600000595 90000112600000532 0.816709979012 31.1967 4.46588 -71.4996
10.8795 90000112600000533 90000112600000532 90000112600000595 90000112600000531 0.791068248946 41.7319 8.8584 -67.8213
10.8926 90000112600000532 90000112600000531 90000112600000595 90000112600000530 0.757441372616 29.5002 7.69089 -63.8733
10.8974 90000112600000531 90000112600000529 90000112600000595 90000112600000528 0.700106353719 45.993 4.98584 -69.1332
10.9037 90000112600000529 90000112600000528 90000112600000595 90000112600000527 0.676110411213 57.6756 2.07339 -46.4923
10.9111 90000112600000528 90000112600000527 90000112600000595 90000112600000526 0.644641840685 47.2793 -13.9769 -45.3327
10.9119 90000112600000527 90000112600000526 90000112600000595 90000112600000525 0.621428745243 48.5659 -13.127 -46.0512
10.9144 90000112600000526 90000112600000524 90000112600000595 90000112600000523 0.575980845108 52.4791 -10.389 -27.7358
10.9192 90000112600000524 90000112600000523 90000112600000595 90000112600000522 0.546392183141 61.1625 -13.299 -21.707
10.9263 90000112600000523 90000112600000522 90000112600000595 90000112600000521 0.524565820434 67.8573 -11.0624 -24.0552
10.9318 90000112600000522 90000112600000521 90000112600000595 90000112600000520 0.503047523245 61.3841 -2.8703 -23.2015
10.9479 90000112600000521 90000112600000519 90000112600000595 90000112600000518 0.460917794181 69.7585 -34.1741 -34.0423
10.9564 90000112600000519 90000112600000518 90000112600000595 90000112600000517 0.440297849248 71.0836 -46.1818 -39.106
10.9668 90000112600000518 90000112600000517 90000112600000595 90000112600000516 0.419968941997 96.1064 -66.8535 -61.1593
10.9751 90000112600000517 90000112600000516 90000112600000595 90000112600000515 0.399926964614 102.179 -80.9049 -56.4885
10.9923 90000112600000516 90000112600000515 90000112600000595 90000112600000514 0.38016786726 119.441 -121.709 -59.437
10.9965 90000112600000515 90000112600000514 90000112600000595 90000112600000513 0.360687657262 128.865 -125.052 -52.4243
10.9968 90000112600000514 90000112600000513 90000112600000595 90000112600000512 0.347853841858 133.157 -126.284 -55.7084
11.0053 90000112600000513 90000112600000512 90000112600000595 90000112600000511 0.328829724206 140.461 -148.69 -66.8927
11.0246 90000112600000512 90000112600000511 90000112600000595 90000112600000510 0.310074120128 160.654 -191.089 -85.9268
11.0363 90000112600000511 90000112600000510 90000112600000595 90000112600000509 0.291583239722 174.778 -218.158 -97.0245
11.0612 90000112600000510 90000112600000509 90000112600000595 90000112600000508 0.273353346578 215.282 -262.438 -138.615
11.0942 90000112600000509 90000112600000508 90000112600000595 90000112600000507 0.261343256161 246.626 -359.895 -163.365
11.1449 90000112600000508 90000112600000507 90000112600000595 90000112600000506 0.243540181555 294.96 -485.405 -200.377
9.01298 90000112600000609 90000112600000608 90000112600000618 90000112600000607 5.84661374788 -2.72651 3.81171 -3.99537
9.04945 90000112600000642 90000112600000641 90000112600000649 90000112600000640 8.01217294887 1.64715 -4.02398 1.15156
9.09111 90000112600000641 90000112600000639 90000112600000649 90000112600000638 7.23627606617 1.23703 -0.790381 2.46214
9.11179 90000112600000639 90000112600000638 90000112600000649 90000112600000637 7.00541704554 0.724048 -0.754464 2.48943
9.13871 90000112600000638 90000112600000637 90000112600000649 90000112600000636 6.85511726265 3.43744 -1.07406 3.03365
9.19848 90000112600000637 90000112600000636 90000112600000649 90000112600000635 6.49159774567 -0.803226 -1.51069 3.22672
9.24175 90000112600000636 90000112600000635 90000112600000649 90000112600000634 6.14490120342 0.872029 -4.62551 3.52554
9.37595 90000112600000635 90000112600000632 90000112600000649 90000112600000631 5.52976580795 21.2151 -8.76756 20.8521
9.45145 90000112600000632 90000112600000631 90000112600000649 90000112600000630 5.22758097313 11.3563 1.04111 -6.81813
9.52365 90000112600000631 90000112600000630 90000112600000649 90000112600000629 4.99593346816 8.89671 -14.4438 -12.416
9.56735 90000112600000630 90000112600000629 90000112600000649 90000112600000628 4.93938066349 7.70514 -23.4068 -12.2434
9.63819 90000112600000629 90000112600000628 90000112600000649 90000112600000627 4.66451770247 10.1343 -33.3372 0.877969
9.65802 90000112600000628 90000112600000627 90000112600000649 90000112600000626 4.42803373661 11.1903 -33.0921 -0.0873104
10.2242 90000112600000627 90000112600000623 90000112600000649 90000112600000622 3.70877426464 40.9042 -1.35562 34.4827
10.4416 90000112600000623 90000112600000621 90000112600000649 90000112600000565 3.28303305796 29.8882 -13.0442 -0.229287
9.02855 90000112600000706 90000112600000705 90000112600000716 90000112600000704 5.84661374788 -7.22744 -0.882259 -18.1944
10.2635 90000112600000705 90000112600000697 90000112600000716 90000112600000621 3.49086136926 36.6741 1.98567 17.177
9.00337 90000112600000761 90000112600000760 90000112600000768 90000112600000759 6.85511726265 1.15659 -1.95906 -8.77495
9.0098 90000112600000760 90000112600000759 90000112600000768 90000112600000758 6.49159774567 0.432214 -1.52891 -0.0665582
9.06939 90000112600000759 90000112600000758 90000112600000768 90000112600000757 6.14490120342 -4.76364 -4.14602 0.384624
9.15273 90000112600000758 90000112600000757 90000112600000768 90000112600000756 6.01075739884 -5.18247 -4.09177 -8.88744
9.21671 90000112600000757 90000112600000754 90000112600000768 90000112600000753 5.22758097313 -13.2079 3.49 11.2903
9.31717 90000112600000754 90000112600000750 90000112600000768 90000112600000749 4.42803373661 -14.9891 0.0143088 15.7108
9.33263 90000112600000750 90000112600000749 90000112600000768 90000112600000748 4.17683491473 -6.82426 -3.43894 3.77679
9.44211 90000112600000749 90000112600000748 90000112600000768 90000112600000747 4.00794511147 -22.0747 3.43414 -10.3836
9.49536 90000112600000748 90000112600000747 90000112600000768 90000112600000746 3.93726108473 -13.0935 -18.9133 -21.1196
9.49744 90000112600000747 90000112600000746 90000112600000768 90000112600000745 3.70877426464 -20.9035 -3.27602 -0.87854
9.55569 90000112600000746 90000112600000745 90000112600000768 90000112600000744 3.49086136926 -15.1732 1.22624 -9.21205
9.0098 90000112600000802 90000112600000801 90000112600000822 90000112600000800 4.42803373661 1.30733 -3.33943 -6.46809
9.05811 90000112600000801 90000112600000800 90000112600000822 90000112600000799 4.17683491473 -0.910502 -1.75025 -5.8225
9.08578 90000112600000800 90000112600000799 90000112600000822 90000112600000798 4.00794511147 -4.45686 0.15207 -0.0342323
9.09111 90000112600000799 90000112600000798 90000112600000822 90000112600000797 3.93726108473 -5.04002 0.610429 0.0680447
9.07766 90000112600000849 90000112600000848 90000112600000857 90000112600000847 7.59510714987 17.2238 1.49603 -3.82841
9.13154 90000112600000848 90000112600000846 90000112600000857 90000112600000845 7.00541704554 12.1544 1.05325 -2.32797
9.16182 90000112600000846 90000112600000844 90000112600000857 90000112600000843 6.49159774567 12.8673 1.08009 -3.38621
9.18376 90000112600000844 90000112600000843 90000112600000857 90000112600000842 6.14490120342 13.4365 2.29634 -4.12767
9.21472 90000112600000843 90000112600000842 90000112600000857 90000112600000841 6.01075739884 12.4613 2.05284 -3.57244
9.2361 90000112600000842 90000112600000841 90000112600000857 90000112600000840 5.84661374788 11.6858 2.92481 -1.73513
9.26187 90000112600000841 90000112600000840 90000112600000857 90000112600000839 5.52976580795 14.2092 -2.67747 -5.48133
9.2742 90000112600000840 90000112600000839 90000112600000857 90000112600000838 5.22758097313 9.80827 1.3958 -6.81459
9.32805 90000112600000839 90000112600000838 90000112600000857 90000112600000837 4.99593346816 11.5648 0.279786 -5.9383
9.37181 90000112600000838 90000112600000837 90000112600000857 90000112600000836 4.93938066349 13.4441 0.634227 -0.706711
9.41659 90000112600000837 90000112600000836 90000112600000857 90000112600000835 4.66451770247 22.4662 -4.4464 -1.48827
9.43974 90000112600000836 90000112600000835 90000112600000857 90000112600000834 4.42803373661 24.2034 -12.53 -2.86666
9.57869 90000112600000835 90000112600000834 90000112600000857 90000112600000833 4.17683491473 24.0719 -17.0086 -0.897574
9.60785 90000112600000834 90000112600000833 90000112600000857 90000112600000832 4.00794511147 24.2959 -15.1518 1.98995
9.65874 90000112600000833 90000112600000832 90000112600000857 90000112600000831 3.93726108473 21.0195 -13.2626 -7.12524
9.72198 90000112600000832 90000112600000831 90000112600000857 90000112600000830 3.70877426464 26.2777 -7.49267 -5.48477
9.0666 90000112600000870 90000112600000869 90000112600000880 90000112600000868 6.49159774567 -1.20996 -3.60215 7.31269
9.08038 90000112600000869 90000112600000868 90000112600000880 90000112600000867 6.14490120342 -1.46856 -1.23018 3.41997
9.09375 90000112600000868 90000112600000866 90000112600000880 90000112600000865 5.84661374788 -1.36579 -2.2829 2.68147
9.09898 90000112600000866 90000112600000865 90000112600000880 90000112600000864 5.52976580795 -0.187105 0.188589 4.48952
9.19223 90000112600000865 90000112600000864 90000112600000880 90000112600000863 5.22758097313 6.95635 -3.78814 2.74647
9.19848 90000112600000864 90000112600000863 90000112600000880 90000112600000862 4.99593346816 3.42262 -5.8559 1.9659
9.02548 90000112600001006 90000112600001005 90000112600001011 90000112600001004 8.01217294887 -1.83855 3.88876 7.01559
9.10671 90000112600001005 90000112600001002 90000112600001011 90000112600001001 7.00541704554 -1.45294 0.0666877 1.28895
9.13394 90000112600001002 90000112600001001 90000112600001011 90000112600001000 6.85511726265 1.33865 -2.95092 2.1436
9.15042 90000112600001001 90000112600001000 90000112600001011 90000112600000999 6.49159774567 3.13082 -4.22733 5.33733
9.1573 90000112600001000 90000112600000999 90000112600001011 90000112600000998 6.14490120342 9.7133 -2.41371 1.77632
9.15956 90000112600000999 90000112600000997 90000112600001011 90000112600000996 5.84661374788 4.48648 -3.04172 4.56971
9.18376 90000112600000997 90000112600000994 90000112600001011 90000112600000993 4.99593346816 -1.64931 -4.5008 0.383711
9.18376 90000112600000994 90000112600000993 90000112600001011 90000112600000992 4.93938066349 -0.237309 -5.00001 1.06655
9.18376 90000112600000993 90000112600000992 90000112600001011 90000112600000991 4.66451770247 0.661775 2.46505 4.85124
9.23988 90000112600000992 90000112600000991 90000112600001011 90000112600000990 4.42803373661 3.04272 -9.25278 4.42022
9.26187 90000112600000991 90000112600000990 90000112600001011 90000112600000989 4.17683491473 4.93152 -8.09157 8.57039
9.29622 90000112600000990 90000112600000987 90000112600001011 90000112600000986 3.70877426464 6.26459 -1.07966 -0.235164
9.31874 90000112600000987 90000112600000986 90000112600001011 90000112600000985 3.49086136926 6.35884 -7.78377 -7.07306
9.10415 90000112600001109 90000112600001108 90000112600001111 90000112600001107 7.00541704554 19.1796 7.1578 -13.078
9.24548 90000112600001108 90000112600001106 90000112600001111 90000112600001105 6.49159774567 20.7992 4.08516 -14.7917
9.27766 90000112600001106 90000112600001093 90000112600001111 90000112600001092 3.70877426464 11.3178 -0.326843 -17.209
9.3044 90000112600001093 90000112600001092 90000112600001111 90000112600001091 3.49086136926 9.83068 -1.57446 -14.5965
9.31083 90000112600001092 90000112600001090 90000112600001111 90000112600001089 3.08482263583 4.38988 -0.213123 -14.6417
9.32187 90000112600001090 90000112600001088 90000112600001111 90000112600001087 2.89578500573 3.57842 -3.48655 -13.4287
9.32805 90000112600001088 90000112600001085 90000112600001111 90000112600001084 2.44422570455 3.0573 -4.30224 -9.3666
9.15502 90000112600001123 90000112600001122 90000112600001132 90000112600001121 6.01075739884 15.0356 10.3643 -11.893
9.0098 90000112600001179 90000112600001178 90000112600001196 90000112600001177 3.28303305796 5.78237 6.0267 3.65642
9.04358 90000112600001178 90000112600001177 90000112600001196 90000112600001176 3.08482263583 7.89273 11.6257 4.17888
