logMh | fpID | subhaloID | main leaf ID | descID |  z
9.06096 30000000008529185 30000000008529184 30000000008529191 30000000008529183 8.01217294887 4.34368 0.502921 -7.17674
9.15956 30000000008529184 30000000008529183 30000000008529191 30000000008529182 7.59510714987 8.07611 -4.66543 -14.9636
9.1663 30000000008529183 30000000008529182 30000000008529191 30000000008529181 7.23627606617 3.9767 -0.273611 -9.74156
9.26187 30000000008529182 30000000008529181 30000000008529191 30000000008529180 7.00541704554 8.07196 -5.48938 -10.9948
9.34609 30000000008529181 30000000008529180 30000000008529191 30000000008529179 6.85511726265 14.6328 -10.548 -6.31156
9.53523 30000000008529180 30000000008529179 30000000008529191 30000000008529178 6.49159774567 26.1063 -3.45798 -5.6241
9.64712 30000000008529179 30000000008529178 30000000008529191 30000000008529177 6.14490120342 27.7927 -22.4324 10.5067
9.72384 30000000008529178 30000000008529177 30000000008529191 30000000008529176 6.01075739884 25.7109 -19.0346 15.0767
9.81478 30000000008529177 30000000008529176 30000000008529191 30000000008529175 5.84661374788 25.9112 -27.3461 20.9099
9.86749 30000000008529176 30000000008529175 30000000008529191 30000000008529174 5.52976580795 26.0292 -26.4763 20.879
10.0672 30000000008529175 30000000008529172 30000000008529191 30000000008529171 4.66451770247 7.49584 3.42729 19.0909
10.0699 30000000008529172 30000000008529171 30000000008529191 30000000008529170 4.42803373661 -3.71202 7.51102 36.6502
10.1306 30000000008529171 30000000008529170 30000000008529191 30000000008529169 4.17683491473 13.5029 -2.55382 17.3385
10.1589 30000000008529170 30000000008529168 30000000008529191 30000000008529167 3.93726108473 8.92695 -11.9587 14.7013
10.1816 30000000008529168 30000000008529167 30000000008529191 30000000008529166 3.70877426464 5.51075 -12.0702 10.5376
10.2149 30000000008529167 30000000008529166 30000000008529191 30000000008529165 3.49086136926 1.3872 -6.1485 9.61236
10.2536 30000000008529166 30000000008529165 30000000008529191 30000000008529164 3.28303305796 -6.61081 -6.78148 21.8336
10.2937 30000000008529165 30000000008529164 30000000008529191 30000000008529163 3.08482263583 -32.9911 6.42633 7.32374
10.3881 30000000008529164 30000000008529162 30000000008529191 30000000008529161 2.89578500573 -14.0371 7.13354 -34.3401
10.4741 30000000008529162 30000000008529161 30000000008529191 30000000008529160 2.73314261732 -81.3902 20.1433 27.6676
10.7276 30000000008529161 30000000008529160 30000000008529191 30000000008529159 2.5772902716 -56.2498 -108.346 156.818
10.7877 30000000008529160 30000000008529159 30000000008529191 30000000008529158 2.44422570455 -112.629 -65.5927 143.055
10.8719 30000000008529159 30000000008529158 30000000008529191 30000000008529157 2.31611074396 -127.152 -104.771 134.404
10.9613 30000000008529158 30000000008529157 30000000008529191 30000000008529156 2.20792547238 -121.175 -62.3583 -22.0473
11.0937 30000000008529157 30000000008529155 30000000008529191 30000000008529154 2.00202813925 -39.4963 -33.5214 -291.439
11.1438 30000000008529155 30000000008529154 30000000008529191 30000000008529153 1.90408954353 -37.282 -44.624 -272.504
11.1478 30000000008529154 30000000008529153 30000000008529191 30000000008529152 1.82268925262 -40.6693 -22.1509 -236.262
11.1603 30000000008529153 30000000008529152 30000000008529191 30000000008529151 1.74357057433 -88.9347 -45.9963 -176.663
11.1771 30000000008529152 30000000008529151 30000000008529191 30000000008529150 1.66666955611 -65.983 0.535929 -272.579
11.1828 30000000008529151 30000000008529141 30000000008529191 30000000008529140 1.11415056377 -145.585 101.682 -304.517
11.1911 30000000008529141 30000000008529140 30000000008529191 30000000008529139 1.07445789455 -156.564 90.0093 -264.684
11.1954 30000000008529140 30000000008529138 30000000008529191 30000000008529137 0.997294225782 -162.358 94.2973 -240.292
11.1983 30000000008529138 30000000008529137 30000000008529191 30000000008529136 0.987852810816 -161.856 90.4441 -239.623
11.2081 30000000008529137 30000000008529136 30000000008529191 30000000008529135 0.950531351585 -170.467 81.0345 -221.478
11.212 30000000008529136 30000000008529135 30000000008529191 30000000008529134 0.923000816178 -154.354 91.8243 -288.292
11.2406 30000000008529135 30000000008529134 30000000008529191 30000000008529133 0.886896937575 -166.677 71.7816 -231.002
11.2469 30000000008529134 30000000008529132 30000000008529191 30000000008529131 0.816709979012 -166.226 52.4873 -201.018
11.2469 30000000008529132 30000000008529131 30000000008529191 30000000008529130 0.791068248946 -165.427 48.5733 -211.928
11.2578 30000000008529131 30000000008529130 30000000008529191 30000000008529129 0.757441372616 -187.466 70.0951 -219.792
11.2667 30000000008529130 30000000008529129 30000000008529191 30000000008529128 0.732636182022 -195.846 87.3589 -203.095
11.2707 30000000008529129 30000000008529128 30000000008529191 30000000008529127 0.700106353719 -223.013 99.8235 -205.383
11.2752 30000000008529128 30000000008529127 30000000008529191 30000000008529126 0.676110411213 -226.507 120.311 -239.737
11.284 30000000008529127 30000000008529126 30000000008529191 30000000008529125 0.644641840685 -218.323 209.583 -223.692
9.05524 30000000008529219 30000000008529218 30000000008529224 30000000008529217 8.44947629437 -2.35378 -1.50176 -12.1796
9.0666 30000000008529218 30000000008529217 30000000008529224 30000000008529216 8.01217294887 -2.95526 2.51916 -12.3867
9.09637 30000000008529217 30000000008529213 30000000008529224 30000000008529212 6.85511726265 -2.8974 4.09232 -2.37598
9.21869 30000000008529213 30000000008529212 30000000008529224 30000000008529211 6.49159774567 -5.27331 4.2092 -7.44636
9.94851 30000000008529227 30000000008529226 30000000008529227 30000000008529225 4.99593346816 9.96824 -13.8788 26.4501
9.95689 30000000008529226 30000000008529225 30000000008529227 30000000008529172 4.93938066349 13.3645 -9.05042 29.7929
9.0066 30000000008529251 30000000008529250 30000000008529254 30000000008529249 7.00541704554 -1.54399 3.43347 -18.2665
9.02855 30000000008529291 30000000008529290 30000000008529300 30000000008529289 7.00541704554 -3.24512 -4.37328 2.29684
9.06939 30000000008529290 30000000008529288 30000000008529300 30000000008529287 6.49159774567 -4.5046 -2.50815 -2.31469
9.07492 30000000008529288 30000000008529287 30000000008529300 30000000008529286 6.14490120342 -3.95839 -4.42341 -2.57348
9.08845 30000000008529287 30000000008529286 30000000008529300 30000000008529285 6.01075739884 -4.84084 -3.12537 -3.80818
9.13394 30000000008529286 30000000008529285 30000000008529300 30000000008529284 5.84661374788 -2.48603 -3.60108 -4.90712
9.14344 30000000008529285 30000000008529284 30000000008529300 30000000008529283 5.52976580795 -4.19609 -5.68051 -8.91589
9.20055 30000000008529284 30000000008529283 30000000008529300 30000000008529282 5.22758097313 -6.48809 -6.85069 -12.4002
9.2342 30000000008529283 30000000008529282 30000000008529300 30000000008529281 4.99593346816 -1.99926 -6.49336 -12.1698
9.24918 30000000008529282 30000000008529281 30000000008529300 30000000008529280 4.93938066349 -2.20066 -4.71896 -12.0637
9.01614 30000000008529484 30000000008529483 30000000008529494 30000000008529482 6.49159774567 1.21906 0.727325 -0.790036
9.04358 30000000008529483 30000000008529482 30000000008529494 30000000008529481 6.14490120342 1.32996 0.124146 -0.0359554
9.06096 30000000008529482 30000000008529481 30000000008529494 30000000008529480 6.01075739884 2.59713 0.479716 -0.613977
9.08578 30000000008529481 30000000008529480 30000000008529494 30000000008529479 5.84661374788 2.06397 1.10406 0.441063
9.19641 30000000008529480 30000000008529479 30000000008529494 30000000008529478 5.52976580795 4.19634 3.04529 -0.771397
9.2929 30000000008529479 30000000008529478 30000000008529494 30000000008529477 5.22758097313 12.1252 -0.353954 25.5302
9.0066 30000000008529594 30000000008529593 30000000008529603 30000000008529592 4.42803373661 -3.11442 2.94292 -8.47938
9.02548 30000000008529593 30000000008529592 30000000008529603 30000000008529591 4.17683491473 -5.16657 1.37679 -9.67833
9.05811 30000000008529592 30000000008529591 30000000008529603 30000000008529590 4.00794511147 -4.82811 0.629334 -7.48871
9.05811 30000000008529591 30000000008529590 30000000008529603 30000000008529589 3.93726108473 -2.82446 2.70758 -8.04352
9.08578 30000000008529590 30000000008529586 30000000008529603 30000000008529585 3.08482263583 2.13656 -1.26378 -5.5409
9.12424 30000000008529586 30000000008529585 30000000008529603 30000000008529584 3.00813107163 7.15809 -0.763101 2.89133
9.07492 30000000008529690 30000000008529689 30000000008529695 30000000008529688 8.01217294887 7.26807 4.46609 -7.22275
9.13634 30000000008529689 30000000008529687 30000000008529695 30000000008529686 7.23627606617 -0.5776 2.67763 -10.6397
9.19433 30000000008529687 30000000008529686 30000000008529695 30000000008529685 7.00541704554 2.42002 3.32772 -9.71066
9.24362 30000000008529686 30000000008529685 30000000008529695 30000000008529684 6.85511726265 1.76587 3.14812 -8.66024
9.32958 30000000008529685 30000000008529684 30000000008529695 30000000008529683 6.49159774567 -3.24367 5.92681 -1.29402
9.45145 30000000008529684 30000000008529683 30000000008529695 30000000008529682 6.14490120342 -15.9159 6.07621 -1.06284
9.50158 30000000008529683 30000000008529680 30000000008529695 30000000008529679 5.52976580795 -7.43622 6.06995 -2.769
9.56379 30000000008529680 30000000008529679 30000000008529695 30000000008529678 5.22758097313 -3.79051 -8.18542 -5.53598
9.60462 30000000008529679 30000000008529678 30000000008529695 30000000008529677 4.99593346816 2.71414 -2.86277 -2.25137
9.61186 30000000008529678 30000000008529673 30000000008529695 30000000008529672 4.00794511147 8.05272 -21.8373 -9.59485
9.61584 30000000008529673 30000000008529672 30000000008529695 30000000008529671 3.93726108473 10.7846 -20.8478 -9.66268
9.63744 30000000008529672 30000000008529671 30000000008529695 30000000008529670 3.70877426464 7.50042 -19.7198 -8.87966
9.66302 30000000008529671 30000000008529670 30000000008529695 30000000008529669 3.49086136926 7.33804 -21.7441 -10.2134
9.67422 30000000008529670 30000000008529669 30000000008529695 30000000008529668 3.28303305796 3.60939 -13.41 -7.03886
9.70621 30000000008529669 30000000008529668 30000000008529695 30000000008529667 3.08482263583 9.91592 -6.29835 -5.27577
9.11681 30000000008529764 30000000008529763 30000000008529772 30000000008529762 8.44947629437 -7.35476 10.9739 -3.03176
9.19641 30000000008529763 30000000008529760 30000000008529772 30000000008529759 7.23627606617 0.0619943 -2.9683 6.29376
9.48586 30000000008529760 30000000008529759 30000000008529772 30000000008529758 7.00541704554 0.185018 -5.18849 4.54846
9.56468 30000000008529759 30000000008529757 30000000008529772 30000000008529756 6.49159774567 -0.50321 0.801775 3.88062
9.62368 30000000008529757 30000000008529756 30000000008529772 30000000008529755 6.14490120342 1.82349 6.26868 0.744477
9.69974 30000000008529756 30000000008529754 30000000008529772 30000000008529753 5.84661374788 7.31729 2.47897 6.11091
9.75822 30000000008529754 30000000008529753 30000000008529772 30000000008529752 5.52976580795 5.72929 5.47324 -0.28088
9.82712 30000000008529753 30000000008529752 30000000008529772 30000000008529751 5.22758097313 3.21239 -15.3585 -21.7999
9.89204 30000000008529752 30000000008529749 30000000008529772 30000000008529748 4.66451770247 2.05574 -3.64534 -5.94269
9.91209 30000000008529749 30000000008529747 30000000008529772 30000000008529746 4.17683491473 -7.41602 -9.17174 -8.03446
10.0085 30000000008529747 30000000008529746 30000000008529772 30000000008529745 4.00794511147 -5.37332 -11.2812 -33.2168
10.0276 30000000008529746 30000000008529745 30000000008529772 30000000008529744 3.93726108473 -2.85212 -11.8668 -39.9152
10.0774 30000000008529745 30000000008529744 30000000008529772 30000000008529743 3.70877426464 -0.732254 -16.0393 -33.7081
10.133 30000000008529744 30000000008529743 30000000008529772 30000000008529742 3.49086136926 -0.663046 -12.955 -20.7263
10.1532 30000000008529743 30000000008529742 30000000008529772 30000000008529741 3.28303305796 11.0319 -8.89058 -17.236
10.2212 30000000008529742 30000000008529741 30000000008529772 30000000008529740 3.08482263583 42.5865 11.0771 -27.4468
10.2265 30000000008529741 30000000008529740 30000000008529772 30000000008529739 3.00813107163 22.9901 0.648785 -13.6739
10.2284 30000000008529740 30000000008529739 30000000008529772 30000000008529738 2.89578500573 16.4523 0.350809 -16.4663
11.0294 30000000008529739 30000000008529733 30000000008529772 30000000008529732 2.1032696526 -103.583 -130.892 -105.074
9.24362 30000000008529777 30000000008529776 30000000008529783 30000000008529775 8.01217294887 -3.0681 -5.0771 -6.25806
9.24918 30000000008529776 30000000008529775 30000000008529783 30000000008529774 7.59510714987 -1.71139 -4.75758 3.15005
9.17512 30000000008529797 30000000008529796 30000000008529810 30000000008529795 5.22758097313 11.521 22.0053 -0.673372
9.11431 30000000008529936 30000000008529935 30000000008529938 30000000008529934 7.23627606617 -10.2963 18.524 15.0745
9.25284 30000000008529935 30000000008529934 30000000008529938 30000000008529933 7.00541704554 -16.8675 22.0892 8.51982
9.25466 30000000008529934 30000000008529933 30000000008529938 30000000008529932 6.85511726265 -21.9253 24.6869 6.94806
9.25828 30000000008529933 30000000008529932 30000000008529938 30000000008529931 6.49159774567 -3.72067 11.7312 7.70375
9.36199 30000000008529932 30000000008529931 30000000008529938 30000000008529930 6.14490120342 1.37636 6.14173 18.7232
9.38547 30000000008529931 30000000008529930 30000000008529938 30000000008529929 6.01075739884 0.984431 5.67803 18.0364
9.48157 30000000008529930 30000000008529926 30000000008529938 30000000008529925 4.99593346816 12.047 -9.17082 12.6254
9.52169 30000000008529926 30000000008529925 30000000008529938 30000000008529924 4.93938066349 11.3184 -0.349873 20.534
9.57956 30000000008529925 30000000008529924 30000000008529938 30000000008529923 4.66451770247 13.3398 1.52812 18.0111
9.58807 30000000008529924 30000000008529922 30000000008529938 30000000008529921 4.17683491473 16.5942 -2.3286 29.6122
9.63744 30000000008529922 30000000008529921 30000000008529938 30000000008529920 4.00794511147 17.2219 -8.14296 33.4129
9.6573 30000000008529921 30000000008529918 30000000008529938 30000000008529917 3.49086136926 19.6786 -6.20917 27.7222
9.67491 30000000008529918 30000000008529917 30000000008529938 30000000008529916 3.28303305796 18.1086 -8.32318 29.0872
9.70104 30000000008529917 30000000008529916 30000000008529938 30000000008529915 3.08482263583 27.9893 -11.8263 28.4779
9.15956 30000000008530042 30000000008530041 30000000008530047 30000000008530040 6.14490120342 4.52439 -1.6481 -6.94426
9.21272 30000000008530041 30000000008530040 30000000008530047 30000000008530039 6.01075739884 -1.82062 -4.84845 -3.24676
9.22066 30000000008530040 30000000008530039 30000000008530047 30000000008530038 5.84661374788 -1.39477 0.0772713 -8.78244
9.27246 30000000008530039 30000000008530038 30000000008530047 30000000008530037 5.52976580795 -0.545916 1.86281 -5.51334
9.51275 30000000008530038 30000000008530036 30000000008530047 30000000008530035 4.99593346816 -0.256405 -1.27519 4.22422
9.53902 30000000008530036 30000000008530035 30000000008530047 30000000008530034 4.93938066349 -2.19148 1.05632 7.56505
9.58041 30000000008530035 30000000008530034 30000000008530047 30000000008530033 4.66451770247 -5.06761 2.13845 8.53149
9.61584 30000000008530034 30000000008530033 30000000008530047 30000000008530032 4.42803373661 -5.11908 2.05818 4.29927
9.70813 30000000008530033 30000000008530032 30000000008530047 30000000008530031 4.17683491473 -12.2606 -13.0102 -11.0469
9.73118 30000000008530032 30000000008530031 30000000008530047 30000000008530030 4.00794511147 -12.2722 -20.1738 -14.6221
9.76724 30000000008530031 30000000008530030 30000000008530047 30000000008530029 3.93726108473 -3.52463 -20.5716 -12.6051
9.96048 30000000008530030 30000000008530029 30000000008530047 30000000008530028 3.70877426464 7.28125 -40.0501 6.98336
10.3337 30000000008530029 30000000008530027 30000000008530047 30000000008530026 3.28303305796 96.0329 -63.2901 4.35119
10.3666 30000000008530027 30000000008530026 30000000008530047 30000000008530025 3.08482263583 93.7191 -62.9687 5.74816
10.402 30000000008530026 30000000008530025 30000000008530047 30000000008530024 3.00813107163 99.0203 -70.6 5.60587
10.4056 30000000008530025 30000000008530024 30000000008530047 30000000008530023 2.89578500573 113.154 -69.3194 15.3392
10.4486 30000000008530024 30000000008530023 30000000008530047 30000000008530022 2.73314261732 120.852 -73.5092 -11.466
9.38815 30000000008530049 30000000008530048 30000000008530057 30000000008530036 5.22758097313 -5.65261 -3.40271 -3.80249
10.192 30000000008530059 30000000008530058 30000000008530071 30000000008530027 3.49086136926 130.367 -79.1784 -33.7404
9.06939 30000000008530111 30000000008530110 30000000008530119 30000000008530109 5.52976580795 -3.50238 0.326417 7.81695
9.11681 30000000008530110 30000000008530109 30000000008530119 30000000008530108 5.22758097313 -4.79362 1.86221 8.15038
9.19433 30000000008530109 30000000008530108 30000000008530119 30000000008530107 4.99593346816 -8.14904 -1.58107 3.26975
9.26543 30000000008530108 30000000008530107 30000000008530119 30000000008530106 4.93938066349 -10.8527 -3.48169 5.54785
9.35627 30000000008530107 30000000008530106 30000000008530119 30000000008530105 4.66451770247 -21.1948 1.52321 13.2707
9.44093 30000000008530106 30000000008530105 30000000008530119 30000000008530104 4.42803373661 -29.0798 -2.91217 22.6945
9.50158 30000000008530105 30000000008530104 30000000008530119 30000000008530103 4.17683491473 -28.4665 -0.419531 24.6866
9.54558 30000000008530104 30000000008530103 30000000008530119 30000000008530102 4.00794511147 -20.4437 -0.756326 7.65423
9.09375 30000000008530158 30000000008530157 30000000008530165 30000000008530156 5.22758097313 -2.04446 -6.22361 -0.612894
9.1663 30000000008530157 30000000008530156 30000000008530165 30000000008530155 4.99593346816 -3.52247 -2.40192 -6.06886
9.16852 30000000008530156 30000000008530154 30000000008530165 30000000008530153 4.66451770247 -4.538 -2.69419 -1.78724
9.22651 30000000008530154 30000000008530153 30000000008530165 30000000008530152 4.42803373661 3.10918 2.04377 -1.32933
9.07216 30000000008530188 30000000008530187 30000000008530196 30000000008530186 7.00541704554 -2.36336 11.2603 2.40478
9.15956 30000000008530187 30000000008530186 30000000008530196 30000000008530185 6.85511726265 2.32412 9.70852 -3.82733
9.27246 30000000008530186 30000000008530185 30000000008530196 30000000008530184 6.49159774567 1.48089 12.3986 0.187395
9.2742 30000000008530185 30000000008530181 30000000008530196 30000000008530180 5.52976580795 3.90297 6.73267 -4.44862
9.34016 30000000008530181 30000000008530180 30000000008530196 30000000008530179 5.22758097313 1.74026 5.46114 -3.15357
9.39214 30000000008530180 30000000008530179 30000000008530196 30000000008530178 4.99593346816 6.39057 3.06676 -5.95432
9.39478 30000000008530179 30000000008530178 30000000008530196 30000000008530177 4.93938066349 5.83876 2.40557 -7.02858
9.41156 30000000008530178 30000000008530177 30000000008530196 30000000008530176 4.66451770247 0.861636 4.97915 -6.36684
9.45605 30000000008530177 30000000008530176 30000000008530196 30000000008530175 4.42803373661 2.41489 7.91078 -4.7979
9.58383 30000000008530176 30000000008530175 30000000008530196 30000000008530174 4.17683491473 8.78591 -5.06927 -42.5595
9.64859 30000000008530175 30000000008530174 30000000008530196 30000000008530173 4.00794511147 26.5024 15.2381 -48.1524
9.03463 30000000008530263 30000000008530262 30000000008530268 30000000008530261 6.49159774567 3.63984 -2.04895 5.03649
9.18802 30000000008530262 30000000008530261 30000000008530268 30000000008530260 6.14490120342 4.91143 -7.15289 6.29498
9.31083 30000000008530261 30000000008530260 30000000008530268 30000000008530259 6.01075739884 5.88662 -23.0543 8.37657
9.33566 30000000008530260 30000000008530259 30000000008530268 30000000008530258 5.84661374788 5.40161 -24.5786 10.0059
9.44093 30000000008530259 30000000008530258 30000000008530268 30000000008530257 5.52976580795 -1.50444 -16.6913 11.4477
9.51972 30000000008530258 30000000008530257 30000000008530268 30000000008530256 5.22758097313 -5.99781 -10.5274 9.95416
9.69051 30000000008530257 30000000008530256 30000000008530268 30000000008530255 4.99593346816 5.63143 -2.54027 2.54523
9.7226 30000000008530256 30000000008530255 30000000008530268 30000000008530254 4.93938066349 8.28099 -5.48234 5.52079
9.80209 30000000008530255 30000000008530254 30000000008530268 30000000008530253 4.66451770247 27.3166 -6.24228 -12.6717
9.92198 30000000008530254 30000000008530253 30000000008530268 30000000008530252 4.42803373661 43.5447 -12.879 -33.4337
9.94962 30000000008530253 30000000008530252 30000000008530268 30000000008530251 4.17683491473 39.5837 -5.36848 -36.3239
9.95869 30000000008530252 30000000008530250 30000000008530268 30000000008530249 3.93726108473 33.1117 -11.0446 -27.1845
10.0295 30000000008530250 30000000008530249 30000000008530268 30000000008530248 3.70877426464 50.2311 -23.0264 -39.7821
10.0842 30000000008530249 30000000008530248 30000000008530268 30000000008530247 3.49086136926 61.6662 -27.1464 -35.447
10.1011 30000000008530248 30000000008530246 30000000008530268 30000000008530245 3.08482263583 48.9396 -38.0731 -22.833
10.1044 30000000008530246 30000000008530245 30000000008530268 30000000008530244 3.00813107163 53.8834 -26.7583 -25.3426
10.1467 30000000008530245 30000000008530244 30000000008530268 30000000008530243 2.89578500573 19.1129 -15.9086 -2.07301
10.1964 30000000008530244 30000000008530243 30000000008530268 30000000008530242 2.73314261732 10.1574 -8.12728 -3.72095
10.2412 30000000008530243 30000000008530242 30000000008530268 30000000008530241 2.5772902716 -22.6513 4.21201 -15.5001
10.2931 30000000008530242 30000000008530240 30000000008530268 30000000008530239 2.31611074396 -19.0048 16.3698 -27.3961
9.03763 30000000008530322 30000000008530321 30000000008530334 30000000008530320 4.66451770247 13.6399 1.748 2.80111
9.09637 30000000008530321 30000000008530319 30000000008530334 30000000008530318 4.17683491473 12.0444 -4.11889 3.378
9.02548 30000000008530393 30000000008530392 30000000008530396 30000000008530391 4.99593346816 -3.93076 -6.04754 0.0315892
9.07766 30000000008530392 30000000008530391 30000000008530396 30000000008530390 4.93938066349 -4.73101 -11.318 1.54849
9.09375 30000000008530391 30000000008530390 30000000008530396 30000000008530389 4.66451770247 -10.725 -11.8591 1.99144
9.21472 30000000008530390 30000000008530389 30000000008530396 30000000008530388 4.42803373661 -10.8466 -6.96982 5.50869
9.35914 30000000008530389 30000000008530387 30000000008530396 30000000008530386 4.00794511147 -12.719 -9.38253 4.83007
9.41659 30000000008530387 30000000008530384 30000000008530396 30000000008530383 3.49086136926 -17.3455 -3.83304 10.0407
9.43974 30000000008530384 30000000008530383 30000000008530396 30000000008530382 3.28303305796 -15.2806 1.048 8.61966
9.44797 30000000008530383 30000000008530382 30000000008530396 30000000008530381 3.08482263583 -13.8533 -1.23426 6.01833
9.4549 30000000008530382 30000000008530381 30000000008530396 30000000008530380 3.00813107163 -13.6431 -1.8619 5.96003
9.02548 30000000008530404 30000000008530403 30000000008530405 30000000008530402 5.52976580795 -29.3764 9.83672 4.99338
9.01614 30000000008530546 30000000008530545 30000000008530554 30000000008530544 5.84661374788 -2.75382 -2.57283 -2.82077
9.08845 30000000008530545 30000000008530544 30000000008530554 30000000008530543 5.52976580795 1.27687 -2.11136 -8.13967
9.22457 30000000008530544 30000000008530543 30000000008530554 30000000008530542 5.22758097313 -6.14904 -6.49527 -5.37689
9.30115 30000000008530543 30000000008530540 30000000008530554 30000000008530539 4.66451770247 6.15904 -2.55932 -10.6521
9.41029 30000000008530540 30000000008530539 30000000008530554 30000000008530538 4.42803373661 1.03308 3.8772 -2.49971
9.45833 30000000008530539 30000000008530538 30000000008530554 30000000008530537 4.17683491473 -5.17587 -5.7912 -5.6264
9.49011 30000000008530538 30000000008530536 30000000008530554 30000000008530535 3.93726108473 -1.61629 1.35706 -6.39566
9.50872 30000000008530536 30000000008530535 30000000008530554 30000000008530534 3.70877426464 3.87266 3.26651 -7.09026
9.55751 30000000008530535 30000000008530534 30000000008530554 30000000008530533 3.49086136926 12.6571 4.37342 5.78011
9.59807 30000000008530534 30000000008530532 30000000008530554 30000000008530531 3.08482263583 -2.02798 19.1696 -4.31668
9.60705 30000000008530532 30000000008530531 30000000008530554 30000000008530530 3.00813107163 -5.95722 25.2989 -6.23514
9.63969 30000000008530531 30000000008530530 30000000008530554 30000000008530529 2.89578500573 -8.04616 36.7967 -7.9426
9.68851 30000000008530530 30000000008530529 30000000008530554 30000000008530528 2.73314261732 -5.3585 29.9893 -6.05292
9.70234 30000000008530529 30000000008530528 30000000008530554 30000000008530527 2.5772902716 -5.49893 30.3298 -8.54084
