logMh | fpID | subhaloID | main leaf ID | descID |  z
9.16182 30000000011073482 30000000011073481 30000000011073487 30000000011073480 7.23627606617 4.45881 11.556 -11.9173
9.24362 30000000011073481 30000000011073480 30000000011073487 30000000011073479 7.00541704554 3.66152 7.35721 -12.0821
9.24362 30000000011073480 30000000011073479 30000000011073487 30000000011073478 6.85511726265 4.25795 11.1624 -11.9276
9.34756 30000000011073479 30000000011073478 30000000011073487 30000000011073477 6.49159774567 3.00218 -0.567906 0.232122
9.55569 30000000011073478 30000000011073477 30000000011073487 30000000011073476 6.14490120342 -3.88605 -10.5019 0.351748
9.6838 30000000011073477 30000000011073476 30000000011073487 30000000011073475 6.01075739884 4.89627 -4.69007 -3.72624
9.8237 30000000011073476 30000000011073475 30000000011073487 30000000011073474 5.84661374788 14.962 -6.43443 -3.76336
9.89162 30000000011073475 30000000011073474 30000000011073487 30000000011073473 5.52976580795 19.3584 -7.23867 -7.81343
9.97801 30000000011073474 30000000011073473 30000000011073487 30000000011073472 5.22758097313 24.9239 -2.35251 -12.2641
10.0261 30000000011073473 30000000011073472 30000000011073487 30000000011073471 4.99593346816 38.6007 3.28394 -25.204
10.0521 30000000011073472 30000000011073471 30000000011073487 30000000011073470 4.93938066349 36.4573 3.08553 -29.1158
10.1382 30000000011073471 30000000011073470 30000000011073487 30000000011073469 4.66451770247 40.4162 31.1042 -26.9167
10.149 30000000011073470 30000000011073469 30000000011073487 30000000011073468 4.42803373661 39.0862 29.0017 -19.9385
10.2061 30000000011073469 30000000011073468 30000000011073487 30000000011073467 4.17683491473 49.7286 39.5704 -20.6112
10.2645 30000000011073468 30000000011073467 30000000011073487 30000000011073466 4.00794511147 39.0076 -1.24098 -14.5524
10.3326 30000000011073467 30000000011073466 30000000011073487 30000000011073465 3.93726108473 54.2267 9.37806 11.3496
10.3451 30000000011073466 30000000011073465 30000000011073487 30000000011073464 3.70877426464 67.1503 -52.9168 1.29458
10.3775 30000000011073465 30000000011073464 30000000011073487 30000000011073463 3.49086136926 101.727 -49.4607 -14.1059
10.4772 30000000011073464 30000000011073463 30000000011073487 30000000011073462 3.28303305796 115.75 -25.2575 17.3425
10.5491 30000000011073463 30000000011073462 30000000011073487 30000000011073461 3.08482263583 126.457 -55.185 30.8115
10.5641 30000000011073462 30000000011073461 30000000011073487 30000000011073460 3.00813107163 132.955 -57.9216 32.3467
10.6053 30000000011073461 30000000011073460 30000000011073487 30000000011073459 2.89578500573 150.099 -87.4595 -0.834007
10.6392 30000000011073460 30000000011073459 30000000011073487 30000000011073458 2.73314261732 149.218 -92.9036 -0.707695
10.6936 30000000011073459 30000000011073458 30000000011073487 30000000011073457 2.5772902716 131.967 -99.7954 -8.57033
10.7485 30000000011073458 30000000011073457 30000000011073487 30000000011073456 2.44422570455 88.6289 -183.474 -61.5667
10.7934 30000000011073457 30000000011073456 30000000011073487 30000000011073455 2.31611074396 35.7381 -298.454 -47.9661
10.83 30000000011073456 30000000011073455 30000000011073487 30000000011073454 2.20792547238 10.0374 -345.079 -56.7511
10.8355 30000000011073455 30000000011073454 30000000011073487 30000000011073453 2.1032696526 25.0977 -364.919 -57.8447
10.8479 30000000011073454 30000000011073453 30000000011073487 30000000011073452 2.00202813925 33.2014 -360.281 -63.9758
10.8517 30000000011073453 30000000011073452 30000000011073487 30000000011073451 1.90408954353 28.0742 -370.181 -47.4332
10.8606 30000000011073452 30000000011073451 30000000011073487 30000000011073450 1.82268925262 40.7623 -374.528 -49.2211
10.8615 30000000011073451 30000000011073446 30000000011073487 30000000011073445 1.47197484527 52.9178 -310.511 -58.991
10.8638 30000000011073446 30000000011073445 30000000011073487 30000000011073444 1.41409822037 46.9765 -297.149 -44.5381
10.8685 30000000011073445 30000000011073443 30000000011073487 30000000011073442 1.30237845991 28.9813 -270.452 -49.9071
10.8847 30000000011073443 30000000011073442 30000000011073487 30000000011073441 1.24847261425 30.964 -273.275 -34.4269
10.8967 30000000011073442 30000000011073441 30000000011073487 30000000011073440 1.20625808078 42.4876 -262.36 -37.5832
10.9099 30000000011073441 30000000011073440 30000000011073487 30000000011073439 1.15460271236 36.7013 -286.587 -26.0678
10.916 30000000011073440 30000000011073439 30000000011073487 30000000011073438 1.11415056377 31.704 -292.103 -23.8075
10.9265 30000000011073439 30000000011073438 30000000011073487 30000000011073437 1.07445789455 32.4486 -294.304 -25.3559
10.9324 30000000011073438 30000000011073437 30000000011073487 30000000011073436 1.03551044566 26.8871 -305.64 -32.882
10.9431 30000000011073437 30000000011073436 30000000011073487 30000000011073435 0.997294225782 33.3727 -319.417 -20.0463
10.9463 30000000011073436 30000000011073435 30000000011073487 30000000011073434 0.987852810816 30.9371 -329.185 -4.83824
10.9506 30000000011073435 30000000011073433 30000000011073487 30000000011073432 0.923000816178 34.7167 -353.179 -27.1092
10.9642 30000000011073433 30000000011073431 30000000011073487 30000000011073430 0.851470900625 33.8782 -362.087 -18.82
10.9777 30000000011073431 30000000011073430 30000000011073487 30000000011073429 0.816709979012 25.7414 -376.03 -2.39394
10.9847 30000000011073430 30000000011073429 30000000011073487 30000000011073428 0.791068248946 12.7891 -379.366 4.91406
10.9901 30000000011073429 30000000011073428 30000000011073487 30000000011073427 0.757441372616 4.8578 -392.989 22.1853
10.996 30000000011073428 30000000011073427 30000000011073487 30000000011073426 0.732636182022 5.90466 -394.739 31.7761
11.01 30000000011073427 30000000011073426 30000000011073487 30000000011073425 0.700106353719 -3.82144 -415.363 51.5525
11.0165 30000000011073426 30000000011073425 30000000011073487 30000000011073424 0.676110411213 -3.82801 -417.793 65.0883
11.0202 30000000011073425 30000000011073424 30000000011073487 30000000011073423 0.644641840685 -12.2435 -408.83 72.965
11.0315 30000000011073424 30000000011073423 30000000011073487 30000000011073422 0.621428745243 -18.0974 -417.829 82.9283
11.0351 30000000011073423 30000000011073421 30000000011073487 30000000011073420 0.575980845108 -10.9575 -405.547 69.8433
11.0381 30000000011073421 30000000011073420 30000000011073487 30000000011073419 0.546392183141 -2.89277 -390.154 61.2371
11.0458 30000000011073420 30000000011073419 30000000011073487 30000000011073418 0.524565820434 -15.9349 -402.614 70.8819
11.0492 30000000011073419 30000000011073418 30000000011073487 30000000011073417 0.503047523245 -18.4538 -395.043 75.3622
11.0738 30000000011073418 30000000011073416 30000000011073487 30000000011073415 0.460917794181 3.01215 -407.927 104.364
11.0812 30000000011073416 30000000011073404 30000000011073487 30000000011073403 0.243540181555 0.0540839 -327.283 114.881
11.0976 30000000011073404 30000000011073403 30000000011073487 30000000011073402 0.22598838626 -1.47096 -335.384 139.658
11.0997 30000000011073403 30000000011073402 30000000011073487 30000000011073401 0.214425035514 -5.9891 -328.099 145.966
11.1036 30000000011073402 30000000011073399 30000000011073487 30000000011073398 0.169252033244 -10.3124 -319.402 147.762
9.00012 30000000011073526 30000000011073525 30000000011073529 30000000011073524 6.49159774567 8.65266 -10.6546 1.58318
9.18376 30000000011073525 30000000011073524 30000000011073529 30000000011073523 6.14490120342 5.31312 -27.1704 3.71781
9.01614 30000000011073589 30000000011073588 30000000011073596 30000000011073587 7.00541704554 -4.12723 0.581663 -8.13286
9.05524 30000000011073588 30000000011073587 30000000011073596 30000000011073586 6.85511726265 -8.755 0.653531 -9.99444
9.09111 30000000011073587 30000000011073586 30000000011073596 30000000011073585 6.49159774567 -5.73376 -3.29416 -8.86351
9.13154 30000000011073586 30000000011073585 30000000011073596 30000000011073584 6.14490120342 -3.83389 -1.26941 -6.28162
9.33263 30000000011073585 30000000011073584 30000000011073596 30000000011073583 6.01075739884 -25.8734 13.7167 -30.351
9.33415 30000000011073584 30000000011073580 30000000011073596 30000000011073579 4.99593346816 -12.0383 14.5053 -17.4427
9.33866 30000000011073580 30000000011073579 30000000011073596 30000000011073578 4.93938066349 -16.0024 23.9374 -18.4341
9.34756 30000000011073579 30000000011073578 30000000011073596 30000000011073577 4.66451770247 -13.7745 14.9667 -18.5318
9.43015 30000000011073578 30000000011073577 30000000011073596 30000000011073576 4.42803373661 -19.4745 24.2182 -23.2436
9.48265 30000000011073577 30000000011073572 30000000011073596 30000000011073462 3.49086136926 -0.643001 19.2728 -11.8431
9.04358 30000000011073647 30000000011073646 30000000011073652 30000000011073645 6.49159774567 -1.94545 3.88242 -0.373439
9.15956 30000000011073646 30000000011073645 30000000011073652 30000000011073644 6.14490120342 -3.57729 3.03407 0.133022
9.16852 30000000011073645 30000000011073644 30000000011073652 30000000011073643 6.01075739884 -4.64531 2.78271 0.514119
9.18162 30000000011073644 30000000011073643 30000000011073652 30000000011073642 5.84661374788 -2.69841 2.47897 -0.647811
9.2087 30000000011073643 30000000011073642 30000000011073652 30000000011073641 5.52976580795 -4.12874 2.43003 -1.9994
9.22457 30000000011073642 30000000011073641 30000000011073652 30000000011073640 5.22758097313 -1.89018 1.2837 -2.68186
9.35483 30000000011073641 30000000011073640 30000000011073652 30000000011073639 4.99593346816 7.08031 5.60198 -1.00179
9.10926 30000000011073670 30000000011073669 30000000011073678 30000000011073668 4.99593346816 -0.356439 -2.21885 12.2375
9.23229 30000000011073669 30000000011073668 30000000011073678 30000000011073667 4.93938066349 2.2717 -3.26651 15.2715
9.2862 30000000011073668 30000000011073667 30000000011073678 30000000011073666 4.66451770247 1.94944 -2.38791 13.2464
9.0316 30000000011073775 30000000011073774 30000000011073782 30000000011073773 7.59510714987 -0.175643 1.1436 -1.13658
9.08038 30000000011073774 30000000011073773 30000000011073782 30000000011073772 7.23627606617 0.569815 1.30476 -3.35773
9.16182 30000000011073773 30000000011073771 30000000011073782 30000000011073770 6.85511726265 -0.0517261 -0.114876 -3.07158
9.16182 30000000011073771 30000000011073770 30000000011073782 30000000011073769 6.49159774567 -0.0374838 0.144061 -1.38564
9.23229 30000000011073770 30000000011073769 30000000011073782 30000000011073768 6.14490120342 -2.05402 -0.318091 -4.21043
9.25101 30000000011073769 30000000011073768 30000000011073782 30000000011073767 6.01075739884 -2.69794 -0.666147 -4.0306
9.29622 30000000011073768 30000000011073766 30000000011073782 30000000011073765 5.52976580795 4.12869 -3.15291 -9.96579
9.43377 30000000011073766 30000000011073765 30000000011073782 30000000011073764 5.22758097313 11.2933 -6.78018 -14.2985
9.53902 30000000011073765 30000000011073762 30000000011073782 30000000011073761 4.66451770247 18.6098 -16.6657 -23.2583
9.63593 30000000011073762 30000000011073761 30000000011073782 30000000011073760 4.42803373661 2.90318 -11.8108 -20.7883
9.71322 30000000011073761 30000000011073760 30000000011073782 30000000011073759 4.17683491473 -5.36276 -22.7283 -24.7536
9.76163 30000000011073760 30000000011073759 30000000011073782 30000000011073758 4.00794511147 3.67285 -21.5346 -30.2109
9.08309 30000000011073826 30000000011073825 30000000011073835 30000000011073824 5.52976580795 -1.30033 -7.62584 0.0785309
9.22457 30000000011073825 30000000011073824 30000000011073835 30000000011073823 5.22758097313 11.6236 -3.09028 14.8657
9.22457 30000000011073824 30000000011073822 30000000011073835 30000000011073821 4.93938066349 12.8891 -4.54611 15.85
9.25828 30000000011073822 30000000011073821 30000000011073835 30000000011073820 4.66451770247 9.63576 -4.74649 11.9849
9.2845 30000000011073821 30000000011073820 30000000011073835 30000000011073819 4.42803373661 7.40401 -7.9013 6.83164
9.30115 30000000011073820 30000000011073819 30000000011073835 30000000011073818 4.17683491473 9.42396 -3.89676 3.93973
9.30602 30000000011073819 30000000011073818 30000000011073835 30000000011073817 4.00794511147 10.3657 -2.36766 6.38168
9.31717 30000000011073818 30000000011073817 30000000011073835 30000000011073816 3.93726108473 9.63962 -0.637572 4.32495
9.07492 30000000011073884 30000000011073883 30000000011073891 30000000011073882 4.66451770247 -2.16554 -5.79356 3.90504
9.12178 30000000011073883 30000000011073882 30000000011073891 30000000011073881 4.42803373661 -3.8683 -5.66402 0.339711
9.13634 30000000011073882 30000000011073881 30000000011073891 30000000011073880 4.17683491473 -2.86724 -5.22332 0.0919826
9.2845 30000000011073881 30000000011073880 30000000011073891 30000000011073879 4.00794511147 -1.34201 -10.1877 -12.3723
9.30115 30000000011073880 30000000011073878 30000000011073891 30000000011073877 3.70877426464 1.65522 -5.67085 -8.17652
9.31874 30000000011073878 30000000011073877 30000000011073891 30000000011073876 3.49086136926 3.11794 -2.8132 -1.59772
9.07216 30000000011073938 30000000011073937 30000000011073943 30000000011073936 5.22758097313 -10.9058 16.7299 -0.225758
9.27072 30000000011074039 30000000011074038 30000000011074050 30000000011074037 7.00541704554 8.76914 5.97992 4.28436
9.33415 30000000011074038 30000000011074037 30000000011074050 30000000011074036 6.85511726265 5.96609 3.64779 7.88477
9.38141 30000000011074037 30000000011074036 30000000011074050 30000000011074035 6.49159774567 5.42446 5.63731 4.12059
9.43974 30000000011074036 30000000011074035 30000000011074050 30000000011074034 6.14490120342 -0.720531 15.0804 0.366067
9.47832 30000000011074035 30000000011074034 30000000011074050 30000000011074033 6.01075739884 -2.03283 17.441 5.60039
9.53996 30000000011074034 30000000011074033 30000000011074050 30000000011074032 5.84661374788 6.54605 16.3641 5.62045
9.58469 30000000011074033 30000000011074032 30000000011074050 30000000011074031 5.52976580795 14.7513 16.1297 -5.21607
9.59972 30000000011074032 30000000011074031 30000000011074050 30000000011074030 5.22758097313 11.681 11.0244 -4.47602
9.65297 30000000011074031 30000000011074030 30000000011074050 30000000011074029 4.99593346816 5.51388 10.8433 -5.2277
9.67422 30000000011074030 30000000011074029 30000000011074050 30000000011074028 4.93938066349 9.8295 8.78395 -7.63968
9.6865 30000000011074029 30000000011074028 30000000011074050 30000000011074027 4.66451770247 -1.37635 -4.99398 11.1674
9.79795 30000000011074028 30000000011074025 30000000011074050 30000000011074024 4.00794511147 -16.9676 -29.0539 -20.7678
9.83002 30000000011074025 30000000011074024 30000000011074050 30000000011074023 3.93726108473 -19.4201 -38.5354 -17.9312
9.89663 30000000011074024 30000000011074023 30000000011074050 30000000011074022 3.70877426464 -22.9931 -45.5828 -1.57151
10.0037 30000000011074023 30000000011074022 30000000011074050 30000000011074021 3.49086136926 -29.1934 -65.9552 -5.69129
10.055 30000000011074022 30000000011074021 30000000011074050 30000000011074020 3.28303305796 -27.829 -78.4872 3.88416
10.1123 30000000011074021 30000000011074020 30000000011074050 30000000011074019 3.08482263583 -22.4059 -76.9672 7.07323
10.1616 30000000011074020 30000000011074019 30000000011074050 30000000011074018 3.00813107163 -24.5143 -65.0824 1.71922
10.1643 30000000011074019 30000000011074018 30000000011074050 30000000011074017 2.89578500573 -19.7101 -54.2332 8.40767
10.1745 30000000011074018 30000000011074017 30000000011074050 30000000011074016 2.73314261732 -18.5104 -53.7442 12.6195
10.1962 30000000011074017 30000000011074016 30000000011074050 30000000011074015 2.5772902716 5.44178 -44.3063 15.5087
9.07766 30000000011074098 30000000011074097 30000000011074102 30000000011074096 7.23627606617 2.08851 -2.17982 2.83323
9.11179 30000000011074097 30000000011074096 30000000011074102 30000000011074095 7.00541704554 0.946509 -2.00651 2.68164
9.11431 30000000011074096 30000000011074095 30000000011074102 30000000011074094 6.85511726265 1.38438 -1.75883 0.81068
9.2361 30000000011074095 30000000011074093 30000000011074102 30000000011074092 6.14490120342 1.79267 -4.1528 0.505157
9.33111 30000000011074093 30000000011074092 30000000011074102 30000000011074091 6.01075739884 6.64134 1.02442 -12.347
9.33415 30000000011074092 30000000011074091 30000000011074102 30000000011074090 5.84661374788 6.21059 1.93308 -9.25986
9.33866 30000000011074091 30000000011074090 30000000011074102 30000000011074089 5.52976580795 6.10281 2.54797 -10.46
9.37869 30000000011074090 30000000011074089 30000000011074102 30000000011074088 5.22758097313 6.8628 0.280154 -10.9119
9.07216 30000000011074197 30000000011074196 30000000011074202 30000000011074195 8.01217294887 1.28898 1.30572 5.38645
9.10671 30000000011074196 30000000011074190 30000000011074202 30000000011074189 6.14490120342 -6.84203 5.36571 -4.23322
9.21472 30000000011074190 30000000011074187 30000000011074202 30000000011074186 5.52976580795 -14.3257 -7.66279 1.57136
9.2361 30000000011074187 30000000011074185 30000000011074202 30000000011074184 4.99593346816 0.0585503 -2.18586 0.556242
9.25648 30000000011074185 30000000011074184 30000000011074202 30000000011074183 4.93938066349 -3.16466 -7.3378 3.27452
9.30115 30000000011074184 30000000011074183 30000000011074202 30000000011074182 4.66451770247 -7.64931 -6.1024 0.858063
9.32805 30000000011074183 30000000011074182 30000000011074202 30000000011074181 4.42803373661 -4.39722 -3.32097 0.246091
9.38005 30000000011074182 30000000011074181 30000000011074202 30000000011074180 4.17683491473 -2.06834 -7.64478 1.00337
9.41029 30000000011074181 30000000011074177 30000000011074202 30000000011074176 3.49086136926 -3.29328 -10.6775 0.922235
9.41659 30000000011074177 30000000011074175 30000000011074202 30000000011074174 3.08482263583 2.38879 -14.5641 2.50908
9.01298 30000000011074283 30000000011074282 30000000011074292 30000000011074281 4.00794511147 -2.21226 -4.94079 1.50686
9.14811 30000000011074368 30000000011074367 30000000011074375 30000000011074366 5.52976580795 0.236053 7.94919 10.5626
9.2087 30000000011074367 30000000011074366 30000000011074375 30000000011074365 5.22758097313 2.4747 7.13915 8.07412
9.26008 30000000011074366 30000000011074365 30000000011074375 30000000011074364 4.99593346816 5.59004 5.46819 10.8656
9.26543 30000000011074365 30000000011074364 30000000011074375 30000000011074363 4.93938066349 5.77336 5.50907 11.796
9.29124 30000000011074364 30000000011074363 30000000011074375 30000000011074362 4.66451770247 9.61422 9.95624 11.3271
9.33263 30000000011074363 30000000011074362 30000000011074375 30000000011074361 4.42803373661 7.52995 11.5808 17.1279
9.51675 30000000011074362 30000000011074361 30000000011074375 30000000011074360 4.17683491473 11.4675 20.9538 31.2032
9.53713 30000000011074361 30000000011074360 30000000011074375 30000000011074359 4.00794511147 10.0039 21.7658 21.654
9.59059 30000000011074360 30000000011074359 30000000011074375 30000000011074358 3.93726108473 6.99532 21.9472 16.5182
9.68717 30000000011074359 30000000011074358 30000000011074375 30000000011074357 3.70877426464 15.8707 26.5164 19.2689
9.70104 30000000011074358 30000000011074357 30000000011074375 30000000011074356 3.49086136926 14.3211 20.5421 20.921
9.76219 30000000011074357 30000000011074356 30000000011074375 30000000011074355 3.28303305796 10.9657 18.5231 20.7342
9.82954 30000000011074356 30000000011074355 30000000011074375 30000000011074354 3.08482263583 16.7592 2.68266 30.1641
9.84893 30000000011074355 30000000011074353 30000000011074375 30000000011074352 2.89578500573 23.9513 -3.52009 24.0699
9.86482 30000000011074353 30000000011074352 30000000011074375 30000000011074351 2.73314261732 10.7149 -9.31987 25.4651
9.88952 30000000011074352 30000000011074351 30000000011074375 30000000011074350 2.5772902716 8.79622 -12.6516 32.8085
9.90034 30000000011074351 30000000011074348 30000000011074375 30000000011074347 2.20792547238 12.7713 -9.32045 32.5071
9.9212 30000000011074348 30000000011074347 30000000011074375 30000000011074346 2.1032696526 15.3667 -9.56836 29.3653
9.92896 30000000011074347 30000000011074344 30000000011074375 30000000011074343 1.82268925262 13.598 -3.49283 20.5841
9.93126 30000000011074344 30000000011074341 30000000011074375 30000000011074340 1.60423452207 10.4551 -12.8323 20.288
9.94741 30000000011074341 30000000011074340 30000000011074375 30000000011074339 1.53123902916 12.1705 -23.1823 13.659
9.95653 30000000011074340 30000000011074339 30000000011074375 30000000011074338 1.47197484527 13.3835 -18.1254 8.94549
9.97213 30000000011074339 30000000011074338 30000000011074375 30000000011074337 1.41409822037 14.4291 -21.5119 4.85854
9.97767 30000000011074338 30000000011074336 30000000011074375 30000000011074335 1.30237845991 14.6155 -22.4376 -1.59481
9.9892 30000000011074336 30000000011074335 30000000011074375 30000000011074334 1.24847261425 14.3804 -18.4309 2.47629
9.99782 30000000011074335 30000000011074331 30000000011074375 30000000011074330 1.07445789455 17.9827 -20.1044 4.51349
9.99946 30000000011074331 30000000011074328 30000000011074375 30000000011074327 0.987852810816 14.5263 -20.1849 17.9693
10.0017 30000000011074328 30000000011074327 30000000011074375 30000000011074326 0.950531351585 12.0252 -12.0622 16.8322
10.0047 30000000011074327 30000000011074326 30000000011074375 30000000011074325 0.923000816178 17.1731 -16.9812 20.968
9.02548 30000000011074408 30000000011074407 30000000011074419 30000000011074406 4.42803373661 8.73889 2.29728 0.0892975
9.00337 30000000011074560 30000000011074559 30000000011074578 30000000011074558 3.49086136926 -15.2422 -10.6573 -11.911
9.00337 30000000011074559 30000000011074558 30000000011074578 30000000011074557 3.28303305796 -9.65425 -11.8377 -14.855
9.05235 30000000011074558 30000000011074557 30000000011074578 30000000011074556 3.08482263583 -10.6023 -12.9215 -17.5347
9.05235 30000000011074557 30000000011074556 30000000011074578 30000000011074555 3.00813107163 -8.52641 -13.2958 -19.0802
