logMh | fpID | subhaloID | main leaf ID | descID |  z
9.17512 60000004800104662 60000004800104661 60000004800104666 60000004800104660 9.00233985416 -5.32538 -3.63312 0.848441
9.20668 60000004800104661 60000004800104660 60000004800104666 60000004800104659 8.9079991856 -4.94388 -1.16987 5.89729
9.29124 60000004800104660 60000004800104659 60000004800104666 60000004800104658 8.44947629437 -7.51314 -8.80954 4.27904
9.39871 60000004800104659 60000004800104658 60000004800104666 60000004800104657 8.01217294887 -4.35325 -5.14761 5.51419
9.48372 60000004800104658 60000004800104657 60000004800104666 60000004800104656 7.59510714987 -4.50143 -8.60568 5.08089
9.63518 60000004800104657 60000004800104656 60000004800104666 60000004800104655 7.23627606617 -1.77335 -8.12143 5.06492
9.6756 60000004800104656 60000004800104655 60000004800104666 60000004800104654 7.00541704554 -2.44912 -5.91321 2.01223
9.68515 60000004800104655 60000004800104654 60000004800104666 60000004800104653 6.85511726265 -2.52875 -5.49371 1.30302
9.72691 60000004800104654 60000004800104653 60000004800104666 60000004800104652 6.49159774567 -1.56851 -4.81083 0.307546
9.83816 60000004800104653 60000004800104652 60000004800104666 60000004800104651 6.14490120342 -2.3134 -4.8949 3.41863
9.85536 60000004800104652 60000004800104651 60000004800104666 60000004800104650 6.01075739884 -5.25198 -5.27639 1.87072
9.90239 60000004800104651 60000004800104650 60000004800104666 60000004800104649 5.84661374788 -0.579093 -7.19291 -6.64168
9.9529 60000004800104650 60000004800104649 60000004800104666 60000004800104648 5.52976580795 -2.34988 -7.69489 -3.91546
9.99088 60000004800104649 60000004800104648 60000004800104666 60000004800104647 5.22758097313 0.323453 -4.99597 -1.18396
10.0227 60000004800104648 60000004800104647 60000004800104666 60000004800104646 4.99593346816 -2.04558 -4.25933 -0.0278664
10.0521 60000004800104647 60000004800104646 60000004800104666 60000004800104645 4.93938066349 0.203456 -0.839901 3.05866
10.0705 60000004800104646 60000004800104645 60000004800104666 60000004800104644 4.66451770247 -2.65713 -4.08769 -5.49765
10.0992 60000004800104645 60000004800104644 60000004800104666 60000004800104643 4.42803373661 7.22223 -4.91406 -3.76936
10.1264 60000004800104644 60000004800104643 60000004800104666 60000004800104642 4.17683491473 13.6148 1.24441 -10.7698
10.1296 60000004800104643 60000004800104642 60000004800104666 60000004800104641 4.00794511147 23.3519 -3.3286 -18.1783
10.1504 60000004800104642 60000004800104641 60000004800104666 60000004800104640 3.93726108473 24.5809 -3.78102 -18.2236
10.192 60000004800104641 60000004800104640 60000004800104666 60000004800104639 3.70877426464 29.2081 -2.73754 -29.6457
10.223 60000004800104640 60000004800104639 60000004800104666 60000004800104638 3.49086136926 32.3181 -1.30872 -31.9402
10.2919 60000004800104639 60000004800104638 60000004800104666 60000004800104637 3.28303305796 27.6351 -0.540209 -41.2809
10.3671 60000004800104638 60000004800104637 60000004800104666 60000004800104636 3.08482263583 3.42037 -4.46324 -34.5033
10.3969 60000004800104637 60000004800104636 60000004800104666 60000004800104635 3.00813107163 -0.979644 -10.9622 -34.4244
10.4157 60000004800104636 60000004800104635 60000004800104666 60000004800104634 2.89578500573 3.0036 -9.57897 -34.5672
10.4778 60000004800104635 60000004800104634 60000004800104666 60000004800104633 2.73314261732 -6.81001 -2.69665 -11.6536
10.5384 60000004800104634 60000004800104633 60000004800104666 60000004800104632 2.5772902716 -45.561 -36.8904 30.915
10.6815 60000004800104633 60000004800104632 60000004800104666 60000004800104631 2.44422570455 -176.949 -75.9983 86.3802
10.8246 60000004800104632 60000004800104631 60000004800104666 60000004800104630 2.31611074396 -219.903 -110.442 80.41
10.8956 60000004800104631 60000004800104630 60000004800104666 60000004800104629 2.20792547238 -218.261 -93.8992 83.3088
10.9547 60000004800104630 60000004800104627 60000004800104666 60000004800104626 1.90408954353 -211.321 -108.802 67.3158
10.9598 60000004800104627 60000004800104625 60000004800104666 60000004800104624 1.74357057433 -215.165 -92.8791 50.0398
10.9651 60000004800104625 60000004800104624 60000004800104666 60000004800104623 1.66666955611 -192.541 -53.8273 45.2307
10.9733 60000004800104624 60000004800104623 60000004800104666 60000004800104622 1.60423452207 -183.525 -55.6627 50.6139
10.9862 60000004800104623 60000004800104622 60000004800104666 60000004800104621 1.53123902916 -152.993 -30.3387 43.39
10.9885 60000004800104622 60000004800104621 60000004800104666 60000004800104620 1.47197484527 -154.111 -21.6835 59.7846
10.9958 60000004800104621 60000004800104611 60000004800104666 60000004800104610 0.997294225782 -134.715 0.117659 59.7267
11.0123 60000004800104611 60000004800104610 60000004800104666 60000004800104609 0.987852810816 -127.802 -9.13581 62.0158
11.0342 60000004800104610 60000004800104606 60000004800104666 60000004800104605 0.851470900625 -204.606 26.1708 87.9815
11.0533 60000004800104606 60000004800104605 60000004800104666 60000004800104604 0.816709979012 -208.422 53.5956 100.37
11.0616 60000004800104605 60000004800104603 60000004800104666 60000004800104602 0.757441372616 -243.115 74.4827 73.8613
11.0769 60000004800104603 60000004800104602 60000004800104666 60000004800104601 0.732636182022 -255.316 120.399 81.4559
11.0834 60000004800104602 60000004800104601 60000004800104666 60000004800104600 0.700106353719 -269.312 185.85 84.7052
11.0891 60000004800104601 60000004800104600 60000004800104666 60000004800104599 0.676110411213 -285.07 170.486 73.4183
11.1059 60000004800104600 60000004800104599 60000004800104666 60000004800104598 0.644641840685 -300.151 242.172 79.7968
11.1129 60000004800104599 60000004800104598 60000004800104666 60000004800104597 0.621428745243 -314.232 251.617 72.3651
11.1321 60000004800104598 60000004800104597 60000004800104666 60000004800104596 0.598543288188 -320.631 310.744 85.9226
11.1451 60000004800104597 60000004800104596 60000004800104666 60000004800104595 0.575980845108 -327.803 343.91 75.0635
11.1522 60000004800104596 60000004800104595 60000004800104666 60000004800104594 0.546392183141 -330.293 345.85 74.7812
11.1562 60000004800104595 60000004800104593 60000004800104666 60000004800104592 0.503047523245 -308.543 326.593 61.3555
11.1687 60000004800104593 60000004800104592 60000004800104666 60000004800104591 0.481832943421 -312.38 327.873 59.7247
11.1744 60000004800104592 60000004800104591 60000004800104666 60000004800104590 0.460917794181 -313.76 343.968 57.1224
11.176 60000004800104591 60000004800104590 60000004800104666 60000004800104589 0.440297849248 -318.73 358.896 57.153
11.177 60000004800104590 60000004800104589 60000004800104666 60000004800104588 0.419968941997 -304.343 340.588 63.9486
11.1817 60000004800104589 60000004800104586 60000004800104666 60000004800104585 0.360687657262 -320.606 321.848 44.5581
11.1819 60000004800104586 60000004800104585 60000004800104666 60000004800104584 0.347853841858 -308.354 312.502 40.0806
9.01614 60000004800104696 60000004800104695 60000004800104704 60000004800104694 6.85511726265 -3.64676 -2.69856 -4.87053
9.01928 60000004800104695 60000004800104694 60000004800104704 60000004800104693 6.49159774567 -2.51656 -2.33904 -5.60938
9.08309 60000004800104729 60000004800104728 60000004800104743 60000004800104727 4.99593346816 3.70021 -2.11551 0.741378
9.37042 60000004800104728 60000004800104725 60000004800104743 60000004800104724 4.42803373661 9.66773 -7.75106 13.5565
9.4503 60000004800104725 60000004800104724 60000004800104743 60000004800104723 4.17683491473 9.92521 -13.7209 14.6985
9.4964 60000004800104724 60000004800104723 60000004800104743 60000004800104722 4.00794511147 -0.52565 -17.1316 7.64792
9.01928 60000004800104746 60000004800104745 60000004800104755 60000004800104744 4.93938066349 2.27579 -1.81293 16.0963
9.06378 60000004800104745 60000004800104744 60000004800104755 60000004800104725 4.66451770247 5.9425 -3.71788 5.82477
9.02855 60000004800104814 60000004800104813 60000004800104821 60000004800104812 6.14490120342 -0.00901374 -8.00847 -7.47896
9.09111 60000004800104813 60000004800104812 60000004800104821 60000004800104811 6.01075739884 0.25445 -13.7591 -6.17691
9.10415 60000004800104812 60000004800104811 60000004800104821 60000004800104810 5.84661374788 2.73145 -17.7347 -5.34495
9.12178 60000004800104811 60000004800104810 60000004800104821 60000004800104809 5.52976580795 3.63746 -16.7704 -5.99321
9.17512 60000004800104810 60000004800104809 60000004800104821 60000004800104808 5.22758097313 3.73022 -15.5478 -4.69724
9.17946 60000004800104809 60000004800104808 60000004800104821 60000004800104807 4.99593346816 2.74311 -11.9739 -5.20455
9.22457 60000004800104808 60000004800104807 60000004800104821 60000004800104806 4.93938066349 3.21847 -14.831 -4.5351
9.31083 60000004800104807 60000004800104806 60000004800104821 60000004800104805 4.66451770247 5.04051 -20.404 -5.78759
9.35194 60000004800104806 60000004800104804 60000004800104821 60000004800104803 4.17683491473 8.55185 -27.1134 -4.50893
9.35483 60000004800104804 60000004800104803 60000004800104821 60000004800104802 4.00794511147 3.03589 -23.26 -4.35932
9.42033 60000004800104803 60000004800104802 60000004800104821 60000004800104801 3.93726108473 3.33855 -20.5523 -15.1528
9.51175 60000004800104802 60000004800104801 60000004800104821 60000004800104800 3.70877426464 -1.08629 -8.31344 -26.0794
9.55569 60000004800104801 60000004800104800 60000004800104821 60000004800104799 3.49086136926 1.27676 -7.40736 -31.7412
9.05235 60000004800104847 60000004800104846 60000004800104860 60000004800104845 2.89578500573 -0.333367 0.540835 -2.0364
9.12178 60000004800104846 60000004800104844 60000004800104860 60000004800104843 2.5772902716 -1.44196 -4.19278 -8.85787
9.22845 60000004800104844 60000004800104842 60000004800104860 60000004800104841 2.31611074396 5.20622 -7.00512 3.9434
9.04062 60000004800104887 60000004800104886 60000004800104897 60000004800104885 4.42803373661 -1.06471 5.35532 -1.35824
9.13394 60000004800104886 60000004800104885 60000004800104897 60000004800104884 4.17683491473 -4.78781 15.967 -6.77067
9.14578 60000004800104885 60000004800104884 60000004800104897 60000004800104883 4.00794511147 -3.6117 17.7804 -6.92621
9.18802 60000004800104884 60000004800104881 60000004800104897 60000004800104880 3.49086136926 3.73535 18.7974 -5.14166
9.31083 60000004800104881 60000004800104880 60000004800104897 60000004800104879 3.28303305796 10.3414 20.8121 -5.38757
9.49221 60000004800104880 60000004800104877 60000004800104897 60000004800104876 2.89578500573 18.5759 35.195 0.461574
9.1663 60000004800104903 60000004800104902 60000004800104913 60000004800104901 3.08482263583 13.0854 8.21491 3.08231
9.39871 60000004800104902 60000004800104901 60000004800104913 60000004800104900 3.00813107163 33.1694 26.5929 -9.01782
9.59143 60000004800104901 60000004800104899 60000004800104913 60000004800104898 2.73314261732 13.7719 26.7456 6.44347
9.0316 60000004800104935 60000004800104934 60000004800104942 60000004800104933 3.28303305796 8.65993 7.80077 10.5259
9.05811 60000004800104934 60000004800104933 60000004800104942 60000004800104932 3.08482263583 2.05748 -5.11366 3.75148
9.06939 60000004800104994 60000004800104993 60000004800105000 60000004800104992 8.44947629437 7.1871 -3.69365 -0.790998
9.24918 60000004800104993 60000004800104992 60000004800105000 60000004800104991 8.01217294887 4.4369 -2.15607 -2.17736
9.41408 60000004800104992 60000004800104991 60000004800105000 60000004800104990 7.59510714987 -0.101925 0.707249 0.322297
9.45376 60000004800104991 60000004800104990 60000004800105000 60000004800104989 7.23627606617 -2.5822 -2.67172 -3.59741
9.5026 60000004800104990 60000004800104989 60000004800105000 60000004800104988 7.00541704554 -0.808935 -3.24745 -3.76437
9.53902 60000004800104989 60000004800104988 60000004800105000 60000004800104987 6.85511726265 1.26883 -3.30372 -5.19441
9.58891 60000004800104988 60000004800104987 60000004800105000 60000004800104986 6.49159774567 4.93465 -2.212 -7.21796
9.61899 60000004800104987 60000004800104986 60000004800105000 60000004800104985 6.14490120342 5.53001 -2.22471 -5.1567
9.63819 60000004800104986 60000004800104984 60000004800105000 60000004800104983 5.84661374788 6.47553 -3.78383 -4.31335
9.64119 60000004800104984 60000004800104983 60000004800105000 60000004800104982 5.52976580795 9.50525 -5.95964 -7.05652
9.66655 60000004800104983 60000004800104982 60000004800105000 60000004800104981 5.22758097313 6.49872 -1.68473 -7.56877
9.736 60000004800104982 60000004800104981 60000004800105000 60000004800104980 4.99593346816 1.20753 -0.205444 1.18313
9.75421 60000004800104981 60000004800104980 60000004800105000 60000004800104979 4.93938066349 -0.0642942 -4.01284 2.9648
9.82419 60000004800104980 60000004800104979 60000004800105000 60000004800104978 4.66451770247 -0.838019 -6.53414 -1.67279
9.84475 60000004800104979 60000004800104978 60000004800105000 60000004800104977 4.42803373661 -6.25486 -11.9668 2.92442
9.87146 60000004800104978 60000004800104977 60000004800105000 60000004800104976 4.17683491473 -1.73432 -13.3517 5.17498
9.92159 60000004800104977 60000004800104976 60000004800105000 60000004800104975 4.00794511147 3.76152 -8.33972 1.06547
9.93507 60000004800104976 60000004800104975 60000004800105000 60000004800104974 3.93726108473 0.420861 -7.04952 4.96515
9.97004 60000004800104975 60000004800104974 60000004800105000 60000004800104973 3.70877426464 -5.55963 -6.15329 1.31949
10.0406 60000004800104974 60000004800104973 60000004800105000 60000004800104972 3.49086136926 5.35093 -3.07421 3.58586
10.0785 60000004800104973 60000004800104972 60000004800105000 60000004800104971 3.28303305796 5.60115 4.0957 10.2322
10.1511 60000004800104972 60000004800104971 60000004800105000 60000004800104970 3.08482263583 14.1643 -4.05833 -5.44426
10.1784 60000004800104971 60000004800104970 60000004800105000 60000004800104969 3.00813107163 13.3847 -5.23036 -8.63023
10.2271 60000004800104970 60000004800104969 60000004800105000 60000004800104968 2.89578500573 14.0753 -2.66608 -20.326
10.9043 60000004800104969 60000004800104963 60000004800105000 60000004800104962 2.1032696526 -222.378 -96.1228 84.2394
10.9403 60000004800104963 60000004800104962 60000004800105000 60000004800104961 2.00202813925 -229.816 -87.9713 81.4238
9.02855 60000004800105066 60000004800105065 60000004800105080 60000004800105064 3.70877426464 9.91956 -0.385265 0.000939579
9.02855 60000004800105065 60000004800105064 60000004800105080 60000004800105063 3.49086136926 2.13589 -3.67986 1.23254
9.02855 60000004800105064 60000004800105062 60000004800105080 60000004800105061 3.08482263583 1.694 -3.82386 -1.80109
9.19641 60000004800105259 60000004800105258 60000004800105266 60000004800105257 4.66451770247 -0.840264 0.264485 -2.12093
9.2929 60000004800105258 60000004800105257 60000004800105266 60000004800105256 4.42803373661 -6.97706 3.09391 2.04645
9.37042 60000004800105257 60000004800105256 60000004800105266 60000004800105255 4.17683491473 -6.89038 3.05269 2.27867
9.37319 60000004800105256 60000004800105255 60000004800105266 60000004800105254 4.00794511147 -7.26554 0.309905 2.99491
9.38948 60000004800105255 60000004800105254 60000004800105266 60000004800105253 3.93726108473 -4.18533 4.51935 3.32284
9.50363 60000004800105254 60000004800105253 60000004800105266 60000004800105252 3.70877426464 -4.90041 11.5304 3.97989
9.53902 60000004800105253 60000004800105252 60000004800105266 60000004800105251 3.49086136926 -11.5136 15.3939 -0.940258
9.58638 60000004800105252 60000004800105251 60000004800105266 60000004800105250 3.28303305796 -6.46596 27.8302 1.80445
9.68717 60000004800105251 60000004800105250 60000004800105266 60000004800105249 3.08482263583 -3.38198 27.6594 -6.7107
9.69974 60000004800105250 60000004800105249 60000004800105266 60000004800105248 3.00813107163 -2.629 23.1395 -7.93156
9.70169 60000004800105249 60000004800105248 60000004800105266 60000004800105247 2.89578500573 1.27931 24.6383 -8.45809
9.74078 60000004800105248 60000004800105247 60000004800105266 60000004800105246 2.73314261732 -8.7694 20.3745 -3.66464
9.02548 60000004800105270 60000004800105269 60000004800105278 60000004800105268 4.93938066349 2.33323 3.14791 2.99748
9.08845 60000004800105375 60000004800105374 60000004800105388 60000004800105373 4.17683491473 -6.02771 -2.57588 -1.4967
9.08845 60000004800105374 60000004800105373 60000004800105388 60000004800105372 4.00794511147 -7.6301 -0.486002 -2.94757
9.08845 60000004800105373 60000004800105372 60000004800105388 60000004800105371 3.93726108473 -6.22077 -1.13209 -2.07403
9.12424 60000004800105372 60000004800105371 60000004800105388 60000004800105370 3.70877426464 -5.77511 0.0285083 -3.93547
9.13394 60000004800105371 60000004800105370 60000004800105388 60000004800105369 3.49086136926 -6.78368 -1.67324 -2.77056
9.18376 60000004800105370 60000004800105368 60000004800105388 60000004800105367 3.08482263583 12.9125 3.46512 -16.3169
9.18802 60000004800105368 60000004800105367 60000004800105388 60000004800105366 3.00813107163 11.9573 2.25842 -16.2265
9.22262 60000004800105367 60000004800105362 60000004800105388 60000004800105361 2.31611074396 -3.11854 -4.90371 -21.2876
9.0316 60000004800105445 60000004800105444 60000004800105455 60000004800105443 8.44947629437 0.680824 -5.94891 0.879705
9.09898 60000004800105444 60000004800105443 60000004800105455 60000004800105442 8.01217294887 -0.413166 -3.38606 -1.01042
9.15502 60000004800105443 60000004800105442 60000004800105455 60000004800105441 7.59510714987 0.541392 -2.91703 -0.348791
9.21671 60000004800105442 60000004800105441 60000004800105455 60000004800105440 7.23627606617 -4.90996 1.54095 -0.439252
9.28956 60000004800105441 60000004800105440 60000004800105455 60000004800105439 7.00541704554 -3.85568 -5.84621 -1.8194
9.28956 60000004800105440 60000004800105439 60000004800105455 60000004800105438 6.85511726265 -3.69943 -5.29783 -0.40102
9.2929 60000004800105439 60000004800105438 60000004800105455 60000004800105437 6.49159774567 -2.00791 -4.69219 -1.96287
9.34016 60000004800105438 60000004800105437 60000004800105455 60000004800105436 6.14490120342 -1.36336 -2.72508 -0.457229
9.37042 60000004800105437 60000004800105436 60000004800105455 60000004800105435 6.01075739884 2.17903 -3.22677 -0.848264
9.38948 60000004800105436 60000004800105435 60000004800105455 60000004800105434 5.84661374788 -2.01275 -2.62441 -2.00412
9.40518 60000004800105435 60000004800105434 60000004800105455 60000004800105433 5.52976580795 0.135137 -0.923744 0.331801
9.40646 60000004800105434 60000004800105433 60000004800105455 60000004800105432 5.22758097313 -3.47605 0.531809 -2.22728
9.45946 60000004800105433 60000004800105432 60000004800105455 60000004800105431 4.99593346816 -5.5327 -0.368076 -0.902196
9.52657 60000004800105432 60000004800105428 60000004800105455 60000004800105427 4.17683491473 -11.0801 10.3598 1.13486
9.53902 60000004800105428 60000004800105427 60000004800105455 60000004800105426 4.00794511147 -9.34483 13.2749 1.40368
9.56557 60000004800105427 60000004800105426 60000004800105455 60000004800105425 3.93726108473 -10.0654 14.8834 0.870534
9.58553 60000004800105426 60000004800105425 60000004800105455 60000004800105424 3.70877426464 -5.80248 14.4035 -4.70559
9.63138 60000004800105425 60000004800105424 60000004800105455 60000004800105423 3.49086136926 -10.8864 9.6617 -2.39333
9.63518 60000004800105424 60000004800105423 60000004800105455 60000004800105422 3.28303305796 -0.845324 3.3824 -3.82127
9.70104 60000004800105423 60000004800105422 60000004800105455 60000004800105421 3.08482263583 -14.7626 8.13773 -9.215
9.0066 60000004800105613 60000004800105612 60000004800105625 60000004800105611 4.00794511147 -0.862019 6.02664 7.06129
9.02855 60000004800105612 60000004800105611 60000004800105625 60000004800105610 3.93726108473 -0.183736 8.06449 8.83538
9.0316 60000004800105611 60000004800105610 60000004800105625 60000004800105609 3.70877426464 -0.755115 5.44632 4.6717
9.09375 60000004800105610 60000004800105609 60000004800105625 60000004800105608 3.49086136926 3.89666 9.45867 9.65985
9.12912 60000004800105609 60000004800105607 60000004800105625 60000004800105606 3.08482263583 0.571419 1.87916 10.1894
9.17073 60000004800105607 60000004800105605 60000004800105625 60000004800105604 2.89578500573 -5.37586 -3.12905 12.467
9.17293 60000004800105605 60000004800105604 60000004800105625 60000004800105603 2.73314261732 -6.48633 -6.58798 10.3431
9.19223 60000004800105604 60000004800105603 60000004800105625 60000004800105602 2.5772902716 -0.993594 -3.5322 10.129
9.20055 60000004800105603 60000004800105602 60000004800105625 60000004800105601 2.44422570455 -5.89151 -4.54007 5.39531
9.1573 60000004800105803 60000004800105802 60000004800105808 60000004800105801 7.59510714987 7.49642 -6.08978 2.55886
9.32342 60000004800105802 60000004800105801 60000004800105808 60000004800105800 7.23627606617 9.14037 -1.29236 6.90354
9.39214 60000004800105801 60000004800105800 60000004800105808 60000004800105799 7.00541704554 9.76532 -1.47831 7.49982
9.40646 60000004800105800 60000004800105799 60000004800105808 60000004800105798 6.85511726265 9.70401 -1.90497 7.00522
9.51774 60000004800105799 60000004800105798 60000004800105808 60000004800105797 6.49159774567 11.8381 -0.0228238 4.86275
9.58469 60000004800105798 60000004800105797 60000004800105808 60000004800105796 6.14490120342 5.31979 -4.23939 5.1694
9.59725 60000004800105797 60000004800105796 60000004800105808 60000004800105795 6.01075739884 4.50063 -4.86191 3.42963
9.64044 60000004800105796 60000004800105794 60000004800105808 60000004800105793 5.52976580795 -1.28896 -2.07444 3.20625
9.66017 60000004800105794 60000004800105793 60000004800105808 60000004800105792 5.22758097313 -0.469536 -3.7983 10.6079
9.66866 60000004800105793 60000004800105792 60000004800105808 60000004800105791 4.99593346816 5.94929 3.29058 4.87313
9.68447 60000004800105792 60000004800105791 60000004800105808 60000004800105790 4.93938066349 5.39568 3.17489 2.81791
9.84334 60000004800105791 60000004800105790 60000004800105808 60000004800105789 4.66451770247 -1.84153 3.41624 5.30414
9.9028 60000004800105790 60000004800105789 60000004800105808 60000004800105788 4.42803373661 9.1139 17.1635 -5.02306
9.94593 60000004800105789 60000004800105788 60000004800105808 60000004800105787 4.17683491473 5.18566 12.8855 -3.35771
9.97938 60000004800105788 60000004800105787 60000004800105808 60000004800105786 4.00794511147 2.46014 9.84769 -1.91808
9.9975 60000004800105787 60000004800105785 60000004800105808 60000004800105784 3.70877426464 -6.23151 -12.7086 -0.0068853
10.0301 60000004800105785 60000004800105784 60000004800105808 60000004800105783 3.49086136926 -7.52297 -18.6835 -1.23134
10.031 60000004800105784 60000004800105783 60000004800105808 60000004800105782 3.28303305796 -7.38347 0.771944 0.0621012
10.0427 60000004800105783 60000004800105781 60000004800105808 60000004800105780 3.00813107163 -0.0448611 9.66526 0.987775
10.0738 60000004800105781 60000004800105776 60000004800105808 60000004800105775 2.31611074396 -13.7259 -23.9165 -5.48649
10.1013 60000004800105776 60000004800105774 60000004800105808 60000004800105773 2.1032696526 -12.8862 -18.1692 -4.02827
10.109 60000004800105774 60000004800105773 60000004800105808 60000004800105772 2.00202813925 -8.97239 -6.47572 -10.0386
10.1488 60000004800105773 60000004800105772 60000004800105808 60000004800105771 1.90408954353 -6.58346 1.06172 -14.1429
10.1543 60000004800105772 60000004800105771 60000004800105808 60000004800105770 1.82268925262 -10.3196 -4.97664 -9.3273
10.1797 60000004800105771 60000004800105770 60000004800105808 60000004800105769 1.74357057433 -5.60204 -1.12554 -11.4711
10.1823 60000004800105770 60000004800105769 60000004800105808 60000004800105768 1.66666955611 -3.71715 6.57792 -11.0831
10.191 60000004800105769 60000004800105768 60000004800105808 60000004800105767 1.60423452207 -11.1033 -0.0830839 -10.1509
10.2089 60000004800105768 60000004800105764 60000004800105808 60000004800105763 1.3575766674 -14.9619 -1.22619 -0.473456
10.2234 60000004800105764 60000004800105762 60000004800105808 60000004800105761 1.24847261425 -19.837 -6.4924 -0.0752375
10.2323 60000004800105762 60000004800105761 60000004800105808 60000004800105760 1.20625808078 -24.906 -10.4553 5.28852
10.2481 60000004800105761 60000004800105760 60000004800105808 60000004800105759 1.15460271236 -20.5821 -2.98133 7.38915
10.2606 60000004800105760 60000004800105759 60000004800105808 60000004800105758 1.11415056377 -15.5239 0.426244 2.17322
10.2615 60000004800105759 60000004800105758 60000004800105808 60000004800105757 1.07445789455 -20.2272 -0.228506 2.98361
10.2818 60000004800105758 60000004800105757 60000004800105808 60000004800105756 1.03551044566 -21.1214 -3.32078 6.89148
10.2929 60000004800105757 60000004800105756 60000004800105808 60000004800105755 0.997294225782 -25.729 -4.50309 7.79952
10.2946 60000004800105756 60000004800105753 60000004800105808 60000004800105752 0.923000816178 -25.3922 -12.3928 11.4268
10.299 60000004800105753 60000004800105752 60000004800105808 60000004800105751 0.886896937575 -35.199 -6.10321 8.04974
9.0316 60000004800105832 60000004800105831 60000004800105840 60000004800105830 7.00541704554 3.71406 -17.9759 0.117494
9.03463 60000004800105831 60000004800105830 60000004800105840 60000004800105829 6.85511726265 6.98888 -17.7337 -2.11269
9.07492 60000004800105830 60000004800105829 60000004800105840 60000004800105828 6.49159774567 9.49354 -21.5955 -2.40211
9.09375 60000004800105829 60000004800105828 60000004800105840 60000004800105827 6.14490120342 6.20081 -18.5455 -0.277253
9.12178 60000004800105828 60000004800105827 60000004800105840 60000004800105826 6.01075739884 6.06779 -16.7451 -0.712387
9.12668 60000004800105827 60000004800105826 60000004800105840 60000004800105825 5.84661374788 2.46888 -17.0927 -0.881857
9.20464 60000004800105826 60000004800105825 60000004800105840 60000004800105824 5.52976580795 6.30943 -18.5105 -1.36529
9.20668 60000004800105825 60000004800105824 60000004800105840 60000004800105823 5.22758097313 4.9802 -18.727 -2.06845
9.02239 60000004800105883 60000004800105882 60000004800105897 60000004800105881 3.70877426464 -8.68159 -3.35504 3.36973
9.05811 60000004800105882 60000004800105881 60000004800105897 60000004800105880 3.49086136926 -6.98912 -8.04889 8.05616
9.10157 60000004800105881 60000004800105879 60000004800105897 60000004800105878 3.08482263583 -15.6906 -3.92081 9.30605
9.09637 60000004800106038 60000004800106037 60000004800106055 60000004800106036 1.53123902916 16.4405 8.38328 24.6864
9.1193 60000004800106037 60000004800106031 60000004800106055 60000004800106030 1.20625808078 15.8672 10.0688 23.8655
9.13394 60000004800106031 60000004800106029 60000004800106055 60000004800106028 1.11415056377 12.5028 9.04526 23.2921
9.14344 60000004800106029 60000004800106028 60000004800106055 60000004800106027 1.07445789455 11.8793 8.11757 21.5507
