logMh | fpID | subhaloID | main leaf ID | descID |  z
9.14344 80000309500000106 80000309500000105 80000309500000110 80000309500000104 10.9190331982 -0.923323 2.11474 -3.23331
9.17946 80000309500000105 80000309500000102 80000309500000110 80000309500000101 9.84138043947 -4.33171 -1.64728 -2.36385
9.24733 80000309500000102 80000309500000101 80000309500000110 80000309500000100 9.38877127194 -6.22131 -0.5689 -3.76101
9.35771 80000309500000101 80000309500000100 80000309500000110 80000309500000099 9.00233985416 -5.4587 7.69093 1.95063
9.44797 80000309500000100 80000309500000099 80000309500000110 80000309500000098 8.9079991856 1.96731 11.4192 2.47348
9.49848 80000309500000099 80000309500000098 80000309500000110 80000309500000097 8.44947629437 0.472398 10.9459 2.22929
9.57087 80000309500000098 80000309500000097 80000309500000110 80000309500000096 8.01217294887 -7.34869 6.73853 3.88595
9.87496 80000309500000097 80000309500000096 80000309500000110 80000309500000095 7.59510714987 -18.944 -15.3301 4.62036
9.89246 80000309500000096 80000309500000095 80000309500000110 80000309500000094 7.23627606617 -17.6102 -14.2231 -0.643256
9.98753 80000309500000095 80000309500000094 80000309500000110 80000309500000093 7.00541704554 -16.0624 -19.9686 -1.21211
10.0279 80000309500000094 80000309500000093 80000309500000110 80000309500000092 6.85511726265 -16.8071 -23.0482 1.1341
10.0951 80000309500000093 80000309500000092 80000309500000110 80000309500000091 6.49159774567 -18.6141 -24.9574 -1.01082
10.1705 80000309500000092 80000309500000091 80000309500000110 80000309500000090 6.14490120342 -22.0087 -29.1398 -0.275065
10.1838 80000309500000091 80000309500000090 80000309500000110 80000309500000089 6.01075739884 -22.7275 -30.296 -3.85986
10.2177 80000309500000090 80000309500000089 80000309500000110 80000309500000088 5.84661374788 -27.549 -36.9162 -3.11292
10.2592 80000309500000089 80000309500000088 80000309500000110 80000309500000087 5.52976580795 -24.7085 -36.4777 -7.02918
10.2942 80000309500000088 80000309500000087 80000309500000110 80000309500000086 5.22758097313 -18.6973 -23.5185 -15.8882
10.3652 80000309500000087 80000309500000086 80000309500000110 80000309500000085 4.99593346816 -6.99696 -21.0476 -19.5641
10.3747 80000309500000086 80000309500000085 80000309500000110 80000309500000084 4.93938066349 -5.27392 -20.9827 -22.8696
10.4937 80000309500000085 80000309500000084 80000309500000110 80000309500000083 4.66451770247 24.3132 4.24998 -27.8362
10.5419 80000309500000084 80000309500000083 80000309500000110 80000309500000082 4.42803373661 20.7886 9.41869 -31.532
10.5956 80000309500000083 80000309500000082 80000309500000110 80000309500000081 4.17683491473 16.1124 -1.34848 -32.5044
10.6328 80000309500000082 80000309500000081 80000309500000110 80000309500000080 4.00794511147 19.8908 -3.51952 -29.3426
10.6441 80000309500000081 80000309500000080 80000309500000110 80000309500000079 3.93726108473 22.7068 -4.75737 -31.3017
10.6725 80000309500000080 80000309500000079 80000309500000110 80000309500000078 3.70877426464 28.2846 -3.15013 -34.6806
10.6879 80000309500000079 80000309500000078 80000309500000110 80000309500000077 3.49086136926 45.7155 8.90945 -43.7889
10.7637 80000309500000078 80000309500000077 80000309500000110 80000309500000076 3.28303305796 89.422 28.4116 -38.3791
10.8406 80000309500000077 80000309500000076 80000309500000110 80000309500000075 3.08482263583 100.782 45.3232 -60.48
10.8678 80000309500000076 80000309500000075 80000309500000110 80000309500000074 3.00813107163 111.298 56.1283 -64.7615
10.9036 80000309500000075 80000309500000074 80000309500000110 80000309500000073 2.89578500573 122.093 54.0276 -57.2764
10.9534 80000309500000074 80000309500000073 80000309500000110 80000309500000072 2.73314261732 174.143 87.4879 -29.4544
11.0111 80000309500000073 80000309500000072 80000309500000110 80000309500000071 2.5772902716 135.117 47.7326 -34.309
11.038 80000309500000072 80000309500000071 80000309500000110 80000309500000070 2.44422570455 152.683 59.7727 -20.7383
11.0642 80000309500000071 80000309500000070 80000309500000110 80000309500000069 2.31611074396 162.051 71.3937 -26.9763
11.0861 80000309500000070 80000309500000069 80000309500000110 80000309500000068 2.20792547238 141.011 74.183 -43.3965
11.1001 80000309500000069 80000309500000068 80000309500000110 80000309500000067 2.1032696526 113.369 59.0972 -51.2737
11.1156 80000309500000068 80000309500000066 80000309500000110 80000309500000065 1.90408954353 88.4984 41.3327 -54.0253
11.1218 80000309500000066 80000309500000065 80000309500000110 80000309500000064 1.82268925262 110.195 27.8292 -36.7947
11.1252 80000309500000065 80000309500000064 80000309500000110 80000309500000063 1.74357057433 95.102 33.0592 -39.7272
11.1339 80000309500000064 80000309500000063 80000309500000110 80000309500000062 1.66666955611 81.0212 34.9427 -45.2456
11.1379 80000309500000063 80000309500000062 80000309500000110 80000309500000061 1.60423452207 76.024 45.5195 -52.1324
11.1456 80000309500000062 80000309500000061 80000309500000110 80000309500000060 1.53123902916 67.6933 30.6117 -49.4812
11.1519 80000309500000061 80000309500000060 80000309500000110 80000309500000059 1.47197484527 71.734 33.1489 -65.6388
11.1754 80000309500000060 80000309500000059 80000309500000110 80000309500000058 1.41409822037 67.9948 28.9831 -76.1895
11.1797 80000309500000059 80000309500000058 80000309500000110 80000309500000057 1.3575766674 81.7676 27.4369 -82.2852
11.1953 80000309500000058 80000309500000057 80000309500000110 80000309500000056 1.30237845991 81.4895 18.7978 -98.0865
11.2255 80000309500000057 80000309500000056 80000309500000110 80000309500000055 1.24847261425 92.7021 -10.963 -96.8233
11.2317 80000309500000056 80000309500000054 80000309500000110 80000309500000053 1.15460271236 93.5019 -8.43336 -110.101
11.2455 80000309500000054 80000309500000053 80000309500000110 80000309500000052 1.11415056377 101.469 -8.91502 -100.199
11.255 80000309500000053 80000309500000052 80000309500000110 80000309500000051 1.07445789455 118.263 -7.93979 -91.0853
11.26 80000309500000052 80000309500000049 80000309500000110 80000309500000048 0.987852810816 168.087 -9.92733 -78.3791
11.2695 80000309500000049 80000309500000048 80000309500000110 80000309500000047 0.950531351585 176.73 -19.0337 -70.9811
11.2761 80000309500000048 80000309500000047 80000309500000110 80000309500000046 0.923000816178 182.013 -10.6816 -79.3042
11.2784 80000309500000047 80000309500000046 80000309500000110 80000309500000045 0.886896937575 195.634 -26.8508 -67.5464
11.2818 80000309500000046 80000309500000045 80000309500000110 80000309500000044 0.851470900625 216.968 -21.3453 -64.1592
11.2903 80000309500000045 80000309500000044 80000309500000110 80000309500000043 0.816709979012 197.301 -27.3105 -65.621
11.2955 80000309500000044 80000309500000043 80000309500000110 80000309500000042 0.791068248946 174.613 -22.276 -77.965
11.3019 80000309500000043 80000309500000040 80000309500000110 80000309500000039 0.700106353719 153.562 15.8438 -62.8016
11.3142 80000309500000040 80000309500000038 80000309500000110 80000309500000037 0.644641840685 199.291 56.041 -52.3986
11.3156 80000309500000038 80000309500000037 80000309500000110 80000309500000036 0.621428745243 193.858 53.3899 -53.0893
11.3221 80000309500000037 80000309500000036 80000309500000110 80000309500000035 0.598543288188 198.334 68.2408 -41.2183
11.3251 80000309500000036 80000309500000034 80000309500000110 80000309500000033 0.546392183141 153.535 47.6987 -59.5312
11.3268 80000309500000034 80000309500000033 80000309500000110 80000309500000032 0.524565820434 130.033 51.3898 -58.3349
11.3303 80000309500000033 80000309500000032 80000309500000110 80000309500000031 0.503047523245 119.89 52.2823 -46.871
11.3374 80000309500000032 80000309500000030 80000309500000110 80000309500000029 0.460917794181 116.677 69.369 -59.7167
11.342 80000309500000030 80000309500000029 80000309500000110 80000309500000028 0.440297849248 110.742 58.8393 -60.4577
11.3555 80000309500000029 80000309500000028 80000309500000110 80000309500000027 0.419968941997 102.016 61.2832 -59.8307
11.3563 80000309500000028 80000309500000027 80000309500000110 80000309500000026 0.399926964614 116.512 70.3277 -68.7739
11.3629 80000309500000027 80000309500000026 80000309500000110 80000309500000025 0.38016786726 98.4003 47.0635 -78.4658
11.366 80000309500000026 80000309500000025 80000309500000110 80000309500000024 0.360687657262 128.874 68.4013 -86.1946
11.3671 80000309500000025 80000309500000024 80000309500000110 80000309500000023 0.347853841858 141.573 65.4365 -83.8592
11.3736 80000309500000024 80000309500000023 80000309500000110 80000309500000022 0.328829724206 158.954 59.7198 -97.0921
11.3843 80000309500000023 80000309500000022 80000309500000110 80000309500000021 0.310074120128 160.529 73.494 -91.031
11.3866 80000309500000022 80000309500000021 80000309500000110 80000309500000020 0.291583239722 152.925 78.8883 -87.7794
11.3953 80000309500000021 80000309500000020 80000309500000110 80000309500000019 0.273353346578 163.916 114.769 -94.1513
11.3987 80000309500000020 80000309500000019 80000309500000110 80000309500000018 0.261343256161 180.327 124.254 -90.2818
11.4047 80000309500000019 80000309500000017 80000309500000110 80000309500000016 0.22598838626 219.418 119.5 -102.309
11.41 80000309500000017 80000309500000016 80000309500000110 80000309500000015 0.214425035514 228.484 124.845 -112.246
11.4173 80000309500000016 80000309500000015 80000309500000110 80000309500000014 0.197284182376 234.7 160.521 -114.357
11.4188 80000309500000015 80000309500000014 80000309500000110 80000309500000013 0.180385261706 214.409 153.428 -124.204
11.4233 80000309500000014 80000309500000013 80000309500000110 80000309500000012 0.169252033244 208.654 154.653 -119.712
11.427 80000309500000013 80000309500000011 80000309500000110 80000309500000010 0.14187620397 249.095 210.001 -135.89
11.4284 80000309500000011 80000309500000010 80000309500000110 80000309500000009 0.125759332411 200.809 134.089 -143.319
11.4374 80000309500000010 80000309500000009 80000309500000110 80000309500000008 0.109869940459 254.725 215.986 -143.198
11.4377 80000309500000009 80000309500000008 80000309500000110 80000309500000007 0.0994018026302 241.533 216.066 -142.346
11.4391 80000309500000008 80000309500000007 80000309500000110 80000309500000006 0.0838844307975 211.446 226.486 -135.746
11.4426 80000309500000007 80000309500000003 80000309500000110 80000309500000002 0.0337243718735 224.768 256.444 -117.825
9.09637 80000309500000133 80000309500000132 80000309500000141 80000309500000131 8.44947629437 2.49403 3.80285 2.29335
9.25284 80000309500000132 80000309500000131 80000309500000141 80000309500000130 8.01217294887 15.427 -0.529454 17.9589
9.02548 80000309500000202 80000309500000201 80000309500000209 80000309500000200 4.66451770247 -0.759966 -1.59484 2.38692
9.0098 80000309500000254 80000309500000253 80000309500000257 80000309500000252 9.99659046619 0.756966 -2.60432 0.215993
9.11681 80000309500000253 80000309500000251 80000309500000257 80000309500000250 9.38877127194 3.75519 -2.40436 -3.1907
9.16182 80000309500000251 80000309500000250 80000309500000257 80000309500000249 9.00233985416 3.29658 -2.89305 -2.36556
9.32187 80000309500000250 80000309500000249 80000309500000257 80000309500000248 8.9079991856 -8.82671 11.3003 -1.56636
9.37319 80000309500000249 80000309500000248 80000309500000257 80000309500000247 8.44947629437 6.25677 5.07088 -7.48266
9.51074 80000309500000248 80000309500000247 80000309500000257 80000309500000246 8.01217294887 -8.37527 14.6843 -0.549259
9.56021 80000309500000247 80000309500000246 80000309500000257 80000309500000245 7.59510714987 -7.20708 10.7569 -1.50023
9.64342 80000309500000246 80000309500000245 80000309500000257 80000309500000244 7.23627606617 1.59153 2.05365 1.04442
9.67972 80000309500000245 80000309500000244 80000309500000257 80000309500000243 7.00541704554 -0.600394 0.959053 0.9338
9.69778 80000309500000244 80000309500000243 80000309500000257 80000309500000242 6.85511726265 2.06881 -0.0323884 1.45827
9.73178 80000309500000243 80000309500000242 80000309500000257 80000309500000241 6.49159774567 0.205864 -0.674185 -3.83797
9.76332 80000309500000242 80000309500000241 80000309500000257 80000309500000240 6.14490120342 5.65989 3.20867 -4.48494
9.81478 80000309500000241 80000309500000240 80000309500000257 80000309500000239 6.01075739884 16.2353 18.122 -0.941003
9.08578 80000309500000296 80000309500000295 80000309500000306 80000309500000294 6.85511726265 -2.82493 -8.00568 -6.83548
9.11431 80000309500000295 80000309500000294 80000309500000306 80000309500000293 6.49159774567 -2.94349 -6.88344 -5.29409
9.16182 80000309500000294 80000309500000293 80000309500000306 80000309500000292 6.14490120342 -3.19911 -7.58442 -5.62857
9.18589 80000309500000293 80000309500000292 80000309500000306 80000309500000291 6.01075739884 -1.99969 -4.54358 -4.80072
9.27246 80000309500000292 80000309500000291 80000309500000306 80000309500000290 5.84661374788 -2.45066 -7.17366 7.4178
9.30115 80000309500000291 80000309500000290 80000309500000306 80000309500000289 5.52976580795 -0.460823 -8.20299 6.79122
9.3044 80000309500000290 80000309500000289 80000309500000306 80000309500000288 5.22758097313 1.28811 -8.10178 7.69973
9.3156 80000309500000289 80000309500000288 80000309500000306 80000309500000287 4.99593346816 0.082389 -14.065 4.61863
9.34313 80000309500000288 80000309500000287 80000309500000306 80000309500000286 4.93938066349 -0.195229 -16.9386 4.11135
9.37869 80000309500000287 80000309500000286 80000309500000306 80000309500000285 4.66451770247 3.05592 -9.00692 -0.126577
9.42771 80000309500000286 80000309500000285 80000309500000306 80000309500000284 4.42803373661 2.04933 -9.78594 0.917609
9.44329 80000309500000285 80000309500000284 80000309500000306 80000309500000283 4.17683491473 0.774501 -6.48425 1.99135
9.44329 80000309500000284 80000309500000283 80000309500000306 80000309500000282 4.00794511147 6.43951 -8.28496 -3.58816
9.47176 80000309500000283 80000309500000282 80000309500000306 80000309500000281 3.93726108473 4.66959 -7.39134 -0.413032
9.52267 80000309500000282 80000309500000281 80000309500000306 80000309500000280 3.70877426464 12.4238 -4.52826 -5.03026
9.05524 80000309500000359 80000309500000358 80000309500000365 80000309500000357 7.00541704554 -16.2994 -15.6526 -11.3431
9.14811 80000309500000358 80000309500000356 80000309500000365 80000309500000355 6.49159774567 -12.9212 -13.2691 -12.821
9.17073 80000309500000356 80000309500000354 80000309500000365 80000309500000353 6.01075739884 -12.7086 -14.343 -21.0682
9.17946 80000309500000354 80000309500000349 80000309500000365 80000309500000348 4.93938066349 -6.22756 -13.1286 -14.7044
9.17946 80000309500000349 80000309500000346 80000309500000365 80000309500000345 4.17683491473 -1.28481 -9.55583 -5.80194
9.21671 80000309500000346 80000309500000345 80000309500000365 80000309500000344 4.00794511147 -2.58635 -7.35011 -5.9106
9.07766 80000309500000493 80000309500000492 80000309500000504 80000309500000491 4.17683491473 -10.3206 -3.6198 -14.5468
9.08845 80000309500000492 80000309500000491 80000309500000504 80000309500000490 4.00794511147 -8.04981 -4.38312 -15.9201
9.10671 80000309500000491 80000309500000490 80000309500000504 80000309500000489 3.93726108473 -10.119 -4.42933 -16.168
9.1573 80000309500000490 80000309500000489 80000309500000504 80000309500000488 3.70877426464 -8.88302 -2.9103 -10.453
9.17729 80000309500000489 80000309500000488 80000309500000504 80000309500000487 3.49086136926 -5.49885 -2.88071 -11.9096
9.02239 80000309500000517 80000309500000516 80000309500000535 80000309500000515 2.1032696526 17.1276 12.5326 24.0387
9.04653 80000309500000577 80000309500000576 80000309500000584 80000309500000575 6.85511726265 4.39596 1.25452 -7.28183
9.04653 80000309500000576 80000309500000575 80000309500000584 80000309500000574 6.49159774567 3.56355 -0.797485 -5.30259
9.22845 80000309500000575 80000309500000574 80000309500000584 80000309500000573 6.14490120342 9.94147 14.4009 -2.0463
9.2811 80000309500000574 80000309500000573 80000309500000584 80000309500000572 6.01075739884 8.30504 11.044 -1.66892
9.34165 80000309500000573 80000309500000571 80000309500000584 80000309500000570 5.52976580795 10.3596 9.34177 -1.65621
9.3974 80000309500000571 80000309500000570 80000309500000584 80000309500000569 5.22758097313 3.10292 6.60901 -1.11703
9.49116 80000309500000570 80000309500000569 80000309500000584 80000309500000568 4.99593346816 -0.218819 3.38673 2.22956
9.50055 80000309500000569 80000309500000567 80000309500000584 80000309500000566 4.66451770247 -0.931607 3.59019 0.134482
9.57523 80000309500000567 80000309500000565 80000309500000584 80000309500000564 4.17683491473 -13.4166 1.12374 2.67134
9.61186 80000309500000565 80000309500000564 80000309500000584 80000309500000563 4.00794511147 -7.73532 -6.0225 6.40615
9.1193 80000309500000666 80000309500000665 80000309500000680 80000309500000664 4.99593346816 -11.482 -6.76935 0.486302
9.27594 80000309500000665 80000309500000663 80000309500000680 80000309500000662 4.66451770247 -17.3264 -12.8034 -7.39835
9.41029 80000309500000663 80000309500000661 80000309500000680 80000309500000660 4.17683491473 -7.03364 -22.0757 -22.3064
9.41784 80000309500000661 80000309500000660 80000309500000680 80000309500000659 4.00794511147 -6.66658 -21.3336 -19.0662
9.45145 80000309500000660 80000309500000659 80000309500000680 80000309500000658 3.93726108473 -11.9415 -16.8315 -19.0902
9.25648 80000309500000682 80000309500000681 80000309500000691 80000309500000661 4.42803373661 -1.19786 -10.03 -3.74071
9.0316 80000309500000732 80000309500000731 80000309500000739 80000309500000730 4.17683491473 2.22439 3.11521 2.84069
9.0666 80000309500000731 80000309500000730 80000309500000739 80000309500000729 4.00794511147 -3.17673 4.31761 4.5107
9.10157 80000309500000730 80000309500000729 80000309500000739 80000309500000728 3.93726108473 -5.20682 0.505921 3.667
9.10157 80000309500000729 80000309500000727 80000309500000739 80000309500000726 3.49086136926 -5.33025 3.53776 2.60321
9.10415 80000309500000727 80000309500000726 80000309500000739 80000309500000725 3.28303305796 -2.44576 4.87504 4.20665
9.16182 80000309500000726 80000309500000725 80000309500000739 80000309500000724 3.08482263583 -3.47074 2.97906 -0.333762
9.09375 80000309500000781 80000309500000780 80000309500000784 80000309500000779 7.00541704554 -0.77051 3.7983 1.07341
9.12178 80000309500000780 80000309500000779 80000309500000784 80000309500000778 6.85511726265 -0.352309 2.86622 1.26285
9.15273 80000309500000779 80000309500000778 80000309500000784 80000309500000777 6.49159774567 1.58264 0.65328 1.61373
9.20668 80000309500000778 80000309500000777 80000309500000784 80000309500000776 6.14490120342 0.522887 0.186575 1.37644
9.23988 80000309500000777 80000309500000776 80000309500000784 80000309500000775 6.01075739884 1.57461 0.870056 1.78184
9.25284 80000309500000776 80000309500000775 80000309500000784 80000309500000774 5.84661374788 2.98579 1.0879 1.36389
9.30602 80000309500000775 80000309500000774 80000309500000784 80000309500000773 5.52976580795 0.860619 0.621738 3.26632
9.32958 80000309500000774 80000309500000773 80000309500000784 80000309500000772 5.22758097313 7.88996 -3.62202 3.52236
9.33263 80000309500000773 80000309500000771 80000309500000784 80000309500000770 4.93938066349 5.1889 -5.97892 8.94511
9.4026 80000309500000771 80000309500000770 80000309500000784 80000309500000769 4.66451770247 8.19929 -4.81832 10.0363
9.40518 80000309500000770 80000309500000769 80000309500000784 80000309500000768 4.42803373661 0.618596 -2.27558 13.1952
9.47066 80000309500000769 80000309500000768 80000309500000784 80000309500000767 4.17683491473 1.83527 -4.55702 18.7089
9.5314 80000309500000768 80000309500000766 80000309500000784 80000309500000765 3.93726108473 9.48799 -5.97871 25.0359
9.53332 80000309500000766 80000309500000764 80000309500000784 80000309500000763 3.49086136926 8.50114 -11.1542 30.3451
9.01928 80000309500000808 80000309500000807 80000309500000821 80000309500000806 3.49086136926 -4.27788 -2.53803 8.00233
9.02239 80000309500000807 80000309500000806 80000309500000821 80000309500000805 3.28303305796 -3.74356 -3.17329 6.05881
9.02855 80000309500000806 80000309500000803 80000309500000821 80000309500000802 2.89578500573 -2.04507 -0.645619 12.5063
9.03463 80000309500000803 80000309500000801 80000309500000821 80000309500000800 2.5772902716 2.43053 2.25968 9.65194
9.04358 80000309500000801 80000309500000800 80000309500000821 80000309500000799 2.44422570455 0.0543751 0.805215 3.37038
9.08578 80000309500000902 80000309500000901 80000309500000918 80000309500000900 3.93726108473 -4.12848 5.5357 0.840818
9.15956 80000309500000901 80000309500000897 80000309500000918 80000309500000896 3.08482263583 -0.234872 6.33007 -5.33229
9.03763 80000309500001007 80000309500001006 80000309500001012 80000309500001005 4.99593346816 -10.9076 6.13946 3.13153
9.2361 80000309500001006 80000309500001004 80000309500001012 80000309500001003 4.66451770247 -35.439 20.2576 12.3579
9.37457 80000309500001004 80000309500001002 80000309500001012 80000309500001001 4.17683491473 -24.9381 25.2928 13.0859
9.45719 80000309500001002 80000309500001001 80000309500001012 80000309500001000 4.00794511147 -13.5589 13.9128 12.6316
9.46955 80000309500001001 80000309500000999 80000309500001012 80000309500000998 3.70877426464 -12.3322 15.1588 18.5821
9.51275 80000309500000999 80000309500000998 80000309500001012 80000309500000997 3.49086136926 -11.4527 16.0479 21.3413
9.56111 80000309500000998 80000309500000997 80000309500001012 80000309500000996 3.28303305796 -13.2954 16.5741 24.5178
9.56201 80000309500000997 80000309500000996 80000309500001012 80000309500000995 3.08482263583 -6.58342 15.6281 22.9284
9.58041 80000309500000996 80000309500000995 80000309500001012 80000309500000994 3.00813107163 -4.68633 13.8445 24.0354
9.01298 80000309500001076 80000309500001075 80000309500001086 80000309500001074 6.01075739884 3.4 -3.68568 -1.85626
9.03763 80000309500001075 80000309500001074 80000309500001086 80000309500001073 5.84661374788 2.75984 -2.88114 -2.93882
9.04945 80000309500001074 80000309500001073 80000309500001086 80000309500001072 5.52976580795 2.33183 -3.39946 -2.05995
9.11431 80000309500001073 80000309500001072 80000309500001086 80000309500001071 5.22758097313 0.0241135 -3.81028 -0.719097
9.19433 80000309500001072 80000309500001071 80000309500001086 80000309500001070 4.99593346816 5.27544 -13.9523 -2.44706
9.22651 80000309500001071 80000309500001070 80000309500001086 80000309500001069 4.93938066349 8.01156 -17.9282 -5.08594
9.26187 80000309500001070 80000309500001068 80000309500001086 80000309500001067 4.42803373661 6.43017 -11.0634 -4.2729
9.2862 80000309500001068 80000309500001067 80000309500001086 80000309500001066 4.17683491473 8.18445 -13.3314 -8.29432
9.33716 80000309500001067 80000309500001066 80000309500001086 80000309500001065 4.00794511147 8.91931 -8.78676 -7.62779
9.33716 80000309500001066 80000309500001065 80000309500001086 80000309500001064 3.93726108473 9.74829 -10.3573 -8.11555
9.47066 80000309500001065 80000309500001064 80000309500001086 80000309500001063 3.70877426464 17.0263 -0.840458 -19.0308
9.08578 80000309500001249 80000309500001248 80000309500001263 80000309500001247 3.28303305796 -33.2835 15.3156 13.9021
9.02239 80000309500001287 80000309500001286 80000309500001307 80000309500001285 2.44422570455 -23.01 -11.8443 7.69002
9.0316 80000309500001286 80000309500001284 80000309500001307 80000309500001283 2.20792547238 -12.9271 0.563117 0.0510357
9.02239 80000309500001337 80000309500001336 80000309500001355 80000309500001335 3.00813107163 1.82763 -0.7057 5.25192
9.07492 80000309500001444 80000309500001443 80000309500001450 80000309500001442 6.01075739884 -3.2556 13.582 8.42766
9.08578 80000309500001443 80000309500001442 80000309500001450 80000309500001441 5.84661374788 -3.18846 12.3315 7.23565
9.11431 80000309500001442 80000309500001441 80000309500001450 80000309500001440 5.52976580795 1.03253 7.36494 5.72117
9.12912 80000309500001441 80000309500001440 80000309500001450 80000309500001439 5.22758097313 -0.912179 5.52783 5.81372
9.18802 80000309500001440 80000309500001439 80000309500001450 80000309500001438 4.99593346816 3.09426 17.3142 6.42759
9.19641 80000309500001439 80000309500001438 80000309500001450 80000309500001437 4.93938066349 3.58607 15.4865 5.40507
9.2026 80000309500001438 80000309500001437 80000309500001450 80000309500001436 4.66451770247 3.90571 17.2049 3.52123
9.22457 80000309500001437 80000309500001436 80000309500001450 80000309500001435 4.42803373661 5.42157 18.7591 1.88429
9.40001 80000309500001436 80000309500001435 80000309500001450 80000309500001434 4.17683491473 12.6088 20.7736 -14.7498
9.63894 80000309500001435 80000309500001434 80000309500001450 80000309500001433 4.00794511147 26.3295 23.9062 -42.5491
9.69909 80000309500001434 80000309500001433 80000309500001450 80000309500001432 3.93726108473 27.9625 19.4124 -31.7363
9.77881 80000309500001433 80000309500001432 80000309500001450 80000309500001431 3.70877426464 29.2037 15.7429 -36.494
9.82222 80000309500001432 80000309500001430 80000309500001450 80000309500001429 3.28303305796 27.5326 13.6187 -30.275
9.82419 80000309500001430 80000309500001429 80000309500001450 80000309500001428 3.08482263583 24.5296 15.495 -23.0625
9.848 80000309500001429 80000309500001420 80000309500001450 80000309500001419 2.00202813925 14.4162 0.313469 -13.6055
9.87843 80000309500001420 80000309500001419 80000309500001450 80000309500001418 1.90408954353 17.5573 -2.04229 -15.6881
9.89828 80000309500001419 80000309500001418 80000309500001450 80000309500001417 1.82268925262 13.0141 0.263263 -11.175
9.92934 80000309500001418 80000309500001417 80000309500001450 80000309500001416 1.74357057433 29.5538 3.31941 -18.0832
9.96048 80000309500001417 80000309500001416 80000309500001450 80000309500001415 1.66666955611 33.8449 1.58819 -22.3082
9.97835 80000309500001416 80000309500001415 80000309500001450 80000309500001414 1.60423452207 38.8411 5.35551 -26.3284
10.004 80000309500001415 80000309500001414 80000309500001450 80000309500001413 1.53123902916 43.3031 5.47037 -33.2053
9.10671 80000309500001480 80000309500001479 80000309500001489 80000309500001478 5.22758097313 10.4176 4.79661 -9.55679
9.13394 80000309500001479 80000309500001478 80000309500001489 80000309500001477 4.99593346816 10.9668 4.22559 -12.8844
9.16182 80000309500001478 80000309500001477 80000309500001489 80000309500001476 4.93938066349 12.8493 6.52545 -11.1557
9.22066 80000309500001477 80000309500001476 80000309500001489 80000309500001475 4.66451770247 10.5506 3.67743 -5.45355
9.05811 80000309500001806 80000309500001805 80000309500001827 80000309500001804 3.70877426464 -1.84506 3.1585 1.3996
9.10157 80000309500001805 80000309500001804 80000309500001827 80000309500001803 3.49086136926 0.597883 0.579498 -0.95155
9.12668 80000309500001804 80000309500001803 80000309500001827 80000309500001802 3.28303305796 1.30522 1.22162 -1.74621
9.23037 80000309500001803 80000309500001802 80000309500001827 80000309500001801 3.08482263583 1.15006 10.4301 -10.3997
9.2672 80000309500001802 80000309500001801 80000309500001827 80000309500001800 3.00813107163 3.30939 14.9019 -15.6167
9.27072 80000309500001801 80000309500001798 80000309500001827 80000309500001797 2.5772902716 5.40273 12.2738 -18.6059
9.2742 80000309500001798 80000309500001797 80000309500001827 80000309500001796 2.44422570455 5.29175 14.8564 -11.8186
9.29622 80000309500001797 80000309500001792 80000309500001827 80000309500001791 1.90408954353 5.56974 18.0277 -7.33126
9.29951 80000309500001792 80000309500001791 80000309500001827 80000309500001790 1.82268925262 5.54166 21.3447 -16.541
9.03463 80000309500001877 80000309500001876 80000309500001895 80000309500001875 1.41409822037 11.6749 -6.35189 6.67966
9.04062 80000309500001876 80000309500001872 80000309500001895 80000309500001871 1.20625808078 20.3685 -2.51343 2.15447
9.00337 80000309500002043 80000309500002042 80000309500002064 80000309500002041 2.89578500573 2.3155 -3.35494 -3.33236
9.00337 80000309500002042 80000309500002039 80000309500002064 80000309500002038 2.44422570455 -2.38044 -1.67933 -3.53844
9.02548 80000309500002039 80000309500002038 80000309500002064 80000309500002037 2.31611074396 -8.56544 1.86395 -6.99558
9.03463 80000309500002038 80000309500002037 80000309500002064 80000309500002036 2.20792547238 -6.98827 0.629774 -6.46682
9.03463 80000309500002037 80000309500002036 80000309500002064 80000309500002035 2.1032696526 -7.07294 1.25116 -7.22469
9.04945 80000309500002036 80000309500002035 80000309500002064 80000309500002034 2.00202813925 -4.60547 0.841878 -5.47661
