logMh | fpID | subhaloID | main leaf ID | descID |  z
9.06096 80000355900000100 80000355900000099 80000355900000107 80000355900000098 9.00233985416 -0.0522271 -2.7936 -1.47782
9.09375 80000355900000099 80000355900000098 80000355900000107 80000355900000097 8.9079991856 -0.780871 -4.13737 2.44935
9.25828 80000355900000098 80000355900000097 80000355900000107 80000355900000096 8.44947629437 3.32109 -12.0698 -3.0184
9.30923 80000355900000097 80000355900000096 80000355900000107 80000355900000095 8.01217294887 2.64343 -10.6598 -7.05912
9.33866 80000355900000096 80000355900000095 80000355900000107 80000355900000094 7.59510714987 0.850203 -6.82627 -3.0417
9.3634 80000355900000095 80000355900000094 80000355900000107 80000355900000093 7.23627606617 3.90041 -8.64561 -9.57364
9.41784 80000355900000094 80000355900000093 80000355900000107 80000355900000092 7.00541704554 -0.654951 -4.33753 -9.4816
9.4549 80000355900000093 80000355900000092 80000355900000107 80000355900000091 6.85511726265 -1.2188 -3.877 -9.48165
9.56735 80000355900000092 80000355900000091 80000355900000107 80000355900000090 6.49159774567 -4.84481 -6.46312 -3.16996
9.63366 80000355900000091 80000355900000090 80000355900000107 80000355900000089 6.14490120342 -9.37352 -10.1225 0.5974
9.70492 80000355900000090 80000355900000089 80000355900000107 80000355900000088 6.01075739884 -12.1417 -8.0258 1.96707
9.76049 80000355900000089 80000355900000088 80000355900000107 80000355900000087 5.84661374788 -15.8271 -3.45051 9.65947
9.80261 80000355900000088 80000355900000087 80000355900000107 80000355900000086 5.52976580795 -14.6178 -9.37588 10.0807
9.83435 80000355900000087 80000355900000086 80000355900000107 80000355900000085 5.22758097313 -17.2976 -8.22561 11.7951
9.90034 80000355900000086 80000355900000085 80000355900000107 80000355900000084 4.99593346816 -20.127 -4.85944 5.57674
9.90484 80000355900000085 80000355900000084 80000355900000107 80000355900000083 4.93938066349 -20.3725 -3.95612 8.48938
9.92002 80000355900000084 80000355900000083 80000355900000107 80000355900000082 4.66451770247 -21.5335 -1.35135 4.0426
10.2105 80000355900000083 80000355900000081 80000355900000107 80000355900000080 4.17683491473 -33.2013 2.03921 17.5524
10.3096 80000355900000081 80000355900000080 80000355900000107 80000355900000079 4.00794511147 -30.5781 20.2744 15.5274
10.6506 80000355900000080 80000355900000077 80000355900000107 80000355900000076 3.28303305796 -0.0785243 10.7031 15.4822
10.6814 80000355900000077 80000355900000076 80000355900000107 80000355900000075 3.08482263583 -4.30599 26.4622 -0.4421
10.6927 80000355900000076 80000355900000075 80000355900000107 80000355900000074 3.00813107163 2.70644 25.8739 3.03689
10.7108 80000355900000075 80000355900000074 80000355900000107 80000355900000073 2.89578500573 -23.6688 89.1415 -7.79783
10.7302 80000355900000074 80000355900000072 80000355900000107 80000355900000071 2.5772902716 -44.1763 130.222 28.384
10.7409 80000355900000072 80000355900000071 80000355900000107 80000355900000070 2.44422570455 -74.6617 181.264 8.67867
10.7819 80000355900000071 80000355900000070 80000355900000107 80000355900000069 2.31611074396 -120.645 248.139 -11.1564
10.8009 80000355900000070 80000355900000068 80000355900000107 80000355900000067 2.1032696526 -108.517 218.083 -26.8058
10.8128 80000355900000068 80000355900000067 80000355900000107 80000355900000066 2.00202813925 -118.475 219.31 -12.3193
10.8667 80000355900000067 80000355900000066 80000355900000107 80000355900000065 1.90408954353 -137.397 231.391 -24.5085
10.8722 80000355900000066 80000355900000063 80000355900000107 80000355900000062 1.66666955611 -131.503 209.739 -40.0554
10.8782 80000355900000063 80000355900000061 80000355900000107 80000355900000060 1.53123902916 -126.935 196.132 -41.2219
10.8986 80000355900000061 80000355900000059 80000355900000107 80000355900000058 1.41409822037 -119.426 201.979 -35.0389
10.9148 80000355900000059 80000355900000058 80000355900000107 80000355900000057 1.3575766674 -116.336 220.293 -35.6296
10.9237 80000355900000058 80000355900000057 80000355900000107 80000355900000056 1.30237845991 -112.088 225.256 -22.8253
10.9365 80000355900000057 80000355900000056 80000355900000107 80000355900000055 1.24847261425 -107.652 223.536 -9.5421
10.9475 80000355900000056 80000355900000055 80000355900000107 80000355900000054 1.20625808078 -106.487 238.379 1.35783
10.9554 80000355900000055 80000355900000054 80000355900000107 80000355900000053 1.15460271236 -105.319 237.704 9.84923
10.9819 80000355900000054 80000355900000053 80000355900000107 80000355900000052 1.11415056377 -86.8272 289.258 24.216
10.9888 80000355900000053 80000355900000052 80000355900000107 80000355900000051 1.07445789455 -62.3715 315.765 37.9787
10.9993 80000355900000052 80000355900000051 80000355900000107 80000355900000050 1.03551044566 -48.0171 355.412 59.4495
11.0169 80000355900000051 80000355900000050 80000355900000107 80000355900000049 0.997294225782 -14.1169 395.334 79.0997
11.0277 80000355900000050 80000355900000049 80000355900000107 80000355900000048 0.987852810816 11.496 399.695 88.0428
11.0383 80000355900000049 80000355900000048 80000355900000107 80000355900000047 0.950531351585 2.33388 401.123 79.9128
11.0506 80000355900000048 80000355900000047 80000355900000107 80000355900000046 0.923000816178 -0.298768 406.674 89.5986
11.064 80000355900000047 80000355900000046 80000355900000107 80000355900000045 0.886896937575 9.02237 427.468 103.562
11.0798 80000355900000046 80000355900000045 80000355900000107 80000355900000044 0.851470900625 23.1686 426.424 107.02
11.0815 80000355900000045 80000355900000044 80000355900000107 80000355900000043 0.816709979012 8.32201 415.847 103.318
11.0933 80000355900000044 80000355900000043 80000355900000107 80000355900000042 0.791068248946 30.8142 429.238 109.988
11.1001 80000355900000043 80000355900000042 80000355900000107 80000355900000041 0.757441372616 25.7085 425.224 101.546
11.1036 80000355900000042 80000355900000041 80000355900000107 80000355900000040 0.732636182022 10.3773 426.32 90.6905
11.1089 80000355900000041 80000355900000040 80000355900000107 80000355900000039 0.700106353719 -10.1164 420.561 86.1127
11.1185 80000355900000040 80000355900000039 80000355900000107 80000355900000038 0.676110411213 -10.9295 424.534 102.975
11.1241 80000355900000039 80000355900000038 80000355900000107 80000355900000037 0.644641840685 -2.20524 423.497 107.189
11.128 80000355900000038 80000355900000037 80000355900000107 80000355900000036 0.621428745243 23.881 433.746 77.0685
11.1363 80000355900000037 80000355900000036 80000355900000107 80000355900000035 0.598543288188 29.4196 455.743 85.6915
11.1439 80000355900000036 80000355900000034 80000355900000107 80000355900000033 0.546392183141 30.1535 452.73 118.331
11.1459 80000355900000034 80000355900000033 80000355900000107 80000355900000032 0.524565820434 20.9848 457.962 118.126
11.1463 80000355900000033 80000355900000032 80000355900000107 80000355900000031 0.503047523245 32.6642 454.622 112.024
11.1549 80000355900000032 80000355900000031 80000355900000107 80000355900000030 0.481832943421 25.4601 456.708 110.746
11.1575 80000355900000031 80000355900000030 80000355900000107 80000355900000029 0.460917794181 46.5398 449.658 138.344
11.1612 80000355900000030 80000355900000029 80000355900000107 80000355900000028 0.440297849248 1.61283 446.904 93.2914
11.1717 80000355900000029 80000355900000028 80000355900000107 80000355900000027 0.419968941997 78.0983 468.425 122.287
11.1794 80000355900000028 80000355900000027 80000355900000107 80000355900000026 0.399926964614 109.352 498.01 133.078
11.1904 80000355900000027 80000355900000026 80000355900000107 80000355900000025 0.38016786726 128.218 505.629 128.703
11.2018 80000355900000026 80000355900000025 80000355900000107 80000355900000024 0.360687657262 136.346 505.21 140.448
11.2061 80000355900000025 80000355900000024 80000355900000107 80000355900000023 0.347853841858 147.341 511.294 137.762
11.2103 80000355900000024 80000355900000023 80000355900000107 80000355900000022 0.328829724206 159.57 510.575 136.161
11.2208 80000355900000023 80000355900000022 80000355900000107 80000355900000021 0.310074120128 153.686 500.281 128.036
11.2338 80000355900000022 80000355900000021 80000355900000107 80000355900000020 0.291583239722 125.985 485.264 115.124
11.2345 80000355900000021 80000355900000019 80000355900000107 80000355900000018 0.261343256161 149.529 472.839 111.692
11.2426 80000355900000019 80000355900000018 80000355900000107 80000355900000017 0.243540181555 150.646 468.048 115.515
11.2504 80000355900000018 80000355900000017 80000355900000107 80000355900000016 0.22598838626 164.878 469.546 112.206
11.2524 80000355900000017 80000355900000016 80000355900000107 80000355900000015 0.214425035514 167.228 469.61 117.688
11.2617 80000355900000016 80000355900000015 80000355900000107 80000355900000014 0.197284182376 156.702 471.07 137.462
11.2717 80000355900000015 80000355900000014 80000355900000107 80000355900000013 0.180385261706 142.888 461.305 132.508
11.2725 80000355900000014 80000355900000013 80000355900000107 80000355900000012 0.169252033244 146.841 484.353 148.682
11.2745 80000355900000013 80000355900000012 80000355900000107 80000355900000011 0.152748768902 164.939 490.32 135.418
11.2804 80000355900000012 80000355900000011 80000355900000107 80000355900000010 0.14187620397 166.553 492.759 150.479
11.2879 80000355900000011 80000355900000010 80000355900000107 80000355900000009 0.125759332411 159.181 496.477 158.675
11.2881 80000355900000010 80000355900000009 80000355900000107 80000355900000008 0.109869940459 151.21 495.652 165.867
11.2908 80000355900000009 80000355900000008 80000355900000107 80000355900000007 0.0994018026302 144.353 503.842 170.334
11.2931 80000355900000008 80000355900000007 80000355900000107 80000355900000006 0.0838844307975 152.947 516.956 166.321
11.3024 80000355900000007 80000355900000004 80000355900000107 80000355900000003 0.0485236299818 150.775 564.801 203.465
11.3026 80000355900000004 80000355900000003 80000355900000107 80000355900000002 0.0337243718735 165.128 554.946 211.242
11.3083 80000355900000003 80000355900000002 80000355900000107 80000355900000001 0.0239744283828 182.052 576.075 213.591
9.0316 80000355900000132 80000355900000131 80000355900000137 80000355900000130 8.01217294887 5.07221 -2.60163 -1.59878
9.06096 80000355900000131 80000355900000130 80000355900000137 80000355900000129 7.59510714987 3.5601 -3.22635 -1.11142
9.12424 80000355900000130 80000355900000129 80000355900000137 80000355900000128 7.23627606617 3.74852 -1.53571 0.583374
9.17293 80000355900000129 80000355900000128 80000355900000137 80000355900000127 7.00541704554 1.46317 -4.08636 -0.382011
9.01614 80000355900000168 80000355900000167 80000355900000173 80000355900000166 7.00541704554 7.84584 -1.28529 -3.99661
9.02855 80000355900000167 80000355900000166 80000355900000173 80000355900000165 6.85511726265 6.58245 -3.29578 -3.89911
9.06096 80000355900000166 80000355900000162 80000355900000173 80000355900000161 5.84661374788 7.77245 0.922975 -2.99075
10.5253 80000355900000162 80000355900000154 80000355900000173 80000355900000153 3.70877426464 -7.66261 38.0477 -6.48081
10.6111 80000355900000154 80000355900000153 80000355900000173 80000355900000077 3.49086136926 -17.0736 26.9421 -36.2459
9.17293 80000355900000210 80000355900000209 80000355900000216 80000355900000208 6.85511726265 4.03572 9.04381 -2.61441
9.22845 80000355900000209 80000355900000208 80000355900000216 80000355900000207 6.49159774567 2.00311 5.4957 -8.45526
9.2929 80000355900000208 80000355900000207 80000355900000216 80000355900000206 6.14490120342 2.40412 5.19041 -5.76981
9.31083 80000355900000207 80000355900000206 80000355900000216 80000355900000205 6.01075739884 1.84636 9.6734 -4.50654
9.35483 80000355900000206 80000355900000205 80000355900000216 80000355900000204 5.84661374788 0.359839 12.7261 -3.66484
9.56379 80000355900000205 80000355900000204 80000355900000216 80000355900000203 5.52976580795 17.4164 30.3114 -17.4914
9.75364 80000355900000204 80000355900000203 80000355900000216 80000355900000202 5.22758097313 29.1194 42.3662 -15.0122
9.78152 80000355900000203 80000355900000201 80000355900000216 80000355900000200 4.93938066349 21.7927 38.1597 -18.9274
9.92276 80000355900000201 80000355900000199 80000355900000216 80000355900000198 4.42803373661 27.6516 37.4132 -9.14902
9.01614 80000355900000233 80000355900000232 80000355900000240 80000355900000231 6.85511726265 1.31586 6.69765 6.07939
9.13394 80000355900000232 80000355900000231 80000355900000240 80000355900000230 6.49159774567 0.818211 1.93549 -4.28846
9.26008 80000355900000277 80000355900000276 80000355900000288 80000355900000275 7.00541704554 12.0374 -14.7593 7.29511
9.53332 80000355900000276 80000355900000274 80000355900000288 80000355900000273 6.49159774567 26.8533 -25.3773 14.4867
9.54465 80000355900000274 80000355900000273 80000355900000288 80000355900000272 6.14490120342 10.3003 -12.8399 4.96096
9.60543 80000355900000273 80000355900000272 80000355900000288 80000355900000271 6.01075739884 24.1135 -14.5649 17.0674
9.71132 80000355900000272 80000355900000271 80000355900000288 80000355900000270 5.84661374788 26.9882 -10.8148 17.1626
9.83578 80000355900000271 80000355900000269 80000355900000288 80000355900000268 5.22758097313 30.5752 -5.96977 20.4389
9.87234 80000355900000269 80000355900000268 80000355900000288 80000355900000267 4.99593346816 26.6767 -7.34137 20.9378
9.87757 80000355900000268 80000355900000267 80000355900000288 80000355900000266 4.93938066349 26.662 -5.86738 20.5596
9.91726 80000355900000267 80000355900000266 80000355900000288 80000355900000265 4.66451770247 31.9494 -12.5573 23.4228
9.93734 80000355900000266 80000355900000265 80000355900000288 80000355900000264 4.42803373661 31.906 -9.03639 22.793
9.04653 80000355900000303 80000355900000302 80000355900000311 80000355900000301 8.44947629437 -5.23724 -2.88165 -1.90885
9.07216 80000355900000302 80000355900000301 80000355900000311 80000355900000300 8.01217294887 8.27567 2.76186 5.03108
9.2026 80000355900000301 80000355900000300 80000355900000311 80000355900000299 7.59510714987 -4.40793 5.76711 2.27286
9.31401 80000355900000300 80000355900000299 80000355900000311 80000355900000298 7.23627606617 26.1454 -19.7757 12.4486
9.14108 80000355900000375 80000355900000374 80000355900000382 80000355900000373 6.14490120342 -4.69304 19.5806 1.45454
9.1663 80000355900000374 80000355900000373 80000355900000382 80000355900000372 6.01075739884 -5.095 15.1157 1.82407
9.19848 80000355900000373 80000355900000372 80000355900000382 80000355900000371 5.84661374788 -7.68082 15.2255 -0.587922
9.28956 80000355900000372 80000355900000371 80000355900000382 80000355900000370 5.52976580795 -12.3925 13.691 4.82227
9.32805 80000355900000371 80000355900000370 80000355900000382 80000355900000369 5.22758097313 -17.1341 19.022 0.773365
9.49116 80000355900000370 80000355900000369 80000355900000382 80000355900000368 4.99593346816 -21.3867 13.1851 1.98413
9.5256 80000355900000369 80000355900000368 80000355900000382 80000355900000367 4.93938066349 -27.6459 15.5123 1.9831
9.54091 80000355900000368 80000355900000367 80000355900000382 80000355900000366 4.66451770247 -28.4594 9.29726 -4.28585
9.0066 80000355900000474 80000355900000473 80000355900000494 80000355900000472 3.70877426464 -4.07523 -1.90454 -1.1628
9.04062 80000355900000473 80000355900000472 80000355900000494 80000355900000471 3.49086136926 -1.17603 -2.88945 0.860174
9.01614 80000355900000521 80000355900000520 80000355900000535 80000355900000519 5.52976580795 3.32596 -11.2005 -0.506734
9.12912 80000355900000520 80000355900000519 80000355900000535 80000355900000518 5.22758097313 4.34002 -1.57485 -3.63224
9.2026 80000355900000519 80000355900000518 80000355900000535 80000355900000517 4.99593346816 1.25541 -7.61039 -8.94316
9.01614 80000355900000577 80000355900000576 80000355900000583 80000355900000575 7.59510714987 2.81991 0.57555 1.58799
9.01928 80000355900000576 80000355900000575 80000355900000583 80000355900000574 7.23627606617 3.93027 0.917359 1.94189
9.04945 80000355900000575 80000355900000574 80000355900000583 80000355900000573 7.00541704554 4.16479 0.249222 1.26569
9.10157 80000355900000574 80000355900000573 80000355900000583 80000355900000572 6.85511726265 5.91203 0.481113 -2.54928
9.16407 80000355900000573 80000355900000572 80000355900000583 80000355900000571 6.49159774567 7.32697 -5.50821 -1.34733
9.17073 80000355900000572 80000355900000571 80000355900000583 80000355900000570 6.14490120342 6.20835 0.459817 1.38082
9.26896 80000355900000571 80000355900000570 80000355900000583 80000355900000569 6.01075739884 7.92104 -3.30563 -6.65469
9.28956 80000355900000570 80000355900000569 80000355900000583 80000355900000568 5.84661374788 5.62436 -6.17815 -6.54088
9.40646 80000355900000569 80000355900000568 80000355900000583 80000355900000567 5.52976580795 -3.00699 0.118455 -3.12245
9.52948 80000355900000568 80000355900000567 80000355900000583 80000355900000566 5.22758097313 -4.70631 -9.24665 -2.45754
9.56999 80000355900000567 80000355900000566 80000355900000583 80000355900000565 4.99593346816 -2.4296 -3.63048 -0.999906
9.59972 80000355900000566 80000355900000565 80000355900000583 80000355900000564 4.93938066349 -3.16591 -3.89582 0.00888585
9.67145 80000355900000565 80000355900000564 80000355900000583 80000355900000563 4.66451770247 0.870352 -8.43117 18.7684
9.74314 80000355900000564 80000355900000563 80000355900000583 80000355900000562 4.42803373661 3.7046 -17.7364 34.1111
9.83626 80000355900000563 80000355900000562 80000355900000583 80000355900000561 4.17683491473 0.979021 -1.20357 16.3048
9.84194 80000355900000562 80000355900000561 80000355900000583 80000355900000560 4.00794511147 -3.21464 -15.6896 29.7181
10.1 80000355900000561 80000355900000557 80000355900000583 80000355900000556 3.28303305796 -6.81733 12.3865 7.84567
9.02855 80000355900000637 80000355900000636 80000355900000642 80000355900000635 6.49159774567 1.22544 -5.9402 8.58383
9.05235 80000355900000636 80000355900000634 80000355900000642 80000355900000633 6.01075739884 -3.21301 -7.26633 7.18316
9.05524 80000355900000634 80000355900000633 80000355900000642 80000355900000632 5.84661374788 -6.67722 -6.85519 4.79966
9.20464 80000355900000633 80000355900000632 80000355900000642 80000355900000631 5.52976580795 -7.28917 -7.034 -0.951197
9.24175 80000355900000632 80000355900000631 80000355900000642 80000355900000630 5.22758097313 -17.4003 -8.59672 -4.2433
9.35483 80000355900000631 80000355900000628 80000355900000642 80000355900000627 4.66451770247 -7.9807 -15.9247 4.63488
9.38412 80000355900000628 80000355900000627 80000355900000642 80000355900000626 4.42803373661 -1.85156 -6.70925 6.24278
9.43497 80000355900000627 80000355900000625 80000355900000642 80000355900000624 4.00794511147 5.08816 -6.05661 17.2749
9.98685 80000355900000625 80000355900000623 80000355900000642 80000355900000622 3.70877426464 -5.53113 18.8714 0.728844
9.00012 80000355900000648 80000355900000647 80000355900000662 80000355900000646 4.99593346816 0.255619 -1.54435 -6.18306
9.00012 80000355900000647 80000355900000646 80000355900000662 80000355900000645 4.93938066349 0.801292 -0.58592 -4.24146
9.0316 80000355900000797 80000355900000796 80000355900000813 80000355900000795 4.00794511147 6.79483 -3.00654 -6.06712
9.0316 80000355900000796 80000355900000795 80000355900000813 80000355900000794 3.93726108473 8.46662 0.683434 -3.5013
9.09111 80000355900000795 80000355900000794 80000355900000813 80000355900000793 3.70877426464 8.32108 -1.63397 -2.27616
9.1573 80000355900000794 80000355900000793 80000355900000813 80000355900000792 3.49086136926 7.55602 -4.13185 -0.45355
9.17946 80000355900000793 80000355900000792 80000355900000813 80000355900000791 3.28303305796 4.42017 -6.02886 -3.3805
9.18376 80000355900000792 80000355900000791 80000355900000813 80000355900000790 3.08482263583 13.227 0.783094 -5.91246
9.24918 80000355900000791 80000355900000790 80000355900000813 80000355900000789 3.00813107163 14.0442 -4.01729 1.64964
9.27766 80000355900000790 80000355900000789 80000355900000813 80000355900000788 2.89578500573 15.1648 -5.35968 4.04605
9.2929 80000355900000789 80000355900000788 80000355900000813 80000355900000787 2.73314261732 11.6731 -9.62713 -0.919308
9.33111 80000355900000788 80000355900000785 80000355900000813 80000355900000784 2.31611074396 9.97967 -8.44206 1.96649
9.33415 80000355900000785 80000355900000781 80000355900000813 80000355900000780 1.90408954353 16.082 -6.04625 -9.35409
9.36622 80000355900000781 80000355900000779 80000355900000813 80000355900000778 1.74357057433 21.5532 -0.8371 -2.08224
9.00337 80000355900000930 80000355900000929 80000355900000948 80000355900000928 1.60423452207 9.509 23.3804 12.4133
9.12668 80000355900000929 80000355900000926 80000355900000948 80000355900000925 1.41409822037 -0.457723 16.9342 -14.5589
9.16852 80000355900000926 80000355900000925 80000355900000948 80000355900000924 1.3575766674 4.79494 18.1643 -7.37084
9.21272 80000355900000925 80000355900000921 80000355900000948 80000355900000920 1.15460271236 8.16156 4.02974 11.5693
9.22845 80000355900000921 80000355900000908 80000355900000948 80000355900000907 0.732636182022 -6.42752 1.99265 16.0736
9.2742 80000355900000908 80000355900000905 80000355900000948 80000355900000904 0.644641840685 -5.26924 9.63635 22.5081
9.2929 80000355900000905 80000355900000904 80000355900000948 80000355900000903 0.621428745243 -17.757 20.1823 27.9769
9.0066 80000355900001138 80000355900001137 80000355900001149 80000355900001136 6.49159774567 1.55358 0.192027 -6.3788
9.22651 80000355900001137 80000355900001134 80000355900001149 80000355900001133 5.84661374788 -6.42078 -0.546666 -11.4782
9.27072 80000355900001134 80000355900001133 80000355900001149 80000355900001132 5.52976580795 -4.69614 -0.151473 -12.8265
9.31717 80000355900001133 80000355900001132 80000355900001149 80000355900001131 5.22758097313 -3.56126 -3.09646 -10.3799
9.35338 80000355900001132 80000355900001130 80000355900001149 80000355900001129 4.93938066349 -1.49495 -4.48036 -6.7039
9.45376 80000355900001130 80000355900001129 80000355900001149 80000355900001128 4.66451770247 -11.1986 -4.16266 0.532956
9.50872 80000355900001129 80000355900001127 80000355900001149 80000355900001126 4.17683491473 -5.44345 2.12125 17.4567
9.58638 80000355900001127 80000355900001126 80000355900001149 80000355900001125 4.00794511147 -12.4128 -10.6103 2.79994
9.61186 80000355900001126 80000355900001124 80000355900001149 80000355900001123 3.70877426464 -14.8931 -5.25147 2.90312
9.62212 80000355900001124 80000355900001114 80000355900001149 80000355900001113 2.20792547238 -12.9653 -0.219175 0.235819
9.62831 80000355900001114 80000355900001112 80000355900001149 80000355900001111 2.00202813925 -14.1118 4.89019 8.56881
9.64564 80000355900001112 80000355900001110 80000355900001149 80000355900001109 1.82268925262 -13.075 2.07148 14.8791
9.65078 80000355900001110 80000355900001100 80000355900001149 80000355900001099 1.20625808078 -6.95208 4.07236 2.44084
9.65442 80000355900001100 80000355900001098 80000355900001149 80000355900001097 1.11415056377 -10.2525 6.15424 2.50186
9.01928 80000355900001357 80000355900001356 80000355900001365 80000355900001355 6.14490120342 0.717071 -1.80236 -1.26936
9.0316 80000355900001356 80000355900001355 80000355900001365 80000355900001354 6.01075739884 -0.790712 -2.60147 0.227287
9.07766 80000355900001355 80000355900001354 80000355900001365 80000355900001353 5.84661374788 -2.31921 -2.36489 -2.5506
9.11431 80000355900001354 80000355900001353 80000355900001365 80000355900001352 5.52976580795 -0.251521 0.156177 -3.33479
9.17293 80000355900001353 80000355900001352 80000355900001365 80000355900001351 5.22758097313 2.55987 0.335661 -4.27182
9.24918 80000355900001352 80000355900001349 80000355900001365 80000355900001348 4.66451770247 0.0432519 1.18094 -0.426412
9.33263 80000355900001349 80000355900001348 80000355900001365 80000355900001347 4.42803373661 2.47182 -3.42037 -9.62263
9.58469 80000355900001348 80000355900001347 80000355900001365 80000355900001346 4.17683491473 18.444 4.8895 -45.1918
9.60381 80000355900001347 80000355900001346 80000355900001365 80000355900001345 4.00794511147 15.4982 4.43495 -39.1993
9.61742 80000355900001346 80000355900001343 80000355900001365 80000355900001342 3.49086136926 18.5927 2.9094 -38.2093
9.71385 80000355900001343 80000355900001340 80000355900001365 80000355900001339 2.89578500573 31.1755 10.6103 -52.7477
9.72012 80000355900001340 80000355900001338 80000355900001365 80000355900001337 2.5772902716 26.9511 13.6233 -49.1515
9.72996 80000355900001338 80000355900001337 80000355900001365 80000355900001336 2.44422570455 28.0616 19.5458 -43.0367
9.77113 80000355900001337 80000355900001334 80000355900001365 80000355900001333 2.1032696526 34.6923 18.4631 -40.0506
9.77935 80000355900001334 80000355900001333 80000355900001365 80000355900001332 2.00202813925 43.4654 12.7225 -51.5326
9.82173 80000355900001333 80000355900001332 80000355900001365 80000355900001331 1.90408954353 66.68 19.451 -49.5123
9.84194 80000355900001332 80000355900001328 80000355900001365 80000355900001327 1.60423452207 57.7826 14.3949 -63.4372
9.84754 80000355900001328 80000355900001327 80000355900001365 80000355900001326 1.53123902916 57.4947 11.1788 -63.2481
9.86348 80000355900001327 80000355900001326 80000355900001365 80000355900001325 1.47197484527 52.4204 11.1072 -61.0252
9.88868 80000355900001326 80000355900001325 80000355900001365 80000355900001324 1.41409822037 53.4398 13.0992 -58.0883
9.89869 80000355900001325 80000355900001324 80000355900001365 80000355900001323 1.3575766674 54.9039 11.0058 -54.252
9.01614 80000355900001371 80000355900001370 80000355900001377 80000355900001369 5.22758097313 2.87206 4.14786 -1.59833
9.07492 80000355900001370 80000355900001369 80000355900001377 80000355900001368 4.99593346816 0.59167 4.2083 0.521932
9.11681 80000355900001369 80000355900001368 80000355900001377 80000355900001367 4.93938066349 -2.94069 5.9019 0.696551
9.69118 80000355900001382 80000355900001381 80000355900001385 80000355900001380 3.08482263583 32.3366 9.64641 -58.085
