logMh | fpID | subhaloID | main leaf ID | descID |  z
9.09637 40000000900204972 40000000900204971 40000000900204976 40000000900204970 9.38877127194 -1.16956 -6.32829 0.646713
9.13634 40000000900204971 40000000900204970 40000000900204976 40000000900204969 9.00233985416 4.15045 12.5038 1.81958
9.20668 40000000900204970 40000000900204969 40000000900204976 40000000900204968 8.9079991856 4.36676 -1.5841 -6.49763
9.30602 40000000900204969 40000000900204968 40000000900204976 40000000900204967 8.44947629437 9.44495 2.75532 3.16602
9.41156 40000000900204968 40000000900204967 40000000900204976 40000000900204966 8.01217294887 9.91687 9.01766 9.82894
9.78849 40000000900204967 40000000900204966 40000000900204976 40000000900204965 7.59510714987 16.6631 -37.6078 -3.49145
9.80415 40000000900204966 40000000900204965 40000000900204976 40000000900204964 7.23627606617 8.14118 -23.1696 0.853133
9.85399 40000000900204965 40000000900204964 40000000900204976 40000000900204963 7.00541704554 11.945 -25.3488 4.11282
9.98517 40000000900204964 40000000900204963 40000000900204976 40000000900204962 6.85511726265 27.6609 20.0047 63.7902
10.1714 40000000900204963 40000000900204962 40000000900204976 40000000900204961 6.49159774567 49.1836 25.5084 42.7996
10.2681 40000000900204962 40000000900204961 40000000900204976 40000000900204960 6.14490120342 56.7306 23.3938 30.0325
10.3364 40000000900204961 40000000900204960 40000000900204976 40000000900204959 6.01075739884 67.5929 28.6705 32.663
10.3779 40000000900204960 40000000900204959 40000000900204976 40000000900204958 5.84661374788 66.3148 27.6892 42.9093
10.4364 40000000900204959 40000000900204958 40000000900204976 40000000900204957 5.52976580795 56.1304 26.8376 40.1427
10.4907 40000000900204958 40000000900204957 40000000900204976 40000000900204956 5.22758097313 53.8761 29.0911 47.8877
10.4996 40000000900204957 40000000900204956 40000000900204976 40000000900204955 4.99593346816 44.727 35.0061 43.1196
10.5364 40000000900204956 40000000900204955 40000000900204976 40000000900204954 4.93938066349 39.3226 40.9029 42.4329
10.5573 40000000900204955 40000000900204954 40000000900204976 40000000900204953 4.66451770247 34.396 59.6752 48.6429
10.5808 40000000900204954 40000000900204953 40000000900204976 40000000900204952 4.42803373661 5.29957 91.7028 35.5138
10.5874 40000000900204953 40000000900204952 40000000900204976 40000000900204951 4.17683491473 5.96349 76.852 42.5977
10.6054 40000000900204952 40000000900204950 40000000900204976 40000000900204949 3.93726108473 18.5602 51.5819 51.1964
10.6311 40000000900204950 40000000900204949 40000000900204976 40000000900204948 3.70877426464 33.4106 73.781 59.1032
10.6453 40000000900204949 40000000900204948 40000000900204976 40000000900204947 3.49086136926 37.1751 45.6216 58.0088
10.6679 40000000900204948 40000000900204947 40000000900204976 40000000900204946 3.28303305796 45.4704 45.3725 48.9217
10.7234 40000000900204947 40000000900204946 40000000900204976 40000000900204945 3.08482263583 8.71594 38.2013 101.221
10.7395 40000000900204946 40000000900204944 40000000900204976 40000000900204943 2.89578500573 48.2747 53.6274 57.0954
10.9602 40000000900204944 40000000900204942 40000000900204976 40000000900204941 2.5772902716 -12.1532 43.0299 104.826
11.0879 40000000900204942 40000000900204941 40000000900204976 40000000900204940 2.44422570455 -101.807 25.3866 208.198
11.1413 40000000900204941 40000000900204940 40000000900204976 40000000900204939 2.31611074396 -69.9338 33.8871 171.196
11.1685 40000000900204940 40000000900204939 40000000900204976 40000000900204938 2.20792547238 -39.8213 57.9454 152.317
11.2242 40000000900204939 40000000900204938 40000000900204976 40000000900204937 2.1032696526 -46.8252 51.1423 143.604
11.2604 40000000900204938 40000000900204937 40000000900204976 40000000900204936 2.00202813925 -45.6532 39.1786 99.4066
11.2889 40000000900204937 40000000900204936 40000000900204976 40000000900204935 1.90408954353 -14.0415 -8.1426 35.3063
11.2984 40000000900204936 40000000900204935 40000000900204976 40000000900204934 1.82268925262 -33.674 -47.0893 25.1416
11.3076 40000000900204935 40000000900204934 40000000900204976 40000000900204933 1.74357057433 2.42368 -92.0535 -15.7094
11.3132 40000000900204934 40000000900204933 40000000900204976 40000000900204932 1.66666955611 -23.0628 -102.988 -11.2606
11.3168 40000000900204933 40000000900204932 40000000900204976 40000000900204931 1.60423452207 9.91893 -113.596 -50.4288
11.3188 40000000900204932 40000000900204931 40000000900204976 40000000900204930 1.53123902916 29.6836 -104.923 -92.1515
11.322 40000000900204931 40000000900204930 40000000900204976 40000000900204929 1.47197484527 30.2824 -109.248 -96.5827
11.3319 40000000900204930 40000000900204929 40000000900204976 40000000900204928 1.41409822037 48.0143 -114.465 -127.871
11.3403 40000000900204929 40000000900204927 40000000900204976 40000000900204926 1.30237845991 58.7531 -97.6172 -101.762
11.3516 40000000900204927 40000000900204926 40000000900204976 40000000900204925 1.24847261425 42.023 -76.1678 -105.022
11.3565 40000000900204926 40000000900204924 40000000900204976 40000000900204923 1.15460271236 24.8234 -55.5202 -47.0346
11.3598 40000000900204924 40000000900204923 40000000900204976 40000000900204922 1.11415056377 36.9443 -75.6714 -64.1557
11.3667 40000000900204923 40000000900204922 40000000900204976 40000000900204921 1.07445789455 28.8919 -63.7921 -69.352
11.3667 40000000900204922 40000000900204921 40000000900204976 40000000900204920 1.03551044566 19.2077 -61.4746 -83.8221
11.371 40000000900204921 40000000900204920 40000000900204976 40000000900204919 0.997294225782 20.1582 -67.8874 -99.3883
11.4116 40000000900204920 40000000900204919 40000000900204976 40000000900204918 0.987852810816 14.0597 -438.597 -338.815
11.4247 40000000900204919 40000000900204913 40000000900204976 40000000900204912 0.791068248946 -25.6323 -213.882 -123.028
11.4458 40000000900204913 40000000900204912 40000000900204976 40000000900204911 0.757441372616 13.9 -215.378 -143.963
11.4651 40000000900204912 40000000900204911 40000000900204976 40000000900204910 0.732636182022 -9.30198 -272.495 -154.785
11.4799 40000000900204911 40000000900204910 40000000900204976 40000000900204909 0.700106353719 -11.7796 -257.264 -80.1532
11.4909 40000000900204910 40000000900204909 40000000900204976 40000000900204908 0.676110411213 -4.05549 -247.867 -81.149
11.5159 40000000900204909 40000000900204908 40000000900204976 40000000900204907 0.644641840685 57.9112 -184.801 -47.8395
11.5354 40000000900204908 40000000900204907 40000000900204976 40000000900204906 0.621428745243 166.442 -134.677 -63.2472
11.5569 40000000900204907 40000000900204906 40000000900204976 40000000900204905 0.598543288188 315.775 -19.5271 -98.7352
11.577 40000000900204906 40000000900204905 40000000900204976 40000000900204904 0.575980845108 298.846 -21.8991 -33.7889
11.6162 40000000900204905 40000000900204904 40000000900204976 40000000900204903 0.546392183141 279.365 -11.5288 55.5864
11.6212 40000000900204904 40000000900204894 40000000900204976 40000000900204893 0.347853841858 528.807 -66.1071 -14.3124
11.6427 40000000900204894 40000000900204891 40000000900204976 40000000900204890 0.291583239722 539.138 -258.167 -169.131
11.6537 40000000900204891 40000000900204890 40000000900204976 40000000900204889 0.273353346578 489.115 -277.333 -189.536
11.662 40000000900204890 40000000900204889 40000000900204976 40000000900204888 0.261343256161 449.169 -277.47 -200.02
11.6718 40000000900204889 40000000900204887 40000000900204976 40000000900204886 0.22598838626 421.772 -278.367 -208.315
9.02239 40000000900205013 40000000900205012 40000000900205016 40000000900205011 9.00233985416 8.46749 -2.48872 4.46357
9.10671 40000000900205012 40000000900205010 40000000900205016 40000000900205009 8.44947629437 -0.488741 -8.96242 -1.10135
9.30763 40000000900205010 40000000900205009 40000000900205016 40000000900205008 8.01217294887 -5.8271 -9.5863 -22.0074
9.36056 40000000900205009 40000000900205008 40000000900205016 40000000900205007 7.59510714987 -4.81222 -9.34734 -18.3517
9.39609 40000000900205008 40000000900205007 40000000900205016 40000000900205006 7.23627606617 -8.70302 -7.61696 -13.7138
9.5314 40000000900205007 40000000900205006 40000000900205016 40000000900205005 7.00541704554 -17.6543 -1.16311 -20.6489
9.12424 40000000900205054 40000000900205053 40000000900205059 40000000900205052 9.00233985416 1.2221 -12.3842 0.534544
9.14811 40000000900205053 40000000900205051 40000000900205059 40000000900205050 8.44947629437 0.285972 -2.87383 6.95598
9.19433 40000000900205051 40000000900205050 40000000900205059 40000000900205049 8.01217294887 1.12103 -0.703495 8.62091
9.0666 40000000900205077 40000000900205076 40000000900205088 40000000900205075 7.00541704554 -1.77797 7.40971 4.94874
9.04358 40000000900205162 40000000900205161 40000000900205166 40000000900205160 8.9079991856 4.49233 -0.161157 -5.1587
9.10157 40000000900205161 40000000900205159 40000000900205166 40000000900205158 8.01217294887 4.32484 -0.00996625 -5.34545
9.21272 40000000900205159 40000000900205158 40000000900205166 40000000900205157 7.59510714987 3.50281 5.21019 -4.06403
9.30115 40000000900205158 40000000900205157 40000000900205166 40000000900205156 7.23627606617 4.61345 8.28053 -5.12403
9.16407 40000000900205388 40000000900205387 40000000900205393 40000000900205386 8.44947629437 2.88938 0.9845 -4.68156
9.21671 40000000900205387 40000000900205386 40000000900205393 40000000900205385 8.01217294887 2.21251 3.28953 -2.80394
9.27072 40000000900205386 40000000900205385 40000000900205393 40000000900205384 7.59510714987 1.57411 1.26246 -4.84608
9.34313 40000000900205385 40000000900205384 40000000900205393 40000000900205383 7.23627606617 0.35857 2.41805 -2.19793
9.51074 40000000900205384 40000000900205383 40000000900205393 40000000900205382 7.00541704554 3.84835 8.07944 7.28767
9.52657 40000000900205383 40000000900205381 40000000900205393 40000000900205380 6.49159774567 -8.49533 4.27354 -1.23988
9.66655 40000000900205381 40000000900205380 40000000900205393 40000000900205379 6.14490120342 26.9054 41.8247 9.03375
9.71574 40000000900205380 40000000900205379 40000000900205393 40000000900205378 6.01075739884 32.068 45.3714 1.51463
10.1213 40000000900205379 40000000900205371 40000000900205393 40000000900205370 4.17683491473 51.2545 -23.9318 47.5939
10.1846 40000000900205371 40000000900205369 40000000900205393 40000000900205368 3.93726108473 52.2611 -25.3254 55.9717
10.2097 40000000900205369 40000000900205368 40000000900205393 40000000900205367 3.70877426464 56.3359 -32.9697 53.7745
10.2726 40000000900205368 40000000900205367 40000000900205393 40000000900205366 3.49086136926 63.66 -16.5618 43.1336
10.318 40000000900205367 40000000900205366 40000000900205393 40000000900205365 3.28303305796 80.3264 10.4611 14.4263
10.4202 40000000900205366 40000000900205364 40000000900205393 40000000900205363 3.00813107163 133.195 15.0829 -99.4404
10.1373 40000000900205402 40000000900205401 40000000900205418 40000000900205369 4.00794511147 59.8773 -36.1938 53.0001
9.01614 40000000900205438 40000000900205437 40000000900205442 40000000900205436 8.01217294887 2.8176 -3.57417 4.81127
9.03763 40000000900205437 40000000900205436 40000000900205442 40000000900205435 7.59510714987 0.713154 -3.03163 5.26782
9.21671 40000000900205436 40000000900205435 40000000900205442 40000000900205434 7.23627606617 2.45121 -7.30411 0.706209
9.22651 40000000900205435 40000000900205433 40000000900205442 40000000900205432 6.85511726265 2.31544 -5.23427 0.695697
9.37042 40000000900205433 40000000900205432 40000000900205442 40000000900205431 6.49159774567 13.7083 0.626659 12.2636
9.48157 40000000900205432 40000000900205431 40000000900205442 40000000900205430 6.14490120342 10.4206 -4.8493 13.2418
9.49116 40000000900205431 40000000900205430 40000000900205442 40000000900205429 6.01075739884 11.4124 -5.01273 13.4535
9.5207 40000000900205430 40000000900205429 40000000900205442 40000000900205428 5.84661374788 13.9503 -3.69342 10.4025
9.65369 40000000900205429 40000000900205428 40000000900205442 40000000900205427 5.52976580795 7.48574 12.9024 29.2429
9.88401 40000000900205428 40000000900205427 40000000900205442 40000000900205426 5.22758097313 27.7269 5.38671 73.1094
9.96828 40000000900205427 40000000900205426 40000000900205442 40000000900205425 4.99593346816 39.0656 -5.59122 75.1895
10.0445 40000000900205426 40000000900205425 40000000900205442 40000000900205424 4.93938066349 46.5518 -6.74101 68.7534
10.1361 40000000900205425 40000000900205424 40000000900205442 40000000900205423 4.66451770247 53.5625 -29.6683 49.8204
10.138 40000000900205424 40000000900205423 40000000900205442 40000000900205422 4.42803373661 52.7213 -30.6499 53.6287
9.08578 40000000900205469 40000000900205468 40000000900205481 40000000900205467 6.49159774567 -3.38125 0.201789 3.14609
9.10415 40000000900205468 40000000900205463 40000000900205481 40000000900205462 5.22758097313 -2.90166 1.79431 9.95126
9.0098 40000000900205547 40000000900205546 40000000900205551 40000000900205545 6.85511726265 -4.63206 2.91572 4.0969
9.10671 40000000900205546 40000000900205545 40000000900205551 40000000900205544 6.49159774567 0.364384 -0.0626259 5.24101
9.22262 40000000900205545 40000000900205544 40000000900205551 40000000900205543 6.14490120342 -4.46039 1.45724 12.543
9.35338 40000000900205544 40000000900205543 40000000900205551 40000000900205542 6.01075739884 0.704253 -14.6084 12.2106
9.37319 40000000900205543 40000000900205542 40000000900205551 40000000900205541 5.84661374788 2.00583 -9.74471 8.13736
9.41534 40000000900205542 40000000900205541 40000000900205551 40000000900205540 5.52976580795 4.41344 -6.42127 5.45913
9.49536 40000000900205541 40000000900205540 40000000900205551 40000000900205539 5.22758097313 4.5261 -4.61177 3.78329
9.51575 40000000900205540 40000000900205539 40000000900205551 40000000900205538 4.99593346816 3.89344 -5.12369 0.844195
9.5256 40000000900205539 40000000900205538 40000000900205551 40000000900205537 4.93938066349 3.38199 -7.80997 -1.36344
9.0098 40000000900205701 40000000900205700 40000000900205718 40000000900205699 2.73314261732 -5.83107 9.66416 13.4364
9.01298 40000000900205700 40000000900205699 40000000900205718 40000000900205698 2.5772902716 -8.61638 13.0347 10.25
9.00337 40000000900205786 40000000900205785 40000000900205792 40000000900205784 7.00541704554 -7.60859 3.20555 -3.8944
9.02855 40000000900205785 40000000900205772 40000000900205792 40000000900205771 4.00794511147 -5.87415 1.94925 -8.53324
9.05235 40000000900205772 40000000900205771 40000000900205792 40000000900205770 3.93726108473 -6.98169 2.31027 -10.4256
9.00337 40000000900205844 40000000900205843 40000000900205849 40000000900205842 9.38877127194 -1.9417 -5.05936 -0.0840944
9.06378 40000000900205843 40000000900205842 40000000900205849 40000000900205841 9.00233985416 -0.677511 -3.60693 0.757147
9.12668 40000000900205842 40000000900205841 40000000900205849 40000000900205840 8.9079991856 -3.12535 0.867929 -2.52424
9.21272 40000000900205841 40000000900205840 40000000900205849 40000000900205839 8.44947629437 -3.4678 0.120995 -8.19169
9.34313 40000000900205840 40000000900205839 40000000900205849 40000000900205838 8.01217294887 -2.8444 7.23761 -13.2342
9.35048 40000000900205839 40000000900205838 40000000900205849 40000000900205837 7.59510714987 -4.9827 4.41138 -14.118
9.41534 40000000900205838 40000000900205837 40000000900205849 40000000900205836 7.23627606617 -8.07226 1.73971 -14.9114
9.45261 40000000900205837 40000000900205836 40000000900205849 40000000900205835 7.00541704554 -8.23993 1.2011 -13.3167
9.51675 40000000900205836 40000000900205835 40000000900205849 40000000900205834 6.85511726265 -12.0358 2.66053 -8.11788
9.5931 40000000900205835 40000000900205834 40000000900205849 40000000900205833 6.49159774567 -10.6375 12.5234 -18.4877
9.70877 40000000900205834 40000000900205833 40000000900205849 40000000900205832 6.14490120342 -13.7642 6.12702 -21.2071
9.74608 40000000900205833 40000000900205832 40000000900205849 40000000900205831 6.01075739884 -14.1411 11.5956 -24.7675
9.81678 40000000900205832 40000000900205830 40000000900205849 40000000900205829 5.52976580795 -17.9507 9.5134 -26.1642
9.85536 40000000900205830 40000000900205829 40000000900205849 40000000900205828 5.22758097313 -17.8002 6.4779 -28.67
9.91289 40000000900205829 40000000900205828 40000000900205849 40000000900205827 4.99593346816 -23.9785 -1.93014 -29.4383
9.94333 40000000900205828 40000000900205826 40000000900205849 40000000900205825 4.66451770247 -23.6717 19.724 -23.8522
9.95941 40000000900205826 40000000900205825 40000000900205849 40000000900205824 4.42803373661 -19.0431 14.884 -22.3297
10.0098 40000000900205825 40000000900205824 40000000900205849 40000000900205823 4.17683491473 -26.8215 6.86197 -13.4626
10.0313 40000000900205824 40000000900205823 40000000900205849 40000000900205822 4.00794511147 -30.7 5.4252 -22.4671
10.0575 40000000900205823 40000000900205822 40000000900205849 40000000900205821 3.93726108473 -35.2007 5.88976 -17.8586
10.085 40000000900205822 40000000900205821 40000000900205849 40000000900205820 3.70877426464 -34.4251 1.76227 -10.3885
10.4264 40000000900205821 40000000900205816 40000000900205849 40000000900205815 2.89578500573 155.628 8.40546 -73.6574
10.6913 40000000900205816 40000000900205815 40000000900205849 40000000900205814 2.73314261732 135.54 29.8053 -85.0818
9.01614 40000000900205929 40000000900205928 40000000900205936 40000000900205927 4.00794511147 8.15719 21.1603 3.69621
9.04358 40000000900205928 40000000900205927 40000000900205936 40000000900205926 3.93726108473 3.02253 20.8959 6.45506
9.04358 40000000900205969 40000000900205968 40000000900205979 40000000900205967 4.99593346816 -0.296746 2.16162 2.30967
9.14811 40000000900205968 40000000900205966 40000000900205979 40000000900205965 4.66451770247 -2.1913 -4.42554 4.35631
9.2342 40000000900205966 40000000900205964 40000000900205979 40000000900205963 4.17683491473 -2.2931 -11.571 6.60029
9.27072 40000000900205964 40000000900205963 40000000900205979 40000000900205962 4.00794511147 -3.12752 -9.31269 9.29125
9.2862 40000000900205963 40000000900205962 40000000900205979 40000000900205961 3.93726108473 -5.87314 -8.44085 9.5916
9.30602 40000000900205962 40000000900205961 40000000900205979 40000000900205960 3.70877426464 -3.87368 -5.42469 8.40952
9.32958 40000000900205961 40000000900205960 40000000900205979 40000000900205959 3.49086136926 0.795312 -7.32476 10.0846
9.32958 40000000900205960 40000000900205957 40000000900205979 40000000900205956 3.00813107163 -1.82569 -7.49183 7.16225
9.32958 40000000900205957 40000000900205956 40000000900205979 40000000900205955 2.89578500573 -0.178615 -1.31877 9.1792
9.0098 40000000900206019 40000000900206018 40000000900206027 40000000900206017 5.84661374788 1.03866 4.90852 3.76162
9.14108 40000000900206018 40000000900206017 40000000900206027 40000000900206016 5.52976580795 8.11055 -1.87508 8.27493
9.22262 40000000900206017 40000000900206016 40000000900206027 40000000900206015 5.22758097313 12.4639 -11.6475 9.6236
9.44914 40000000900206016 40000000900206015 40000000900206027 40000000900206014 4.99593346816 10.272 -38.226 2.88139
9.01928 40000000900206034 40000000900206033 40000000900206044 40000000900206032 5.84661374788 -6.09256 1.51807 2.70359
9.13154 40000000900206128 40000000900206127 40000000900206135 40000000900206126 8.44947629437 -0.0117207 -1.48148 -1.18223
9.13634 40000000900206127 40000000900206125 40000000900206135 40000000900206124 7.59510714987 -1.19534 -1.98509 -3.62278
9.19223 40000000900206125 40000000900206124 40000000900206135 40000000900206123 7.23627606617 -2.43179 -1.88646 -4.12806
9.2361 40000000900206124 40000000900206123 40000000900206135 40000000900206122 7.00541704554 -4.26744 -2.68175 0.45661
9.25648 40000000900206123 40000000900206122 40000000900206135 40000000900206121 6.85511726265 -3.27434 -0.370919 -1.1385
9.29951 40000000900206122 40000000900206121 40000000900206135 40000000900206120 6.49159774567 -5.25449 -1.23085 -1.86459
9.36481 40000000900206121 40000000900206120 40000000900206135 40000000900206119 6.14490120342 -6.95239 1.75822 -7.49752
9.38547 40000000900206120 40000000900206119 40000000900206135 40000000900206118 6.01075739884 -7.53579 2.66191 -7.14713
9.43737 40000000900206119 40000000900206118 40000000900206135 40000000900206117 5.84661374788 -3.86883 -1.38092 -14.7429
9.43856 40000000900206118 40000000900206117 40000000900206135 40000000900206116 5.52976580795 -5.31949 0.865206 -11.6914
9.53902 40000000900206117 40000000900206116 40000000900206135 40000000900206115 5.22758097313 -5.80323 -5.51211 -5.17125
9.56823 40000000900206116 40000000900206115 40000000900206135 40000000900206114 4.99593346816 -8.4076 -7.54904 -6.10668
9.63969 40000000900206115 40000000900206113 40000000900206135 40000000900206112 4.66451770247 -6.36297 -6.15627 -7.21768
9.67972 40000000900206113 40000000900206112 40000000900206135 40000000900206111 4.42803373661 -6.17312 -8.93816 -3.6056
9.72198 40000000900206112 40000000900206111 40000000900206135 40000000900206110 4.17683491473 -6.88172 -7.11575 -7.37477
9.74491 40000000900206111 40000000900206110 40000000900206135 40000000900206109 4.00794511147 -9.53872 -6.21564 -7.82408
9.75421 40000000900206110 40000000900206109 40000000900206135 40000000900206108 3.93726108473 -10.4047 -5.86926 -8.96844
9.78368 40000000900206109 40000000900206107 40000000900206135 40000000900206106 3.49086136926 -12.1547 -12.6728 -12.8914
9.79743 40000000900206107 40000000900206106 40000000900206135 40000000900206105 3.28303305796 -15.4478 -11.3072 -20.5789
9.8276 40000000900206106 40000000900206105 40000000900206135 40000000900206104 3.08482263583 -8.17852 -9.59041 -25.4331
9.84939 40000000900206105 40000000900206102 40000000900206135 40000000900206101 2.73314261732 -6.71248 -8.62602 -25.3237
9.86124 40000000900206102 40000000900206100 40000000900206135 40000000900206099 2.44422570455 -3.87738 -4.00193 -28.5723
9.06096 40000000900206217 40000000900206216 40000000900206227 40000000900206215 5.52976580795 -3.39198 1.0465 3.49809
9.06378 40000000900206216 40000000900206215 40000000900206227 40000000900206214 5.22758097313 -3.50806 2.50769 1.3622
9.08578 40000000900206215 40000000900206214 40000000900206227 40000000900206213 4.99593346816 -3.56867 6.49482 0.998841
9.1193 40000000900206214 40000000900206212 40000000900206227 40000000900206211 4.66451770247 -4.44798 7.12404 2.0441
9.12668 40000000900206212 40000000900206210 40000000900206227 40000000900206209 4.17683491473 -2.84447 5.45798 -0.944792
9.12912 40000000900206210 40000000900206208 40000000900206227 40000000900206207 3.93726108473 -1.66406 2.25578 0.17865
9.19223 40000000900206208 40000000900206207 40000000900206227 40000000900206206 3.70877426464 -4.4958 6.96522 2.61863
9.19433 40000000900206207 40000000900206203 40000000900206227 40000000900206202 3.00813107163 -6.95929 2.20477 -1.24561
9.5256 40000000900206203 40000000900206195 40000000900206227 40000000900206194 2.00202813925 -30.4575 22.2665 -33.0754
9.05235 40000000900206424 40000000900206423 40000000900206431 40000000900206422 9.38877127194 -1.77388 3.05998 -0.17489
9.15042 40000000900206423 40000000900206422 40000000900206431 40000000900206421 9.00233985416 -2.54981 -0.169276 0.739709
9.19433 40000000900206422 40000000900206420 40000000900206431 40000000900206419 8.44947629437 -2.48142 0.219774 0.548807
9.33415 40000000900206420 40000000900206419 40000000900206431 40000000900206418 8.01217294887 -3.78669 -4.34429 -3.27664
9.37595 40000000900206419 40000000900206418 40000000900206431 40000000900206417 7.59510714987 -2.87027 -4.96268 -1.89512
9.38005 40000000900206418 40000000900206417 40000000900206431 40000000900206416 7.23627606617 -1.39274 -1.26043 0.933491
9.41784 40000000900206417 40000000900206416 40000000900206431 40000000900206415 7.00541704554 0.998179 -2.49595 -1.48777
9.41909 40000000900206416 40000000900206415 40000000900206431 40000000900206414 6.85511726265 -1.45551 -2.84837 0.332096
9.51475 40000000900206415 40000000900206414 40000000900206431 40000000900206413 6.49159774567 4.79239 -6.68974 -11.3383
9.51774 40000000900206414 40000000900206413 40000000900206431 40000000900206412 6.14490120342 6.76951 -4.2253 -8.67444
9.52754 40000000900206413 40000000900206412 40000000900206431 40000000900206411 6.01075739884 9.05449 0.89439 -19.0194
9.54465 40000000900206412 40000000900206411 40000000900206431 40000000900206410 5.84661374788 6.24584 -4.75542 -11.562
9.54558 40000000900206411 40000000900206410 40000000900206431 40000000900206409 5.52976580795 9.28962 -3.86839 -13.7684
9.67767 40000000900206410 40000000900206409 40000000900206431 40000000900206408 5.22758097313 11.0117 -6.82662 -14.1855
9.68918 40000000900206409 40000000900206405 40000000900206431 40000000900206404 4.42803373661 4.7649 -6.33147 -11.8433
9.717 40000000900206405 40000000900206404 40000000900206431 40000000900206403 4.17683491473 5.63915 -5.98228 -10.975
9.72507 40000000900206404 40000000900206403 40000000900206431 40000000900206402 4.00794511147 4.61789 -7.48402 -10.1594
9.73299 40000000900206403 40000000900206401 40000000900206431 40000000900206400 3.70877426464 1.16107 -16.4822 -11.7935
9.77003 40000000900206401 40000000900206400 40000000900206431 40000000900206399 3.49086136926 -1.88352 -13.4676 -14.3211
9.78314 40000000900206400 40000000900206399 40000000900206431 40000000900206398 3.28303305796 -2.48387 -12.5868 -18.0277
9.78636 40000000900206399 40000000900206393 40000000900206431 40000000900206392 2.44422570455 -5.06102 -1.88483 -25.4938
9.78795 40000000900206393 40000000900206391 40000000900206431 40000000900206390 2.20792547238 -3.69285 -3.25181 -27.9704
9.78902 40000000900206391 40000000900206390 40000000900206431 40000000900206389 2.1032696526 -11.6227 -5.44023 -24.6423
9.02239 40000000900206778 40000000900206777 40000000900206781 40000000900206776 7.59510714987 -0.951216 -6.69717 3.07504
9.13871 40000000900206777 40000000900206776 40000000900206781 40000000900206775 7.23627606617 -0.828999 -6.29116 8.72614
9.15502 40000000900206776 40000000900206775 40000000900206781 40000000900206774 7.00541704554 -0.2924 -6.2006 7.9105
9.22066 40000000900206775 40000000900206774 40000000900206781 40000000900206773 6.85511726265 -5.19012 -14.3053 0.426458
9.26008 40000000900206774 40000000900206772 40000000900206781 40000000900206771 6.14490120342 -2.55314 -7.74103 8.41873
9.2862 40000000900206772 40000000900206771 40000000900206781 40000000900206770 6.01075739884 0.896058 -6.93778 10.0494
9.28956 40000000900206771 40000000900206770 40000000900206781 40000000900206769 5.84661374788 -0.555822 -1.58168 9.34523
9.37042 40000000900206770 40000000900206769 40000000900206781 40000000900206768 5.52976580795 -10.0679 2.149 22.6026
9.50567 40000000900206769 40000000900206768 40000000900206781 40000000900206767 5.22758097313 -8.41079 2.30726 4.57899
9.71637 40000000900206768 40000000900206766 40000000900206781 40000000900206765 4.93938066349 -11.0059 6.19808 11.8061
9.7348 40000000900206766 40000000900206765 40000000900206781 40000000900206764 4.66451770247 -7.00344 0.268016 4.48295
9.7366 40000000900206765 40000000900206764 40000000900206781 40000000900206763 4.42803373661 8.12953 11.1539 -6.86067
9.83339 40000000900206764 40000000900206763 40000000900206781 40000000900206762 4.17683491473 -2.16079 4.66569 3.01748
9.85353 40000000900206763 40000000900206762 40000000900206781 40000000900206761 4.00794511147 -0.767904 0.997554 5.33262
9.85853 40000000900206762 40000000900206760 40000000900206781 40000000900206759 3.70877426464 -1.17579 4.50878 4.96105
10.0724 40000000900206760 40000000900206757 40000000900206781 40000000900206756 3.08482263583 55.5592 -41.8666 17.8807
10.1233 40000000900206757 40000000900206756 40000000900206781 40000000900206755 3.00813107163 60.4364 -44.8091 -3.73303
10.1692 40000000900206756 40000000900206755 40000000900206781 40000000900206754 2.89578500573 60.9653 -30.3692 -15.9493
10.2218 40000000900206755 40000000900206754 40000000900206781 40000000900206753 2.73314261732 57.7575 -29.9035 -31.4719
10.286 40000000900206754 40000000900206753 40000000900206781 40000000900206752 2.5772902716 49.8888 -24.0723 -22.4659
10.3036 40000000900206753 40000000900206752 40000000900206781 40000000900206751 2.44422570455 37.1984 -36.7303 -1.24192
10.3254 40000000900206752 40000000900206751 40000000900206781 40000000900206750 2.31611074396 18.2347 -41.3279 16.8432
10.3486 40000000900206751 40000000900206750 40000000900206781 40000000900206749 2.20792547238 48.3309 -58.3882 -22.211
10.3624 40000000900206750 40000000900206749 40000000900206781 40000000900206748 2.1032696526 30.7586 -61.1306 -9.00579
10.3624 40000000900206749 40000000900206748 40000000900206781 40000000900206747 2.00202813925 -3.25006 -59.0894 25.927
10.3773 40000000900206748 40000000900206747 40000000900206781 40000000900206746 1.90408954353 -25.2373 -67.267 37.5225
10.378 40000000900206747 40000000900206744 40000000900206781 40000000900206743 1.66666955611 -7.67137 -63.9793 -1.18818
10.3958 40000000900206744 40000000900206742 40000000900206781 40000000900206741 1.53123902916 8.31424 -63.5498 11.4923
10.4166 40000000900206742 40000000900206741 40000000900206781 40000000900206740 1.47197484527 4.69362 -74.3447 7.47974
10.4341 40000000900206741 40000000900206739 40000000900206781 40000000900206738 1.3575766674 1.74491 -75.8563 13.2582
10.4717 40000000900206739 40000000900206738 40000000900206781 40000000900206737 1.30237845991 -10.0075 -80.2495 19.3567
9.13154 40000000900206792 40000000900206791 40000000900206802 40000000900206790 5.52976580795 -3.89103 -8.49832 -13.9089
9.65151 40000000900206791 40000000900206789 40000000900206802 40000000900206766 4.99593346816 -16.3406 1.90416 11.7595
9.01928 40000000900206885 40000000900206884 40000000900206893 40000000900206883 5.52976580795 7.02972 -8.62689 -0.621716
9.08309 40000000900206884 40000000900206883 40000000900206893 40000000900206882 5.22758097313 8.13661 -7.93394 3.85344
9.13634 40000000900206883 40000000900206882 40000000900206893 40000000900206881 4.99593346816 5.43643 -1.33433 -0.970918
9.14811 40000000900206882 40000000900206881 40000000900206893 40000000900206880 4.93938066349 4.7296 -1.86737 0.73784
9.18162 40000000900206881 40000000900206879 40000000900206893 40000000900206878 4.42803373661 4.8184 2.25079 -3.04537
9.34902 40000000900206879 40000000900206878 40000000900206893 40000000900206877 4.17683491473 13.266 21.2768 -0.0119398
9.41909 40000000900206878 40000000900206877 40000000900206893 40000000900206876 4.00794511147 15.9495 16.779 1.14451
9.44797 40000000900206877 40000000900206876 40000000900206893 40000000900206875 3.93726108473 14.8546 15.6858 0.813015
9.45145 40000000900206876 40000000900206875 40000000900206893 40000000900206874 3.70877426464 14.6593 13.6776 4.02349
9.13394 40000000900206965 40000000900206964 40000000900206969 40000000900206963 7.23627606617 -3.36083 10.3277 3.31237
9.13871 40000000900206964 40000000900206962 40000000900206969 40000000900206961 6.85511726265 -5.54091 6.88764 -1.29697
9.23037 40000000900206962 40000000900206961 40000000900206969 40000000900206960 6.49159774567 -12.2723 1.77958 4.88543
9.26365 40000000900206961 40000000900206958 40000000900206969 40000000900206957 5.84661374788 -8.19998 7.39935 4.08022
9.43136 40000000900206958 40000000900206956 40000000900206969 40000000900206955 5.22758097313 -8.07021 3.82033 9.16263
9.53428 40000000900206956 40000000900206952 40000000900206969 40000000900206951 4.42803373661 5.14427 13.4149 15.2263
9.59059 40000000900206952 40000000900206951 40000000900206969 40000000900206950 4.17683491473 11.3165 10.4022 13.753
9.61584 40000000900206951 40000000900206948 40000000900206969 40000000900206947 3.70877426464 3.18165 5.84205 18.7151
9.68244 40000000900206948 40000000900206946 40000000900206969 40000000900206945 3.28303305796 -1.31568 11.6849 22.5069
9.70813 40000000900206946 40000000900206945 40000000900206969 40000000900206944 3.08482263583 -4.58266 16.8647 23.8989
9.717 40000000900206945 40000000900206944 40000000900206969 40000000900206943 3.00813107163 -7.47936 13.8882 29.1837
9.74958 40000000900206944 40000000900206943 40000000900206969 40000000900206942 2.89578500573 -9.86565 11.9119 29.362
9.75075 40000000900206943 40000000900206942 40000000900206969 40000000900206941 2.73314261732 -7.59312 15.3657 29.1468
9.15502 40000000900207043 40000000900207042 40000000900207055 40000000900207041 6.49159774567 12.6296 4.02328 8.84607
9.1573 40000000900207042 40000000900207036 40000000900207055 40000000900207035 4.99593346816 -10.079 -3.064 1.20142
9.18376 40000000900207036 40000000900207035 40000000900207055 40000000900207034 4.93938066349 -8.23981 -2.22751 2.57691
9.22845 40000000900207035 40000000900207034 40000000900207055 40000000900207033 4.66451770247 -3.92169 -2.07306 1.59853
9.23799 40000000900207034 40000000900207033 40000000900207055 40000000900207032 4.42803373661 -3.31502 -1.76429 0.586852
9.25648 40000000900207033 40000000900207032 40000000900207055 40000000900207031 4.17683491473 -1.969 -0.375179 -2.85564
9.26187 40000000900207032 40000000900207031 40000000900207055 40000000900207030 4.00794511147 0.899059 1.02399 -0.988868
9.30602 40000000900207031 40000000900207030 40000000900207055 40000000900207029 3.93726108473 6.10877 4.53435 -0.301612
9.33866 40000000900207030 40000000900207029 40000000900207055 40000000900207028 3.70877426464 8.06174 4.88479 9.68777
9.53044 40000000900207029 40000000900207027 40000000900207055 40000000900207026 3.08482263583 23.7363 7.57439 23.2875
9.55113 40000000900207027 40000000900207026 40000000900207055 40000000900207025 3.00813107163 29.5989 7.5207 22.8515
9.13154 40000000900207071 40000000900207070 40000000900207078 40000000900207069 6.01075739884 5.02661 0.777906 -3.00275
9.16407 40000000900207070 40000000900207069 40000000900207078 40000000900207068 5.84661374788 -0.552032 -1.43663 -2.62229
9.18376 40000000900207069 40000000900207057 40000000900207078 40000000900207056 3.28303305796 15.9056 -11.161 -1.20834
9.00337 40000000900207263 40000000900207262 40000000900207268 40000000900207261 7.59510714987 4.36437 -18.7579 -3.25321
9.09375 40000000900207262 40000000900207260 40000000900207268 40000000900207259 7.00541704554 3.13729 -24.438 3.71363
9.13634 40000000900207260 40000000900207259 40000000900207268 40000000900207258 6.85511726265 3.60969 -17.0965 6.18829
9.2672 40000000900207259 40000000900207258 40000000900207268 40000000900207257 6.49159774567 -0.796052 -13.0637 9.83118
9.45261 40000000900207258 40000000900207257 40000000900207268 40000000900207256 6.14490120342 -18.6611 -3.41801 14.3079
9.71574 40000000900207257 40000000900207254 40000000900207268 40000000900207253 5.52976580795 -4.53346 -30.8896 -4.86028
9.77608 40000000900207254 40000000900207253 40000000900207268 40000000900207252 5.22758097313 -9.43786 -27.2982 -8.44763
9.81127 40000000900207253 40000000900207252 40000000900207268 40000000900207251 4.99593346816 -7.28088 -29.2426 -9.56737
9.85124 40000000900207252 40000000900207251 40000000900207268 40000000900207250 4.93938066349 -15.8545 -30.0055 -20.4199
9.92857 40000000900207251 40000000900207250 40000000900207268 40000000900207249 4.66451770247 -18.9758 -40.3825 -27.8094
9.93507 40000000900207250 40000000900207249 40000000900207268 40000000900207248 4.42803373661 -11.6835 -33.0349 -16.4645
9.97629 40000000900207249 40000000900207248 40000000900207268 40000000900207247 4.17683491473 -13.2922 -27.0092 -30.0018
9.99287 40000000900207248 40000000900207247 40000000900207268 40000000900207246 4.00794511147 -9.32485 -37.0361 -24.7464
10.0104 40000000900207247 40000000900207246 40000000900207268 40000000900207245 3.93726108473 -14.5131 -27.3637 -29.3786
10.0555 40000000900207246 40000000900207245 40000000900207268 40000000900207244 3.70877426464 -9.25021 -26.8507 -12.3141
10.1245 40000000900207245 40000000900207244 40000000900207268 40000000900207243 3.49086136926 -14.1868 -45.0206 -13.2647
10.1267 40000000900207244 40000000900207243 40000000900207268 40000000900207242 3.28303305796 -11.9094 -44.1885 -11.1434
10.1672 40000000900207243 40000000900207242 40000000900207268 40000000900207241 3.08482263583 -13.1647 -45.1138 -16.6438
10.1707 40000000900207242 40000000900207241 40000000900207268 40000000900207240 3.00813107163 -9.18152 -47.1895 -13.7323
10.1792 40000000900207241 40000000900207240 40000000900207268 40000000900207239 2.89578500573 -15.4411 -52.5636 -16.0926
10.204 40000000900207240 40000000900207239 40000000900207268 40000000900207238 2.73314261732 -12.2553 -47.4286 -10.9332
10.2071 40000000900207239 40000000900207238 40000000900207268 40000000900207237 2.5772902716 -17.2416 -43.7217 -6.96175
10.2306 40000000900207238 40000000900207237 40000000900207268 40000000900207236 2.44422570455 -24.1721 -37.6884 -17.4994
10.2429 40000000900207237 40000000900207236 40000000900207268 40000000900207235 2.31611074396 -22.0682 -37.5673 -12.8842
10.2617 40000000900207236 40000000900207235 40000000900207268 40000000900207234 2.20792547238 -22.8695 -31.1513 -24.7809
10.2982 40000000900207235 40000000900207234 40000000900207268 40000000900207233 2.1032696526 -24.0621 -21.5227 -24.71
10.3078 40000000900207234 40000000900207233 40000000900207268 40000000900207232 2.00202813925 -29.5627 -30.3 -22.4361
10.3135 40000000900207233 40000000900207232 40000000900207268 40000000900207231 1.90408954353 -28.9484 -37.9012 -9.18693
10.3516 40000000900207232 40000000900207231 40000000900207268 40000000900207230 1.82268925262 -31.3247 -30.75 7.83917
10.3802 40000000900207231 40000000900207230 40000000900207268 40000000900207229 1.74357057433 -30.1236 -39.0673 5.66625
10.397 40000000900207230 40000000900207229 40000000900207268 40000000900207228 1.66666955611 -49.4084 -45.735 31.3856
10.4397 40000000900207229 40000000900207228 40000000900207268 40000000900207227 1.60423452207 -97.3522 -88.2691 82.2119
10.4513 40000000900207228 40000000900207227 40000000900207268 40000000900207226 1.53123902916 -113.877 -89.0864 95.5748
10.4676 40000000900207227 40000000900207226 40000000900207268 40000000900207225 1.47197484527 -121.85 -89.6761 108.443
10.4725 40000000900207226 40000000900207225 40000000900207268 40000000900207224 1.41409822037 -128.217 -85.4601 110.144
10.4811 40000000900207225 40000000900207224 40000000900207268 40000000900207223 1.3575766674 -142.638 -93.5393 111.511
10.4976 40000000900207224 40000000900207222 40000000900207268 40000000900207221 1.24847261425 -151.021 -86.6715 95.6985
10.5232 40000000900207222 40000000900207221 40000000900207268 40000000900207220 1.20625808078 -147.554 -102.417 109.207
10.5751 40000000900207221 40000000900207218 40000000900207268 40000000900207217 1.07445789455 -254.311 -140.656 167.917
10.6063 40000000900207218 40000000900207217 40000000900207268 40000000900207216 1.03551044566 -305.657 -151.799 193.763
10.6404 40000000900207217 40000000900207214 40000000900207268 40000000900207213 0.950531351585 -384.886 -169.935 206.999
10.6506 40000000900207214 40000000900207212 40000000900207268 40000000900207211 0.886896937575 -344.601 -198.724 194.775
10.6874 40000000900207212 40000000900207211 40000000900207268 40000000900207210 0.851470900625 -326.938 -192.371 197.908
10.717 40000000900207211 40000000900207210 40000000900207268 40000000900207209 0.816709979012 -234.375 -197.834 188.75
9.00337 40000000900207323 40000000900207322 40000000900207332 40000000900207321 7.23627606617 9.19163 6.7267 -1.19056
9.03763 40000000900207322 40000000900207321 40000000900207332 40000000900207320 7.00541704554 8.37599 8.62678 -0.50789
9.0666 40000000900207321 40000000900207320 40000000900207332 40000000900207319 6.85511726265 6.55385 7.50624 -0.134096
9.13394 40000000900207320 40000000900207319 40000000900207332 40000000900207318 6.49159774567 7.29853 3.74409 1.01725
9.15042 40000000900207319 40000000900207318 40000000900207332 40000000900207317 6.14490120342 6.28278 2.0312 -0.88299
9.15502 40000000900207318 40000000900207314 40000000900207332 40000000900207313 5.22758097313 3.06968 1.51304 -0.718963
9.19641 40000000900207314 40000000900207313 40000000900207332 40000000900207312 4.99593346816 3.30367 6.32323 -1.7064
9.01614 40000000900207427 40000000900207426 40000000900207438 40000000900207425 4.99593346816 -4.94906 -0.852758 4.78261
9.0666 40000000900207426 40000000900207424 40000000900207438 40000000900207423 4.66451770247 -2.53605 1.02627 7.21881
9.09898 40000000900207424 40000000900207423 40000000900207438 40000000900207422 4.42803373661 -1.84807 -0.33714 1.37294
9.13154 40000000900207423 40000000900207422 40000000900207438 40000000900207421 4.17683491473 -4.31186 0.0517159 6.31301
9.16852 40000000900207422 40000000900207419 40000000900207438 40000000900207418 3.70877426464 -4.20989 0.722808 8.24463
9.22262 40000000900207419 40000000900207418 40000000900207438 40000000900207417 3.49086136926 -5.47389 1.89332 7.19566
9.27072 40000000900207418 40000000900207415 40000000900207438 40000000900207414 3.00813107163 -6.20496 2.64358 11.3717
9.27938 40000000900207415 40000000900207410 40000000900207438 40000000900207409 2.31611074396 -2.10128 6.24414 4.66853
9.16852 40000000900207544 40000000900207543 40000000900207557 40000000900207542 4.66451770247 19.5124 7.04754 13.6414
9.2026 40000000900207543 40000000900207542 40000000900207557 40000000900207541 4.42803373661 18.7375 9.50587 7.04317
9.24918 40000000900207542 40000000900207541 40000000900207557 40000000900207540 4.17683491473 18.2346 7.89509 9.80325
9.26365 40000000900207541 40000000900207540 40000000900207557 40000000900207539 4.00794511147 18.9014 7.84484 7.78139
9.27072 40000000900207540 40000000900207539 40000000900207557 40000000900207538 3.93726108473 17.6946 8.45445 7.54762
9.34165 40000000900207539 40000000900207538 40000000900207557 40000000900207537 3.70877426464 20.2904 15.46 3.43788
9.53044 40000000900207538 40000000900207537 40000000900207557 40000000900207536 3.49086136926 23.6537 -16.684 -4.80624
9.58298 40000000900207537 40000000900207533 40000000900207557 40000000900207532 2.89578500573 14.467 -4.95619 1.08509
9.5931 40000000900207533 40000000900207532 40000000900207557 40000000900207531 2.73314261732 16.1022 -1.80243 7.24313
9.72996 40000000900207532 40000000900207531 40000000900207557 40000000900207530 2.5772902716 5.35645 25.0059 17.1611
9.84428 40000000900207531 40000000900207530 40000000900207557 40000000900207529 2.44422570455 2.07081 27.7772 14.0527
9.90646 40000000900207530 40000000900207529 40000000900207557 40000000900207528 2.31611074396 11.001 23.8897 13.7701
9.92934 40000000900207529 40000000900207528 40000000900207557 40000000900207527 2.20792547238 5.81176 19.4596 19.9776
10.0024 40000000900207528 40000000900207527 40000000900207557 40000000900207526 2.1032696526 25.0363 27.4151 17.1395
10.0702 40000000900207527 40000000900207526 40000000900207557 40000000900207525 2.00202813925 43.1597 29.104 8.88232
10.085 40000000900207526 40000000900207524 40000000900207557 40000000900207523 1.82268925262 62.4962 34.2374 -6.01058
9.49221 40000000900207572 40000000900207571 40000000900207591 40000000900207534 3.08482263583 9.66335 -8.92976 5.48499
9.08038 40000000900207618 40000000900207617 40000000900207630 40000000900207616 3.49086136926 -15.1592 -7.27306 7.68398
9.25648 40000000900207617 40000000900207616 40000000900207630 40000000900207615 3.28303305796 -10.1237 -4.45561 3.5597
9.2929 40000000900207616 40000000900207615 40000000900207630 40000000900207614 3.08482263583 -13.1443 -4.52515 3.00735
9.01928 40000000900207653 40000000900207652 40000000900207671 40000000900207651 2.31611074396 -15.1637 -7.16213 0.330245
9.04358 40000000900207740 40000000900207739 40000000900207758 40000000900207738 4.17683491473 4.32249 1.13421 6.19673
9.06378 40000000900207739 40000000900207738 40000000900207758 40000000900207737 4.00794511147 4.84209 -0.349784 8.76355
9.13871 40000000900207738 40000000900207736 40000000900207758 40000000900207735 3.70877426464 2.3658 3.81765 2.71329
9.14578 40000000900207736 40000000900207735 40000000900207758 40000000900207734 3.49086136926 3.08337 2.83807 6.35867
9.17293 40000000900207735 40000000900207734 40000000900207758 40000000900207733 3.28303305796 -0.732191 3.28912 7.67288
9.21272 40000000900207734 40000000900207733 40000000900207758 40000000900207732 3.08482263583 -1.5201 6.42903 7.73102
9.30923 40000000900207733 40000000900207731 40000000900207758 40000000900207730 2.89578500573 -0.277209 8.43563 11.2151
9.31083 40000000900207731 40000000900207730 40000000900207758 40000000900207729 2.73314261732 -3.95558 9.07345 12.2609
9.18802 40000000900207931 40000000900207930 40000000900207936 40000000900207929 5.22758097313 -7.50588 -20.2132 -5.69427
9.2361 40000000900207930 40000000900207929 40000000900207936 40000000900207928 4.99593346816 -11.3637 -10.7736 -10.1032
9.37732 40000000900207929 40000000900207925 40000000900207936 40000000900207924 4.17683491473 -1.5515 -10.9618 5.37276
9.40001 40000000900207925 40000000900207924 40000000900207936 40000000900207923 4.00794511147 -4.39945 -3.99815 4.55713
9.4651 40000000900207924 40000000900207922 40000000900207936 40000000900207921 3.70877426464 -7.75947 -11.349 7.76313
9.50465 40000000900207922 40000000900207921 40000000900207936 40000000900207920 3.49086136926 -3.6309 -4.7951 4.22467
9.5207 40000000900207921 40000000900207920 40000000900207936 40000000900207919 3.28303305796 -1.09525 -4.91328 5.52764
9.52754 40000000900207920 40000000900207917 40000000900207936 40000000900207916 2.89578500573 -7.68986 1.76871 -6.20174
9.54091 40000000900207917 40000000900207916 40000000900207936 40000000900207915 2.73314261732 -9.56758 -13.8215 -6.5751
9.6573 40000000900207916 40000000900207915 40000000900207936 40000000900207914 2.5772902716 -19.9741 -18.518 -9.55508
9.67075 40000000900207915 40000000900207913 40000000900207936 40000000900207912 2.31611074396 -26.059 -10.7971 -20.2143
9.72136 40000000900207913 40000000900207910 40000000900207936 40000000900207909 2.00202813925 -12.9149 -9.69912 -11.5396
9.75421 40000000900207910 40000000900207909 40000000900207936 40000000900207908 1.90408954353 -8.83797 -5.40125 -9.6364
9.76444 40000000900207909 40000000900207908 40000000900207936 40000000900207907 1.82268925262 -13.2911 -10.658 -11.7237
9.09375 40000000900208124 40000000900208123 40000000900208128 40000000900208122 7.59510714987 2.66102 2.12223 6.82573
9.12668 40000000900208123 40000000900208122 40000000900208128 40000000900208121 7.23627606617 1.13124 2.44215 5.68591
9.20055 40000000900208122 40000000900208121 40000000900208128 40000000900208120 7.00541704554 1.58157 -2.4509 4.21808
9.23037 40000000900208121 40000000900208120 40000000900208128 40000000900208119 6.85511726265 0.0295239 -2.79656 -0.647065
9.39081 40000000900208120 40000000900208119 40000000900208128 40000000900208118 6.49159774567 -7.09913 5.62231 -11.3229
9.51175 40000000900208119 40000000900208118 40000000900208128 40000000900208117 6.14490120342 -9.85318 7.52001 -12.3071
9.55204 40000000900208118 40000000900208117 40000000900208128 40000000900208116 6.01075739884 -13.1256 7.38492 -12.7685
9.56111 40000000900208117 40000000900208116 40000000900208128 40000000900208115 5.84661374788 -8.89816 7.40432 -12.3331
9.59059 40000000900208116 40000000900208115 40000000900208128 40000000900208114 5.52976580795 -6.27904 7.83375 -10.0036
9.64638 40000000900208115 40000000900208114 40000000900208128 40000000900208113 5.22758097313 -6.54201 3.62124 -9.74218
9.70813 40000000900208114 40000000900208113 40000000900208128 40000000900208112 4.99593346816 -6.00753 0.84225 -11.0426
9.72813 40000000900208113 40000000900208112 40000000900208128 40000000900208111 4.93938066349 -14.4517 6.53082 -14.6676
9.75822 40000000900208112 40000000900208110 40000000900208128 40000000900208109 4.42803373661 -9.81737 -1.14694 -10.1956
9.79377 40000000900208110 40000000900208108 40000000900208128 40000000900208107 4.00794511147 -14.931 -3.23031 -13.9549
9.84194 40000000900208108 40000000900208106 40000000900208128 40000000900208105 3.70877426464 -12.528 -13.5432 -15.9643
9.96475 40000000900208106 40000000900208105 40000000900208128 40000000900208104 3.49086136926 9.25925 -65.6701 -18.6651
9.96898 40000000900208105 40000000900208095 40000000900208128 40000000900208094 2.1032696526 -6.28173 -19.1978 -25.0255
