logMh | fpID | subhaloID | main leaf ID | descID |  z
9.04945 50000003400058676 50000003400058675 50000003400058682 50000003400058674 8.44947629437 1.27447 2.44497 -4.6989
9.58127 50000003400058675 50000003400058674 50000003400058682 50000003400058673 8.01217294887 15.084 -2.92227 -5.84072
10.0239 50000003400058674 50000003400058672 50000003400058682 50000003400058671 7.23627606617 25.5227 -7.94952 -8.45142
10.1213 50000003400058672 50000003400058671 50000003400058682 50000003400058670 7.00541704554 37.7929 -12.1116 1.55915
10.1654 50000003400058671 50000003400058670 50000003400058682 50000003400058669 6.85511726265 27.3276 -3.54846 1.27673
10.283 50000003400058670 50000003400058669 50000003400058682 50000003400058668 6.49159774567 52.7266 -19.3436 -12.0185
10.4003 50000003400058669 50000003400058668 50000003400058682 50000003400058667 6.14490120342 59.3349 -32.6702 -33.9798
10.4166 50000003400058668 50000003400058667 50000003400058682 50000003400058666 6.01075739884 64.7106 -39.8623 -34.9666
10.4665 50000003400058667 50000003400058666 50000003400058682 50000003400058665 5.84661374788 61.4368 -34.5686 -40.3314
10.4914 50000003400058666 50000003400058665 50000003400058682 50000003400058664 5.52976580795 60.1538 -27.6914 -50.8423
10.5095 50000003400058665 50000003400058664 50000003400058682 50000003400058663 5.22758097313 58.5722 -23.5863 -46.856
10.5879 50000003400058664 50000003400058663 50000003400058682 50000003400058662 4.99593346816 24.2052 -55.6552 -22.2446
10.5975 50000003400058663 50000003400058662 50000003400058682 50000003400058661 4.93938066349 16.3439 -56.2506 -14.671
10.6664 50000003400058662 50000003400058661 50000003400058682 50000003400058660 4.66451770247 9.51526 -40.8636 2.69217
10.7732 50000003400058661 50000003400058660 50000003400058682 50000003400058659 4.42803373661 15.5845 -26.7915 26.7951
10.8226 50000003400058660 50000003400058659 50000003400058682 50000003400058658 4.17683491473 -12.7124 -78.0846 36.388
10.8699 50000003400058659 50000003400058658 50000003400058682 50000003400058657 4.00794511147 -7.14736 -82.5629 63.443
10.8912 50000003400058658 50000003400058657 50000003400058682 50000003400058656 3.93726108473 26.7304 -77.6298 37.2099
10.9593 50000003400058657 50000003400058656 50000003400058682 50000003400058655 3.70877426464 73.3947 -102.048 -9.19057
11.0262 50000003400058656 50000003400058655 50000003400058682 50000003400058654 3.49086136926 137.385 -168.88 -81.329
11.0813 50000003400058655 50000003400058654 50000003400058682 50000003400058653 3.28303305796 172.267 -184.812 -139.122
11.1342 50000003400058654 50000003400058653 50000003400058682 50000003400058652 3.08482263583 199.584 -219.274 -182.113
11.1351 50000003400058653 50000003400058652 50000003400058682 50000003400058651 3.00813107163 197.742 -206.181 -184.66
11.1523 50000003400058652 50000003400058651 50000003400058682 50000003400058650 2.89578500573 191.127 -219.068 -188.242
11.1852 50000003400058651 50000003400058650 50000003400058682 50000003400058649 2.73314261732 186.425 -222.325 -188.532
11.1971 50000003400058650 50000003400058649 50000003400058682 50000003400058648 2.5772902716 163.047 -233.343 -214.967
11.2067 50000003400058649 50000003400058644 50000003400058682 50000003400058643 2.00202813925 181.206 -220.094 -188.649
11.2097 50000003400058644 50000003400058643 50000003400058682 50000003400058642 1.90408954353 212.682 -169.443 -158.308
11.2187 50000003400058643 50000003400058642 50000003400058682 50000003400058641 1.82268925262 219.379 -162.356 -155.341
11.2332 50000003400058642 50000003400058641 50000003400058682 50000003400058640 1.74357057433 216.0 -152.611 -180.892
11.2397 50000003400058641 50000003400058640 50000003400058682 50000003400058639 1.66666955611 237.398 -143.705 -179.862
11.2542 50000003400058640 50000003400058639 50000003400058682 50000003400058638 1.60423452207 225.778 -175.475 -202.922
11.2686 50000003400058639 50000003400058638 50000003400058682 50000003400058637 1.53123902916 197.103 -212.708 -224.153
11.2851 50000003400058638 50000003400058637 50000003400058682 50000003400058636 1.47197484527 201.904 -217.776 -214.718
11.3247 50000003400058637 50000003400058636 50000003400058682 50000003400058635 1.41409822037 250.663 -241.84 -238.506
11.3623 50000003400058636 50000003400058635 50000003400058682 50000003400058634 1.3575766674 272.964 -234.244 -219.681
11.4099 50000003400058635 50000003400058634 50000003400058682 50000003400058633 1.30237845991 278.538 -222.657 -260.915
11.4545 50000003400058634 50000003400058633 50000003400058682 50000003400058632 1.24847261425 213.957 -206.606 -288.12
11.4896 50000003400058633 50000003400058632 50000003400058682 50000003400058631 1.20625808078 214.711 -175.656 -259.794
11.5224 50000003400058632 50000003400058631 50000003400058682 50000003400058630 1.15460271236 210.305 -156.528 -256.381
11.5295 50000003400058631 50000003400058630 50000003400058682 50000003400058629 1.11415056377 193.73 -139.602 -228.515
11.556 50000003400058630 50000003400058629 50000003400058682 50000003400058628 1.07445789455 167.688 -141.081 -225.71
11.5755 50000003400058629 50000003400058628 50000003400058682 50000003400058627 1.03551044566 149.528 -145.21 -239.828
11.5804 50000003400058628 50000003400058627 50000003400058682 50000003400058626 0.997294225782 130.175 -158.222 -264.808
9.81026 50000003400058684 50000003400058683 50000003400058686 50000003400058672 7.59510714987 25.527 -9.04734 -2.62555
9.00012 50000003400058708 50000003400058707 50000003400058713 50000003400058706 10.3674435724 5.93836 -5.24222 0.48075
9.03763 50000003400058707 50000003400058706 50000003400058713 50000003400058705 9.99659046619 4.72767 -2.84373 0.994103
9.0666 50000003400058706 50000003400058704 50000003400058713 50000003400058703 9.38877127194 4.0747 -3.09272 0.368842
9.12668 50000003400058704 50000003400058703 50000003400058713 50000003400058702 9.00233985416 3.08072 -1.93496 -0.109008
9.14108 50000003400058703 50000003400058702 50000003400058713 50000003400058701 8.9079991856 4.23306 -2.48881 0.799445
9.09375 50000003400058786 50000003400058785 50000003400058789 50000003400058784 10.3674435724 -2.30194 4.61585 11.4207
9.17729 50000003400058785 50000003400058784 50000003400058789 50000003400058783 9.99659046619 -1.94357 4.15472 8.56929
9.2087 50000003400058784 50000003400058783 50000003400058789 50000003400058782 9.84138043947 0.175987 3.81091 6.98325
9.27938 50000003400058783 50000003400058782 50000003400058789 50000003400058781 9.38877127194 0.728753 4.60357 5.98154
9.29951 50000003400058782 50000003400058781 50000003400058789 50000003400058780 9.00233985416 1.8367 4.15479 6.04633
9.30923 50000003400058781 50000003400058780 50000003400058789 50000003400058779 8.9079991856 2.17764 4.32929 6.63836
9.43617 50000003400058780 50000003400058779 50000003400058789 50000003400058778 8.44947629437 12.7404 11.2987 1.02653
9.05811 50000003400058826 50000003400058825 50000003400058827 50000003400058824 10.9190331982 -0.773398 5.20776 -16.3756
9.17729 50000003400058825 50000003400058824 50000003400058827 50000003400058823 10.3674435724 -1.86345 8.11104 -14.8811
9.21671 50000003400058824 50000003400058823 50000003400058827 50000003400058822 9.99659046619 0.155791 9.94685 -12.3958
9.29457 50000003400058823 50000003400058822 50000003400058827 50000003400058821 9.84138043947 2.07714 9.93906 -9.80456
9.30278 50000003400058822 50000003400058821 50000003400058827 50000003400058820 9.38877127194 4.88234 13.2163 -1.04887
9.31401 50000003400058821 50000003400058820 50000003400058827 50000003400058819 9.00233985416 -1.86929 3.07749 -5.1401
9.42157 50000003400058820 50000003400058819 50000003400058827 50000003400058818 8.9079991856 -7.42165 10.6262 -21.9235
9.43497 50000003400058819 50000003400058818 50000003400058827 50000003400058817 8.44947629437 4.15002 9.48817 -5.38783
9.51475 50000003400058818 50000003400058817 50000003400058827 50000003400058816 8.01217294887 6.75388 14.487 -7.91384
9.52169 50000003400058817 50000003400058816 50000003400058827 50000003400058815 7.59510714987 5.75171 17.3498 -10.7507
9.54372 50000003400058816 50000003400058815 50000003400058827 50000003400058814 7.23627606617 3.44403 16.3665 -11.6638
9.55751 50000003400058815 50000003400058813 50000003400058827 50000003400058812 6.85511726265 4.27331 16.1122 -12.0837
9.07766 50000003400058861 50000003400058860 50000003400058863 50000003400058859 10.9190331982 -3.85768 4.92961 1.26234
9.09637 50000003400058860 50000003400058859 50000003400058863 50000003400058858 10.3674435724 -5.51749 4.72661 2.2373
9.13394 50000003400058859 50000003400058858 50000003400058863 50000003400058857 9.99659046619 -4.31578 5.06082 2.15354
9.20464 50000003400058858 50000003400058857 50000003400058863 50000003400058856 9.84138043947 -5.8509 4.84115 2.51751
9.37042 50000003400058857 50000003400058856 50000003400058863 50000003400058855 9.38877127194 0.367419 4.02999 0.90559
9.39081 50000003400058856 50000003400058855 50000003400058863 50000003400058854 9.00233985416 4.09718 4.31278 -0.751077
9.43617 50000003400058855 50000003400058854 50000003400058863 50000003400058853 8.9079991856 3.12736 5.3098 -0.220946
9.48586 50000003400058854 50000003400058853 50000003400058863 50000003400058852 8.44947629437 -0.890862 4.39926 1.42537
9.58975 50000003400058853 50000003400058852 50000003400058863 50000003400058851 8.01217294887 -1.848 11.4878 -1.72067
9.12178 50000003400058951 50000003400058950 50000003400058955 50000003400058949 12.6747021048 1.31709 -8.65077 -3.79526
9.14811 50000003400058950 50000003400058949 50000003400058955 50000003400058948 12.0418635439 -0.0064162 -5.7666 -1.07004
9.21869 50000003400058949 50000003400058948 50000003400058955 50000003400058947 11.4973879548 2.87512 -4.55134 -0.730235
9.24548 50000003400058948 50000003400058947 50000003400058955 50000003400058946 10.9190331982 -1.83626 -4.5827 -2.93233
9.24548 50000003400058947 50000003400058946 50000003400058955 50000003400058945 10.3674435724 0.636933 -6.18961 -1.51165
9.26187 50000003400058946 50000003400058945 50000003400058955 50000003400058944 9.99659046619 -0.416933 -5.5254 -2.42028
9.2845 50000003400058945 50000003400058944 50000003400058955 50000003400058943 9.84138043947 0.59718 -5.26775 -1.84528
9.34313 50000003400058944 50000003400058943 50000003400058955 50000003400058942 9.38877127194 2.96704 -6.94246 -3.01205
9.37042 50000003400058943 50000003400058942 50000003400058955 50000003400058941 9.00233985416 2.75624 -6.33491 -3.72795
9.44797 50000003400058942 50000003400058941 50000003400058955 50000003400058940 8.9079991856 4.216 -11.7016 -8.44673
9.53428 50000003400058941 50000003400058940 50000003400058955 50000003400058939 8.44947629437 0.848197 -6.93426 -7.62128
9.60462 50000003400058940 50000003400058939 50000003400058955 50000003400058938 8.01217294887 -5.27061 -9.88265 -1.29267
9.71511 50000003400058939 50000003400058937 50000003400058955 50000003400058936 7.23627606617 2.91647 -9.5169 -1.10343
9.7519 50000003400058937 50000003400058936 50000003400058955 50000003400058935 7.00541704554 8.2287 2.74401 1.61258
9.79008 50000003400058936 50000003400058934 50000003400058955 50000003400058933 6.49159774567 13.49 3.8385 3.89179
9.8666 50000003400058934 50000003400058933 50000003400058955 50000003400058932 6.14490120342 32.1209 18.8899 9.93233
9.87102 50000003400058933 50000003400058932 50000003400058955 50000003400058931 6.01075739884 28.0283 16.3879 11.3999
9.90239 50000003400058932 50000003400058931 50000003400058955 50000003400058930 5.84661374788 24.1045 10.7472 9.54577
9.91726 50000003400058931 50000003400058930 50000003400058955 50000003400058929 5.52976580795 19.645 6.87818 10.6248
9.97938 50000003400058930 50000003400058929 50000003400058955 50000003400058928 5.22758097313 8.28221 -3.04854 9.1177
9.0098 50000003400058961 50000003400058960 50000003400058966 50000003400058959 9.99659046619 1.22265 4.82364 -0.809376
9.00337 50000003400058978 50000003400058977 50000003400058983 50000003400058976 9.38877127194 -1.85983 1.38053 -2.91147
9.1193 50000003400058977 50000003400058973 50000003400058983 50000003400058972 8.01217294887 10.96 -5.22157 6.77219
9.24733 50000003400058973 50000003400058972 50000003400058983 50000003400058971 7.59510714987 16.6585 -6.07303 2.87715
9.0066 50000003400059057 50000003400059056 50000003400059063 50000003400059055 5.22758097313 1.13312 12.7625 10.7859
9.0066 50000003400059056 50000003400059055 50000003400059063 50000003400059054 4.99593346816 -1.5295 9.74144 8.23706
9.03763 50000003400059139 50000003400059138 50000003400059143 50000003400059137 7.23627606617 -9.33683 8.14759 -6.5848
9.0666 50000003400059138 50000003400059135 50000003400059143 50000003400059134 6.49159774567 -9.03941 5.92654 -7.88885
9.09898 50000003400059135 50000003400059132 50000003400059143 50000003400059131 5.84661374788 -9.02299 5.99341 -6.39661
9.11431 50000003400059132 50000003400059131 50000003400059143 50000003400059130 5.52976580795 -7.21541 11.1496 -9.04447
9.11681 50000003400059131 50000003400059126 50000003400059143 50000003400059125 4.42803373661 -9.17942 4.52473 -5.12712
9.12424 50000003400059126 50000003400059124 50000003400059143 50000003400059123 4.00794511147 -4.99204 -0.835108 -3.63999
9.07492 50000003400059166 50000003400059165 50000003400059172 50000003400059164 7.00541704554 0.134374 3.24672 1.82019
9.19641 50000003400059165 50000003400059164 50000003400059172 50000003400059163 6.85511726265 9.60707 19.2605 -16.7231
9.23229 50000003400059164 50000003400059163 50000003400059172 50000003400059162 6.49159774567 15.9509 10.9533 -17.1538
9.26008 50000003400059163 50000003400059158 50000003400059172 50000003400059157 5.22758097313 9.69472 7.73375 -11.7621
9.04945 50000003400059208 50000003400059207 50000003400059217 50000003400059206 5.84661374788 5.00488 1.12406 5.07143
9.09637 50000003400059207 50000003400059206 50000003400059217 50000003400059205 5.52976580795 8.72571 0.158216 6.24814
9.2026 50000003400059206 50000003400059205 50000003400059217 50000003400059204 5.22758097313 4.12544 -1.24802 7.48442
9.23799 50000003400059205 50000003400059202 50000003400059217 50000003400059201 4.66451770247 5.56605 -7.44721 5.08034
9.36902 50000003400059202 50000003400059201 50000003400059217 50000003400059200 4.42803373661 10.681 -0.541879 -15.2567
9.37457 50000003400059201 50000003400059200 50000003400059217 50000003400059199 4.17683491473 11.0411 -5.73034 -15.5163
9.39478 50000003400059200 50000003400059199 50000003400059217 50000003400059198 4.00794511147 11.9435 -8.34875 -11.6009
9.02548 50000003400059299 50000003400059298 50000003400059304 50000003400059297 11.4973879548 -2.07668 -0.052436 -1.48409
9.10926 50000003400059298 50000003400059297 50000003400059304 50000003400059296 10.9190331982 1.12065 -1.2731 -1.62292
9.26008 50000003400059297 50000003400059296 50000003400059304 50000003400059295 10.3674435724 -4.28594 -6.34185 -8.31636
9.41282 50000003400059296 50000003400059295 50000003400059304 50000003400059294 9.99659046619 3.49981 -13.3901 0.0246303
9.48049 50000003400059295 50000003400059294 50000003400059304 50000003400059293 9.84138043947 1.98928 -13.9229 -1.48494
9.49744 50000003400059294 50000003400059293 50000003400059304 50000003400059292 9.38877127194 -0.58067 -15.2525 -1.96652
9.55204 50000003400059293 50000003400059292 50000003400059304 50000003400059291 9.00233985416 0.866952 -12.6381 0.1595
9.56735 50000003400059292 50000003400059290 50000003400059304 50000003400059289 8.44947629437 4.24418 -13.848 2.8888
9.63894 50000003400059290 50000003400059289 50000003400059304 50000003400059288 8.01217294887 1.88956 -13.9532 6.83766
9.63969 50000003400059289 50000003400059288 50000003400059304 50000003400059287 7.59510714987 -8.56517 -4.5062 -7.01676
9.70492 50000003400059288 50000003400059287 50000003400059304 50000003400059286 7.23627606617 -3.59455 -3.75183 3.1732
9.70749 50000003400059287 50000003400059286 50000003400059304 50000003400059285 7.00541704554 -3.0592 1.85641 1.30387
9.72198 50000003400059286 50000003400059285 50000003400059304 50000003400059284 6.85511726265 -6.20093 4.27211 0.386066
9.7342 50000003400059285 50000003400059284 50000003400059304 50000003400059283 6.49159774567 -2.99537 -1.46216 -4.66146
9.73899 50000003400059284 50000003400059282 50000003400059304 50000003400059281 6.01075739884 3.7408 4.99532 -0.429673
9.76219 50000003400059282 50000003400059280 50000003400059304 50000003400059279 5.52976580795 3.17799 1.01072 0.785965
9.79008 50000003400059280 50000003400059279 50000003400059304 50000003400059278 5.22758097313 3.21969 2.86213 -7.81589
9.01298 50000003400059360 50000003400059359 50000003400059365 50000003400059358 9.00233985416 0.42263 4.03638 -1.29893
9.01298 50000003400059359 50000003400059358 50000003400059365 50000003400059357 8.9079991856 0.179145 4.80925 -1.48266
9.04945 50000003400059358 50000003400059357 50000003400059365 50000003400059356 8.44947629437 2.60727 4.20269 1.39002
9.20668 50000003400059357 50000003400059356 50000003400059365 50000003400059355 8.01217294887 -0.790837 5.85638 1.3618
9.4549 50000003400059356 50000003400059355 50000003400059365 50000003400059354 7.59510714987 -1.05469 -1.19034 0.118646
9.50567 50000003400059355 50000003400059354 50000003400059365 50000003400059353 7.23627606617 -1.20632 -1.46965 -2.49121
9.57956 50000003400059354 50000003400059353 50000003400059365 50000003400059352 7.00541704554 -4.19914 -4.69146 -2.43037
9.60866 50000003400059353 50000003400059352 50000003400059365 50000003400059351 6.85511726265 -4.81804 -6.87074 -3.36955
9.67835 50000003400059352 50000003400059351 50000003400059365 50000003400059350 6.49159774567 -4.80915 -11.0633 -4.97339
9.78689 50000003400059351 50000003400059350 50000003400059365 50000003400059349 6.14490120342 -5.87466 -11.321 -5.0694
9.97801 50000003400059350 50000003400059349 50000003400059365 50000003400059348 6.01075739884 -28.0663 -0.865404 -4.0147
10.1876 50000003400059349 50000003400059347 50000003400059365 50000003400059346 5.52976580795 48.3591 -3.24693 -88.3133
10.2201 50000003400059347 50000003400059346 50000003400059365 50000003400059345 5.22758097313 51.6974 3.14119 -64.1755
10.2302 50000003400059346 50000003400059345 50000003400059365 50000003400059344 4.99593346816 11.5261 -8.98204 -41.5424
10.2797 50000003400059345 50000003400059344 50000003400059365 50000003400059343 4.93938066349 -0.709847 -20.3286 -35.1763
10.2959 50000003400059344 50000003400059343 50000003400059365 50000003400059342 4.66451770247 -18.3205 -42.2601 -39.8689
10.317 50000003400059343 50000003400059342 50000003400059365 50000003400059341 4.42803373661 -32.7601 -33.712 -60.5807
10.3331 50000003400059342 50000003400059341 50000003400059365 50000003400059340 4.17683491473 -29.7774 -11.2827 -51.7113
10.3573 50000003400059341 50000003400059340 50000003400059365 50000003400059339 4.00794511147 -20.4721 -44.8369 -65.8248
9.05524 50000003400059368 50000003400059367 50000003400059372 50000003400059366 8.44947629437 -3.2455 -1.57674 -5.27441
9.02239 50000003400059380 50000003400059379 50000003400059387 50000003400059378 7.59510714987 -0.253173 2.82964 -5.81615
9.07492 50000003400059379 50000003400059377 50000003400059387 50000003400059376 7.00541704554 0.310894 0.804887 -0.272496
9.09637 50000003400059377 50000003400059376 50000003400059387 50000003400059375 6.85511726265 2.53618 1.15747 0.426228
9.12424 50000003400059376 50000003400059375 50000003400059387 50000003400059374 6.49159774567 -1.10094 -0.597751 2.77949
9.0316 50000003400059447 50000003400059446 50000003400059450 50000003400059445 6.85511726265 4.84715 -12.4702 8.20877
9.06096 50000003400059446 50000003400059445 50000003400059450 50000003400059444 6.49159774567 1.21845 -11.4633 15.4797
9.2742 50000003400059445 50000003400059444 50000003400059450 50000003400059443 6.14490120342 1.536 23.4817 -6.64214
9.35483 50000003400059444 50000003400059443 50000003400059450 50000003400059442 6.01075739884 -0.0548296 13.5687 -13.8631
9.40518 50000003400059443 50000003400059442 50000003400059450 50000003400059441 5.84661374788 -0.14446 6.70974 -26.0194
9.0098 50000003400059819 50000003400059818 50000003400059835 50000003400059817 4.42803373661 4.00616 3.66269 0.336729
9.01928 50000003400059818 50000003400059817 50000003400059835 50000003400059816 4.17683491473 1.31236 3.01913 -1.03616
9.06939 50000003400059817 50000003400059815 50000003400059835 50000003400059814 3.93726108473 1.90978 11.8158 5.37135
9.17946 50000003400059932 50000003400059931 50000003400059933 50000003400059930 7.59510714987 1.73684 5.50674 0.160957
9.24362 50000003400059931 50000003400059930 50000003400059933 50000003400059929 7.23627606617 -2.55646 -12.0547 -3.36857
9.41534 50000003400059930 50000003400059929 50000003400059933 50000003400059928 7.00541704554 10.3687 -17.1139 -0.163128
9.60624 50000003400059929 50000003400059927 50000003400059933 50000003400059926 6.49159774567 1.05154 -15.0799 1.65765
9.67491 50000003400059927 50000003400059925 50000003400059933 50000003400059924 6.01075739884 4.93109 0.376864 4.21887
9.71259 50000003400059925 50000003400059924 50000003400059933 50000003400059923 5.84661374788 8.57917 -1.30509 7.32415
9.79324 50000003400059924 50000003400059923 50000003400059933 50000003400059922 5.52976580795 3.08528 10.3461 7.66822
9.82419 50000003400059923 50000003400059922 50000003400059933 50000003400059921 5.22758097313 15.1536 25.3701 10.3963
9.83002 50000003400059922 50000003400059921 50000003400059933 50000003400059920 4.99593346816 31.4576 27.0143 16.9151
9.84052 50000003400059921 50000003400059920 50000003400059933 50000003400059919 4.93938066349 30.4211 30.1569 19.8707
9.94147 50000003400059920 50000003400059919 50000003400059933 50000003400059918 4.66451770247 60.7644 14.2029 -2.36564
9.98584 50000003400059919 50000003400059918 50000003400059933 50000003400059917 4.42803373661 65.4406 5.99952 -3.18643
10.0686 50000003400059918 50000003400059917 50000003400059933 50000003400059916 4.17683491473 56.8694 -12.7172 -4.00847
10.0916 50000003400059917 50000003400059915 50000003400059933 50000003400059914 3.93726108473 47.9928 -1.9806 -3.9082
10.1848 50000003400059915 50000003400059914 50000003400059933 50000003400059913 3.70877426464 4.91192 -39.7991 -6.66497
10.2267 50000003400059914 50000003400059913 50000003400059933 50000003400059912 3.49086136926 30.7241 -29.2181 -4.59657
10.2847 50000003400059913 50000003400059912 50000003400059933 50000003400059911 3.28303305796 8.31692 23.4345 11.1063
10.3016 50000003400059912 50000003400059909 50000003400059933 50000003400059908 2.89578500573 -4.83019 55.3222 11.4837
10.3777 50000003400059909 50000003400059908 50000003400059933 50000003400059907 2.73314261732 -17.5019 93.8073 41.5423
10.4256 50000003400059908 50000003400059907 50000003400059933 50000003400059906 2.5772902716 -23.9486 86.0675 35.2861
10.4372 50000003400059907 50000003400059906 50000003400059933 50000003400059905 2.44422570455 -17.7164 84.3724 31.3334
10.4588 50000003400059906 50000003400059905 50000003400059933 50000003400059904 2.31611074396 -8.80846 91.0456 30.8687
10.4642 50000003400059905 50000003400059904 50000003400059933 50000003400059903 2.20792547238 -6.36363 106.242 28.0065
10.4799 50000003400059904 50000003400059896 50000003400059933 50000003400059895 1.53123902916 -6.24311 107.903 32.0857
10.4961 50000003400059896 50000003400059895 50000003400059933 50000003400059894 1.47197484527 -7.49173 110.922 28.0145
9.0098 50000003400060056 50000003400060055 50000003400060064 50000003400060054 7.59510714987 -2.41757 -1.46878 4.07024
9.11179 50000003400060055 50000003400060054 50000003400060064 50000003400060053 7.23627606617 1.21243 3.30232 6.63575
9.11681 50000003400060054 50000003400060053 50000003400060064 50000003400060052 7.00541704554 2.68355 3.08534 7.26414
9.16852 50000003400060053 50000003400060052 50000003400060064 50000003400060051 6.85511726265 0.627015 4.87398 4.44916
9.29124 50000003400060052 50000003400060050 50000003400060064 50000003400060049 6.14490120342 0.979859 5.6133 7.10781
9.31401 50000003400060050 50000003400060049 50000003400060064 50000003400060048 6.01075739884 -8.38314 0.806057 7.09359
9.35338 50000003400060049 50000003400060048 50000003400060064 50000003400060047 5.84661374788 -3.64105 4.47654 4.57975
9.40518 50000003400060048 50000003400060047 50000003400060064 50000003400060046 5.52976580795 -9.22119 -0.838262 7.36472
9.45261 50000003400060047 50000003400060046 50000003400060064 50000003400060045 5.22758097313 -13.2904 9.56732 5.13669
9.47505 50000003400060046 50000003400060045 50000003400060064 50000003400060044 4.99593346816 -13.3851 5.8202 3.25508
9.49116 50000003400060045 50000003400060044 50000003400060064 50000003400060043 4.93938066349 -12.4869 6.84726 3.90083
9.02548 50000003400060078 50000003400060077 50000003400060083 50000003400060076 4.93938066349 14.5495 3.37078 2.70336
9.11179 50000003400060077 50000003400060076 50000003400060083 50000003400060075 4.66451770247 11.776 -2.14647 6.95018
9.12424 50000003400060076 50000003400060075 50000003400060083 50000003400060074 4.42803373661 12.9128 -4.17646 6.93407
9.14108 50000003400060075 50000003400060074 50000003400060083 50000003400060073 4.17683491473 10.2891 -0.930133 7.59135
9.14578 50000003400060074 50000003400060073 50000003400060083 50000003400060072 4.00794511147 12.9512 3.40396 7.50949
9.06939 50000003400060122 50000003400060121 50000003400060129 50000003400060120 7.00541704554 10.1212 -2.60137 2.98709
9.11431 50000003400060121 50000003400060120 50000003400060129 50000003400060119 6.85511726265 10.7747 -2.2459 2.73674
9.19433 50000003400060120 50000003400060119 50000003400060129 50000003400060118 6.49159774567 6.32279 -2.58581 2.46837
9.42157 50000003400060119 50000003400060118 50000003400060129 50000003400060117 6.14490120342 7.6473 -1.06375 2.06625
9.45261 50000003400060118 50000003400060117 50000003400060129 50000003400060116 6.01075739884 1.20729 -0.962277 -0.531651
9.51774 50000003400060117 50000003400060116 50000003400060129 50000003400060115 5.84661374788 4.96625 -2.97254 -3.67515
9.66443 50000003400060116 50000003400060115 50000003400060129 50000003400060114 5.52976580795 10.4901 -1.40991 3.3249
9.69118 50000003400060115 50000003400060113 50000003400060129 50000003400060112 4.99593346816 -4.11795 20.3239 22.679
9.70557 50000003400060113 50000003400060112 50000003400060129 50000003400060111 4.93938066349 -3.44346 15.2421 22.3155
9.78528 50000003400060112 50000003400060111 50000003400060129 50000003400060110 4.66451770247 -3.4935 11.492 8.49311
9.79008 50000003400060111 50000003400060110 50000003400060129 50000003400060109 4.42803373661 5.7486 16.0004 20.2114
9.86214 50000003400060110 50000003400060109 50000003400060129 50000003400060108 4.17683491473 -4.57381 18.2308 22.3454
9.0066 50000003400060149 50000003400060148 50000003400060156 50000003400060147 7.23627606617 -1.89738 -2.32191 -0.752314
9.02548 50000003400060148 50000003400060147 50000003400060156 50000003400060146 7.00541704554 -3.52484 -2.31629 -1.18845
9.02855 50000003400060147 50000003400060146 50000003400060156 50000003400060145 6.85511726265 -2.01972 -2.04082 -2.5841
9.05524 50000003400060146 50000003400060145 50000003400060156 50000003400060144 6.49159774567 0.693816 -2.12422 -0.305454
9.06096 50000003400060145 50000003400060143 50000003400060156 50000003400060142 6.01075739884 5.58767 2.98469 1.35323
9.11431 50000003400060227 50000003400060226 50000003400060230 50000003400060225 12.6747021048 0.60131 -0.967153 -1.65211
9.21272 50000003400060226 50000003400060225 50000003400060230 50000003400060224 12.0418635439 1.24692 -3.57946 -5.16679
9.22651 50000003400060225 50000003400060224 50000003400060230 50000003400060223 11.4973879548 0.742315 -6.20368 -0.882357
9.25101 50000003400060224 50000003400060223 50000003400060230 50000003400060222 10.9190331982 0.80578 -4.27493 2.02806
9.38005 50000003400060223 50000003400060222 50000003400060230 50000003400060221 10.3674435724 0.842483 -3.22102 3.63034
9.4026 50000003400060222 50000003400060221 50000003400060230 50000003400060220 9.99659046619 -1.19216 -1.2517 2.53595
9.41534 50000003400060221 50000003400060220 50000003400060230 50000003400060219 9.84138043947 -0.223643 -1.86447 2.03042
9.43015 50000003400060220 50000003400060219 50000003400060230 50000003400060218 9.38877127194 -1.21778 -7.76873 6.06309
9.53618 50000003400060219 50000003400060218 50000003400060230 50000003400060217 9.00233985416 10.216 6.89408 0.473161
9.62985 50000003400060218 50000003400060214 50000003400060230 50000003400060213 7.59510714987 -9.85334 -23.1526 -2.2551
9.64638 50000003400060214 50000003400060211 50000003400060230 50000003400060210 6.85511726265 -4.76339 -3.64745 -7.17584
9.72074 50000003400060211 50000003400060210 50000003400060230 50000003400060209 6.49159774567 -3.16197 -4.56139 -5.40297
9.82222 50000003400060210 50000003400060209 50000003400060230 50000003400060208 6.14490120342 4.1447 2.46067 -2.47537
9.84939 50000003400060209 50000003400060208 50000003400060230 50000003400060207 6.01075739884 4.72997 -2.16425 -4.1192
9.85536 50000003400060208 50000003400060207 50000003400060230 50000003400060206 5.84661374788 4.11167 1.18138 -2.03107
9.89952 50000003400060207 50000003400060206 50000003400060230 50000003400060205 5.52976580795 -0.427961 -1.87948 -6.20384
9.92973 50000003400060206 50000003400060205 50000003400060230 50000003400060204 5.22758097313 1.01656 2.40966 -4.84437
9.97039 50000003400060205 50000003400060204 50000003400060230 50000003400060203 4.99593346816 -0.888274 3.27399 -3.3117
9.97594 50000003400060204 50000003400060203 50000003400060230 50000003400060202 4.93938066349 -0.255069 2.90286 -4.24635
9.99618 50000003400060203 50000003400060202 50000003400060230 50000003400060201 4.66451770247 -3.52977 -2.31651 -4.77182
10.0092 50000003400060202 50000003400060201 50000003400060230 50000003400060200 4.42803373661 -1.38622 4.09487 -4.95938
10.061 50000003400060201 50000003400060200 50000003400060230 50000003400060199 4.17683491473 -21.4853 -19.7771 18.5188
10.1131 50000003400060200 50000003400060199 50000003400060230 50000003400060198 4.00794511147 -30.8042 -23.7273 16.1132
10.2018 50000003400060199 50000003400060197 50000003400060230 50000003400060196 3.70877426464 -24.3991 -30.4074 7.21865
10.2797 50000003400060197 50000003400060196 50000003400060230 50000003400060195 3.49086136926 -27.966 -36.237 -0.947713
10.2951 50000003400060196 50000003400060195 50000003400060230 50000003400060194 3.28303305796 -26.2692 -37.7817 -1.55151
10.3197 50000003400060195 50000003400060194 50000003400060230 50000003400060193 3.08482263583 -23.5836 -35.1651 -0.896282
10.3205 50000003400060194 50000003400060193 50000003400060230 50000003400060192 3.00813107163 -22.0452 -33.8814 -7.38251
10.3237 50000003400060193 50000003400060192 50000003400060230 50000003400060191 2.89578500573 -30.5464 -41.9379 -12.6577
10.3361 50000003400060192 50000003400060191 50000003400060230 50000003400060190 2.73314261732 -30.8665 -43.316 -33.217
10.3616 50000003400060191 50000003400060190 50000003400060230 50000003400060189 2.5772902716 -56.9931 -55.518 -70.5191
10.41 50000003400060190 50000003400060189 50000003400060230 50000003400060188 2.44422570455 -94.7337 -65.2794 -94.8815
10.4754 50000003400060189 50000003400060188 50000003400060230 50000003400060187 2.31611074396 -120.301 -109.819 -162.933
10.5518 50000003400060188 50000003400060187 50000003400060230 50000003400060186 2.20792547238 -185.077 -141.698 -214.382
10.5721 50000003400060187 50000003400060186 50000003400060230 50000003400060185 2.1032696526 -192.259 -155.824 -214.572
10.6374 50000003400060186 50000003400060184 50000003400060230 50000003400060183 1.90408954353 -222.712 -192.716 -198.757
10.6752 50000003400060184 50000003400060181 50000003400060230 50000003400060180 1.66666955611 -218.193 -170.972 -213.868
10.6832 50000003400060181 50000003400060180 50000003400060230 50000003400060179 1.60423452207 -200.289 -172.927 -193.915
10.6936 50000003400060180 50000003400060179 50000003400060230 50000003400060178 1.53123902916 -190.722 -164.249 -197.637
10.7234 50000003400060179 50000003400060177 50000003400060230 50000003400060176 1.41409822037 -183.072 -168.81 -187.694
9.16182 50000003400060239 50000003400060238 50000003400060245 50000003400060237 8.9079991856 6.76318 -2.24946 6.54188
9.2929 50000003400060270 50000003400060269 50000003400060273 50000003400060268 7.23627606617 0.465936 5.09105 14.1619
9.53428 50000003400060269 50000003400060268 50000003400060273 50000003400060267 7.00541704554 3.01372 3.8807 -11.631
9.55021 50000003400060268 50000003400060267 50000003400060273 50000003400060266 6.85511726265 -0.519095 0.41656 -21.0036
9.57349 50000003400060267 50000003400060263 50000003400060273 50000003400060262 5.84661374788 4.15098 9.53932 -0.828174
9.62134 50000003400060263 50000003400060262 50000003400060273 50000003400060261 5.52976580795 10.2797 7.70068 3.10396
9.68851 50000003400060262 50000003400060261 50000003400060273 50000003400060260 5.22758097313 1.66564 3.92721 5.60859
9.75364 50000003400060261 50000003400060260 50000003400060273 50000003400060259 4.99593346816 3.83268 7.47743 19.2535
9.81177 50000003400060260 50000003400060258 50000003400060273 50000003400060257 4.66451770247 -13.3481 20.1849 16.2537
9.81778 50000003400060258 50000003400060257 50000003400060273 50000003400060256 4.42803373661 -11.1227 20.831 18.9679
9.18802 50000003400060289 50000003400060288 50000003400060291 50000003400060287 8.01217294887 13.9004 3.82095 22.0507
9.19433 50000003400060288 50000003400060287 50000003400060291 50000003400060286 7.59510714987 -14.7195 -15.0821 2.75303
9.04358 50000003400060390 50000003400060389 50000003400060392 50000003400060388 9.99659046619 -4.35798 2.12176 -1.19014
9.11179 50000003400060389 50000003400060388 50000003400060392 50000003400060387 9.84138043947 -5.24165 8.33122 -6.92316
9.17946 50000003400060388 50000003400060386 50000003400060392 50000003400060385 9.00233985416 -5.08693 13.8962 -7.83519
9.21869 50000003400060386 50000003400060385 50000003400060392 50000003400060384 8.9079991856 -8.00729 15.4556 -8.68214
9.35914 50000003400060385 50000003400060384 50000003400060392 50000003400060383 8.44947629437 -18.751 16.2711 -16.9132
9.4026 50000003400060384 50000003400060383 50000003400060392 50000003400060382 8.01217294887 -12.5839 11.6359 -14.7366
9.54744 50000003400060383 50000003400060382 50000003400060392 50000003400060381 7.59510714987 -18.223 10.2362 -12.3108
9.70621 50000003400060382 50000003400060381 50000003400060392 50000003400060380 7.23627606617 -8.73617 5.75793 -1.73766
9.7263 50000003400060381 50000003400060380 50000003400060392 50000003400060379 7.00541704554 -7.75389 7.09148 -5.04609
9.74432 50000003400060380 50000003400060379 50000003400060392 50000003400060378 6.85511726265 -7.22706 6.90077 -5.90764
9.77224 50000003400060379 50000003400060378 50000003400060392 50000003400060377 6.49159774567 -6.46488 4.31459 -7.10273
9.83291 50000003400060378 50000003400060377 50000003400060392 50000003400060376 6.14490120342 -11.3267 3.42343 -9.99553
9.89538 50000003400060377 50000003400060376 50000003400060392 50000003400060375 6.01075739884 -18.3814 9.93244 -1.58429
10.0227 50000003400060376 50000003400060374 50000003400060392 50000003400060373 5.52976580795 -29.2505 22.9183 26.1291
10.0649 50000003400060374 50000003400060373 50000003400060392 50000003400060372 5.22758097313 -30.3202 26.0325 17.9988
10.1156 50000003400060373 50000003400060372 50000003400060392 50000003400060371 4.99593346816 -21.9452 20.0859 19.5603
10.12 50000003400060372 50000003400060371 50000003400060392 50000003400060370 4.93938066349 -20.4898 20.258 23.1049
10.1208 50000003400060371 50000003400060370 50000003400060392 50000003400060369 4.66451770247 -8.00727 18.2424 13.0264
10.1262 50000003400060370 50000003400060369 50000003400060392 50000003400060368 4.42803373661 -12.9946 24.1184 13.5441
10.1284 50000003400060369 50000003400060368 50000003400060392 50000003400060367 4.17683491473 -16.475 18.0555 9.0004
10.1474 50000003400060368 50000003400060367 50000003400060392 50000003400060366 4.00794511147 -22.3893 16.8738 10.0354
10.1618 50000003400060367 50000003400060366 50000003400060392 50000003400060365 3.93726108473 -21.2024 14.7276 7.18762
10.1842 50000003400060366 50000003400060364 50000003400060392 50000003400060363 3.49086136926 -22.1711 19.6878 20.8404
10.2234 50000003400060364 50000003400060362 50000003400060392 50000003400060361 3.08482263583 -20.7621 9.28501 15.684
10.2397 50000003400060362 50000003400060361 50000003400060392 50000003400060360 3.00813107163 -29.5071 14.7824 15.1942
10.2704 50000003400060361 50000003400060360 50000003400060392 50000003400060359 2.89578500573 -33.8782 20.3274 7.18015
9.08309 50000003400060404 50000003400060403 50000003400060409 50000003400060402 9.00233985416 4.55147 9.9822 -7.70787
9.10415 50000003400060403 50000003400060402 50000003400060409 50000003400060401 8.9079991856 5.67958 12.9808 -6.82896
9.10671 50000003400060402 50000003400060401 50000003400060409 50000003400060400 8.44947629437 5.74498 8.85647 -5.40584
9.11681 50000003400060401 50000003400060400 50000003400060409 50000003400060399 8.01217294887 6.48864 5.521 -5.29817
9.00337 50000003400060420 50000003400060419 50000003400060427 50000003400060418 8.01217294887 5.74624 3.4301 -4.51062
9.07492 50000003400060419 50000003400060418 50000003400060427 50000003400060417 7.59510714987 4.84233 5.66679 -2.66033
9.32651 50000003400060418 50000003400060417 50000003400060427 50000003400060416 7.23627606617 -0.107394 12.7902 -20.4383
9.37042 50000003400060417 50000003400060415 50000003400060427 50000003400060414 6.85511726265 -1.67946 13.4715 -14.8447
9.40774 50000003400060415 50000003400060414 50000003400060427 50000003400060413 6.49159774567 -1.98487 13.5437 -10.9601
9.00337 50000003400060556 50000003400060555 50000003400060562 50000003400060554 3.70877426464 -1.42314 -7.54165 -9.65933
9.06096 50000003400060555 50000003400060554 50000003400060562 50000003400060553 3.49086136926 -6.46341 -9.97732 -3.78456
9.11179 50000003400060554 50000003400060553 50000003400060562 50000003400060552 3.28303305796 -8.70764 -10.5282 -2.56195
9.15502 50000003400060553 50000003400060552 50000003400060562 50000003400060551 3.08482263583 -10.9341 -15.9594 -1.00015
9.1573 50000003400060552 50000003400060551 50000003400060562 50000003400060550 3.00813107163 -12.9628 -19.4064 -1.37871
9.19848 50000003400060551 50000003400060549 50000003400060562 50000003400060548 2.73314261732 -9.36865 -19.3988 -0.546856
9.12668 50000003400060610 50000003400060609 50000003400060624 50000003400060608 3.49086136926 -0.107752 -6.34886 32.2272
9.18376 50000003400060609 50000003400060608 50000003400060624 50000003400060607 3.28303305796 -1.72545 -7.57647 28.763
9.18589 50000003400060608 50000003400060607 50000003400060624 50000003400060606 3.08482263583 -9.455 -6.38633 31.2019
9.10671 50000003400060768 50000003400060767 50000003400060780 50000003400060766 6.14490120342 0.0719114 -9.69307 3.15162
9.13634 50000003400060767 50000003400060765 50000003400060780 50000003400060764 5.84661374788 3.06754 -7.3156 3.00234
9.13871 50000003400060765 50000003400060764 50000003400060780 50000003400060763 5.52976580795 -2.3009 -5.68265 2.62639
9.21272 50000003400060764 50000003400060763 50000003400060780 50000003400060762 5.22758097313 4.05743 -5.64573 3.88779
9.31874 50000003400060763 50000003400060762 50000003400060780 50000003400060761 4.99593346816 11.2803 -12.2941 10.4083
9.32805 50000003400060762 50000003400060760 50000003400060780 50000003400060759 4.66451770247 10.1931 -19.568 10.9393
9.34756 50000003400060760 50000003400060757 50000003400060780 50000003400060756 4.00794511147 13.3032 -16.9711 6.00796
9.35194 50000003400060757 50000003400060756 50000003400060780 50000003400060755 3.93726108473 11.288 -15.9123 6.59927
9.38681 50000003400060756 50000003400060755 50000003400060780 50000003400060754 3.70877426464 12.2936 -13.6531 10.4333
9.03463 50000003400060844 50000003400060843 50000003400060860 50000003400060842 3.70877426464 2.03824 3.18851 1.78908
9.05235 50000003400060843 50000003400060842 50000003400060860 50000003400060841 3.49086136926 1.11918 1.99802 3.89307
9.06378 50000003400060842 50000003400060841 50000003400060860 50000003400060840 3.28303305796 2.7353 2.87579 4.36386
