logMh | fpID | subhaloID | main leaf ID | descID |  z
9.08309 90000400000000106 90000400000000105 90000400000000112 90000400000000104 11.4973879548 -1.2241 -1.0117 1.15167
9.20055 90000400000000105 90000400000000104 90000400000000112 90000400000000103 10.9190331982 -0.786842 -1.79876 -5.65414
9.25284 90000400000000104 90000400000000103 90000400000000112 90000400000000102 10.3674435724 0.884885 -2.13187 -4.2781
9.35338 90000400000000103 90000400000000102 90000400000000112 90000400000000101 9.99659046619 3.72933 -5.13662 -8.87008
9.39871 90000400000000102 90000400000000101 90000400000000112 90000400000000100 9.84138043947 3.32486 -3.70424 -7.47206
9.46844 90000400000000101 90000400000000100 90000400000000112 90000400000000099 9.38877127194 2.63885 -2.31228 -7.10798
9.50973 90000400000000100 90000400000000099 90000400000000112 90000400000000098 9.00233985416 3.56019 -2.61174 -5.42244
9.51074 90000400000000099 90000400000000098 90000400000000112 90000400000000097 8.9079991856 2.82092 -2.41977 -5.0209
9.55751 90000400000000098 90000400000000097 90000400000000112 90000400000000096 8.44947629437 3.02774 -4.915 -7.78097
9.61186 90000400000000097 90000400000000096 90000400000000112 90000400000000095 8.01217294887 1.50887 -4.69884 -9.42839
9.67145 90000400000000096 90000400000000095 90000400000000112 90000400000000094 7.59510714987 3.91915 -3.83084 -8.63961
9.69449 90000400000000095 90000400000000094 90000400000000112 90000400000000093 7.23627606617 2.15329 -2.69631 -9.99491
9.72445 90000400000000094 90000400000000093 90000400000000112 90000400000000092 7.00541704554 8.09405 -4.21067 -9.4596
9.7366 90000400000000093 90000400000000092 90000400000000112 90000400000000091 6.85511726265 6.80226 -5.23044 -9.47582
9.75133 90000400000000092 90000400000000091 90000400000000112 90000400000000090 6.49159774567 6.00027 -2.33345 -7.39369
9.92315 90000400000000091 90000400000000090 90000400000000112 90000400000000089 6.14490120342 -17.1113 21.2196 -14.0776
9.93997 90000400000000090 90000400000000089 90000400000000112 90000400000000088 6.01075739884 -25.7067 9.99391 -29.3212
10.0246 90000400000000089 90000400000000088 90000400000000112 90000400000000087 5.84661374788 -38.9316 -7.25767 -31.2231
10.0267 90000400000000088 90000400000000087 90000400000000112 90000400000000086 5.52976580795 -28.893 -5.98176 -31.3231
10.0497 90000400000000087 90000400000000086 90000400000000112 90000400000000085 5.22758097313 -27.1151 14.7742 -24.3215
10.0998 90000400000000086 90000400000000085 90000400000000112 90000400000000084 4.99593346816 -28.7392 2.79422 -42.8072
10.1186 90000400000000085 90000400000000083 90000400000000112 90000400000000082 4.66451770247 -33.2031 1.19835 -26.0852
10.1315 90000400000000083 90000400000000082 90000400000000112 90000400000000081 4.42803373661 -33.3799 3.24714 -27.2874
10.133 90000400000000082 90000400000000081 90000400000000112 90000400000000080 4.17683491473 -26.1485 -4.26583 -42.5707
10.1467 90000400000000081 90000400000000080 90000400000000112 90000400000000079 4.00794511147 -28.0126 -4.21073 -34.8959
10.1694 90000400000000080 90000400000000077 90000400000000112 90000400000000076 3.49086136926 -26.271 -3.88409 -34.3069
10.2466 90000400000000077 90000400000000076 90000400000000112 90000400000000075 3.28303305796 -31.4256 5.35363 -55.1675
10.3123 90000400000000076 90000400000000075 90000400000000112 90000400000000074 3.08482263583 -33.4908 0.776005 -54.8565
10.3576 90000400000000075 90000400000000074 90000400000000112 90000400000000073 3.00813107163 -40.0302 4.81285 -45.8464
10.3806 90000400000000074 90000400000000073 90000400000000112 90000400000000072 2.89578500573 -33.3142 -8.47486 -46.3044
10.4468 90000400000000073 90000400000000072 90000400000000112 90000400000000071 2.73314261732 -29.7597 -7.06507 -33.5054
10.4919 90000400000000072 90000400000000071 90000400000000112 90000400000000070 2.5772902716 -38.7976 3.15206 -23.5398
10.5468 90000400000000071 90000400000000070 90000400000000112 90000400000000069 2.44422570455 -59.8072 -4.18998 7.58629
10.6113 90000400000000070 90000400000000069 90000400000000112 90000400000000068 2.31611074396 -24.2142 -65.8643 -10.1868
10.6331 90000400000000069 90000400000000068 90000400000000112 90000400000000067 2.20792547238 -26.9811 -63.856 -15.7377
10.7643 90000400000000068 90000400000000065 90000400000000112 90000400000000064 1.90408954353 -63.687 104.429 -79.5017
10.8077 90000400000000065 90000400000000064 90000400000000112 90000400000000063 1.82268925262 -51.6156 115.892 -103.022
10.8274 90000400000000064 90000400000000063 90000400000000112 90000400000000062 1.74357057433 -30.0911 73.22 -95.7797
10.8955 90000400000000063 90000400000000061 90000400000000112 90000400000000060 1.60423452207 -64.4117 94.4024 -76.8507
10.984 90000400000000061 90000400000000060 90000400000000112 90000400000000059 1.53123902916 -34.4444 175.035 -138.504
11.0013 90000400000000060 90000400000000059 90000400000000112 90000400000000058 1.47197484527 -36.4303 144.712 -134.058
11.0757 90000400000000059 90000400000000057 90000400000000112 90000400000000056 1.3575766674 -85.8482 340.859 -159.91
11.1001 90000400000000057 90000400000000055 90000400000000112 90000400000000054 1.24847261425 -82.5165 372.541 -156.956
11.1729 90000400000000055 90000400000000048 90000400000000112 90000400000000047 0.950531351585 -6.76288 191.464 -158.677
11.1773 90000400000000048 90000400000000046 90000400000000112 90000400000000045 0.886896937575 -22.2442 194.901 -153.211
11.1824 90000400000000046 90000400000000044 90000400000000112 90000400000000043 0.816709979012 -6.67992 232.61 -141.27
11.1838 90000400000000044 90000400000000043 90000400000000112 90000400000000042 0.791068248946 5.91018 235.719 -132.011
11.1854 90000400000000043 90000400000000042 90000400000000112 90000400000000041 0.757441372616 -13.5839 255.587 -131.162
11.1939 90000400000000042 90000400000000041 90000400000000112 90000400000000040 0.732636182022 -14.0267 251.352 -133.41
11.2013 90000400000000041 90000400000000040 90000400000000112 90000400000000039 0.700106353719 7.77206 253.812 -144.034
11.2048 90000400000000040 90000400000000039 90000400000000112 90000400000000038 0.676110411213 -0.339644 261.022 -149.185
11.2085 90000400000000039 90000400000000038 90000400000000112 90000400000000037 0.644641840685 -5.44298 267.597 -142.154
11.2168 90000400000000038 90000400000000037 90000400000000112 90000400000000036 0.621428745243 8.04084 257.984 -152.124
11.225 90000400000000037 90000400000000036 90000400000000112 90000400000000035 0.598543288188 13.9214 239.353 -155.733
11.2363 90000400000000036 90000400000000035 90000400000000112 90000400000000034 0.575980845108 21.7535 262.324 -162.062
11.2432 90000400000000035 90000400000000034 90000400000000112 90000400000000033 0.546392183141 41.4058 257.375 -170.305
11.2483 90000400000000034 90000400000000033 90000400000000112 90000400000000032 0.524565820434 47.8578 276.087 -165.284
11.2527 90000400000000033 90000400000000032 90000400000000112 90000400000000031 0.503047523245 44.3784 256.7 -173.89
11.2561 90000400000000032 90000400000000031 90000400000000112 90000400000000030 0.481832943421 65.7248 258.566 -175.263
11.2584 90000400000000031 90000400000000030 90000400000000112 90000400000000029 0.460917794181 70.4191 252.86 -174.967
11.2643 90000400000000030 90000400000000029 90000400000000112 90000400000000028 0.440297849248 78.6647 248.024 -170.824
11.2686 90000400000000029 90000400000000028 90000400000000112 90000400000000027 0.419968941997 88.0452 243.254 -176.96
11.2729 90000400000000028 90000400000000027 90000400000000112 90000400000000026 0.399926964614 92.5289 242.028 -161.887
11.2765 90000400000000027 90000400000000026 90000400000000112 90000400000000025 0.38016786726 93.3323 249.853 -160.472
11.2849 90000400000000026 90000400000000025 90000400000000112 90000400000000024 0.360687657262 91.6888 244.417 -160.556
11.2858 90000400000000025 90000400000000024 90000400000000112 90000400000000023 0.347853841858 95.4723 251.928 -163.691
11.2874 90000400000000024 90000400000000023 90000400000000112 90000400000000022 0.328829724206 92.0757 240.234 -156.984
11.2928 90000400000000023 90000400000000022 90000400000000112 90000400000000021 0.310074120128 84.1212 236.561 -161.731
11.299 90000400000000022 90000400000000021 90000400000000112 90000400000000020 0.291583239722 100.457 244.442 -162.685
11.2994 90000400000000021 90000400000000020 90000400000000112 90000400000000019 0.273353346578 90.6454 247.672 -157.899
11.2997 90000400000000020 90000400000000019 90000400000000112 90000400000000018 0.261343256161 94.0345 238.925 -159.809
11.3009 90000400000000019 90000400000000018 90000400000000112 90000400000000017 0.243540181555 96.9486 230.195 -159.235
11.3053 90000400000000018 90000400000000017 90000400000000112 90000400000000016 0.22598838626 103.522 227.301 -167.671
11.3069 90000400000000017 90000400000000015 90000400000000112 90000400000000014 0.197284182376 98.4591 232.542 -153.798
11.3095 90000400000000015 90000400000000014 90000400000000112 90000400000000013 0.180385261706 103.753 237.885 -148.891
11.3115 90000400000000014 90000400000000012 90000400000000112 90000400000000011 0.152748768902 102.801 251.583 -140.077
11.3133 90000400000000012 90000400000000011 90000400000000112 90000400000000010 0.14187620397 103.269 250.474 -140.704
11.3162 90000400000000011 90000400000000010 90000400000000112 90000400000000009 0.125759332411 92.0532 261.926 -131.421
11.3189 90000400000000010 90000400000000009 90000400000000112 90000400000000008 0.109869940459 99.269 276.254 -128.012
11.3232 90000400000000009 90000400000000007 90000400000000112 90000400000000006 0.0838844307975 95.6362 278.565 -124.841
11.3263 90000400000000007 90000400000000005 90000400000000112 90000400000000004 0.0585073227945 96.6057 275.88 -116.88
11.3267 90000400000000005 90000400000000004 90000400000000112 90000400000000003 0.0485236299818 97.0286 278.604 -125.311
11.3301 90000400000000004 90000400000000003 90000400000000112 90000400000000002 0.0337243718735 86.9725 284.422 -120.836
11.3323 90000400000000003 90000400000000002 90000400000000112 90000400000000001 0.0239744283828 89.1447 273.318 -120.387
11.3338 90000400000000002 90000400000000001 90000400000000112 90000400000000000 0.00952166696794 93.1959 262.199 -118.178
11.3393 90000400000000001 90000400000000000 90000400000000112 -1 2.22044604925e-16 86.9844 249.522 -114.865
9.0316 90000400000000136 90000400000000135 90000400000000140 90000400000000134 7.00541704554 -5.94858 -0.682779 5.48782
9.03463 90000400000000135 90000400000000134 90000400000000140 90000400000000133 6.85511726265 -6.11817 1.30696 6.76479
9.10415 90000400000000134 90000400000000133 90000400000000140 90000400000000132 6.49159774567 -7.38945 6.55136 6.7827
9.14108 90000400000000159 90000400000000158 90000400000000166 90000400000000157 8.01217294887 -1.12399 1.29299 4.15968
9.1663 90000400000000158 90000400000000155 90000400000000166 90000400000000154 7.00541704554 2.78235 -3.87687 7.78398
9.17293 90000400000000155 90000400000000154 90000400000000166 90000400000000153 6.85511726265 -0.490911 -1.41852 3.83746
9.00012 90000400000000224 90000400000000223 90000400000000227 90000400000000222 7.59510714987 -1.65383 3.51708 1.89425
9.02548 90000400000000223 90000400000000222 90000400000000227 90000400000000221 7.23627606617 -2.88845 7.03966 3.202
9.05235 90000400000000222 90000400000000221 90000400000000227 90000400000000220 7.00541704554 -2.67513 6.39432 3.04397
9.06096 90000400000000221 90000400000000220 90000400000000227 90000400000000219 6.85511726265 -0.271323 -0.778611 4.18518
9.06939 90000400000000220 90000400000000219 90000400000000227 90000400000000218 6.49159774567 -0.36806 0.639984 -1.36965
9.10926 90000400000000219 90000400000000216 90000400000000227 90000400000000215 5.84661374788 -0.943653 2.67703 5.85541
9.10926 90000400000000216 90000400000000212 90000400000000227 90000400000000211 4.93938066349 -3.22922 5.3041 3.9189
9.13871 90000400000000212 90000400000000211 90000400000000227 90000400000000210 4.66451770247 -2.16242 4.30738 6.8648
9.18802 90000400000000211 90000400000000209 90000400000000227 90000400000000208 4.17683491473 -3.36938 1.66194 6.41523
9.18802 90000400000000209 90000400000000206 90000400000000227 90000400000000205 3.70877426464 -6.00924 -2.97651 -1.52804
9.2342 90000400000000206 90000400000000205 90000400000000227 90000400000000204 3.49086136926 -6.08513 -4.32659 -3.79051
9.25284 90000400000000205 90000400000000204 90000400000000227 90000400000000203 3.28303305796 -8.98489 -3.49535 -5.34239
9.08038 90000400000000247 90000400000000246 90000400000000251 90000400000000245 6.14490120342 5.27619 -26.0654 -6.13315
9.22262 90000400000000246 90000400000000244 90000400000000251 90000400000000243 5.52976580795 -2.02652 -23.1056 5.24395
9.29787 90000400000000244 90000400000000243 90000400000000251 90000400000000242 5.22758097313 -2.67682 -15.1512 -0.715354
9.34016 90000400000000243 90000400000000242 90000400000000251 90000400000000241 4.99593346816 -8.9785 -12.0224 -0.394436
9.37732 90000400000000242 90000400000000241 90000400000000251 90000400000000240 4.93938066349 -14.4901 -8.49674 1.81233
9.51475 90000400000000241 90000400000000240 90000400000000251 90000400000000239 4.66451770247 -15.9553 -5.23445 -12.8888
9.52657 90000400000000240 90000400000000239 90000400000000251 90000400000000238 4.42803373661 -12.7127 -7.75232 -2.92427
9.54928 90000400000000239 90000400000000237 90000400000000251 90000400000000236 4.00794511147 -15.0674 -0.959214 -6.92246
9.10415 90000400000000259 90000400000000258 90000400000000262 90000400000000257 6.01075739884 -7.24505 4.62871 4.35192
9.16182 90000400000000258 90000400000000257 90000400000000262 90000400000000256 5.84661374788 -14.1597 -15.7358 -10.2273
9.00337 90000400000000332 90000400000000331 90000400000000341 90000400000000330 6.49159774567 -4.26468 -4.74798 3.18369
9.0666 90000400000000331 90000400000000330 90000400000000341 90000400000000329 6.14490120342 -5.6537 -6.76489 4.63988
9.07766 90000400000000330 90000400000000327 90000400000000341 90000400000000326 5.52976580795 -6.97751 -2.7433 1.9935
9.10415 90000400000000327 90000400000000326 90000400000000341 90000400000000325 5.22758097313 -6.44599 -1.97039 1.40923
9.16182 90000400000000326 90000400000000325 90000400000000341 90000400000000324 4.99593346816 -6.87342 0.648681 0.290952
9.1663 90000400000000325 90000400000000324 90000400000000341 90000400000000323 4.93938066349 -7.32146 0.201687 -0.374235
9.22651 90000400000000324 90000400000000323 90000400000000341 90000400000000322 4.66451770247 -7.34219 -0.675874 0.701994
9.24362 90000400000000323 90000400000000322 90000400000000341 90000400000000321 4.42803373661 -5.85903 -2.10079 2.02199
9.2828 90000400000000322 90000400000000319 90000400000000341 90000400000000318 3.93726108473 -7.37407 -3.82789 0.0284647
9.3156 90000400000000319 90000400000000311 90000400000000341 90000400000000310 2.5772902716 -7.63396 4.07049 -3.18844
9.13154 90000400000000389 90000400000000388 90000400000000393 90000400000000387 7.59510714987 -0.434042 0.911672 -5.43792
9.15956 90000400000000388 90000400000000387 90000400000000393 90000400000000386 7.23627606617 -0.585725 -1.9265 -4.9025
9.17073 90000400000000387 90000400000000386 90000400000000393 90000400000000385 7.00541704554 -0.0130969 -4.64704 -1.78991
9.19433 90000400000000386 90000400000000385 90000400000000393 90000400000000384 6.85511726265 0.974816 -3.44178 -1.70999
9.43497 90000400000000385 90000400000000384 90000400000000393 90000400000000383 6.49159774567 8.77826 9.90518 -11.038
9.54465 90000400000000384 90000400000000383 90000400000000393 90000400000000382 6.14490120342 -0.839894 16.0703 -11.0674
9.57869 90000400000000383 90000400000000382 90000400000000393 90000400000000381 6.01075739884 -0.664252 13.84 -12.2611
9.58213 90000400000000382 90000400000000381 90000400000000393 90000400000000380 5.84661374788 -0.483976 12.6638 -11.0117
9.62523 90000400000000381 90000400000000380 90000400000000393 90000400000000379 5.52976580795 1.31764 10.5857 -9.05437
9.6756 90000400000000380 90000400000000379 90000400000000393 90000400000000378 5.22758097313 4.48375 3.48353 -11.5626
9.70234 90000400000000379 90000400000000378 90000400000000393 90000400000000377 4.99593346816 -1.52807 30.2673 -32.2953
9.70363 90000400000000378 90000400000000377 90000400000000393 90000400000000376 4.93938066349 -2.33657 36.827 -27.3438
9.71195 90000400000000377 90000400000000374 90000400000000393 90000400000000373 4.17683491473 2.33213 -6.13275 1.3262
9.85718 90000400000000374 90000400000000373 90000400000000393 90000400000000372 4.00794511147 9.0827 -6.63511 26.2555
9.8912 90000400000000373 90000400000000372 90000400000000393 90000400000000371 3.93726108473 5.84012 -17.3253 28.7289
9.93241 90000400000000372 90000400000000371 90000400000000393 90000400000000370 3.70877426464 10.3384 -31.7986 29.2231
9.96334 90000400000000371 90000400000000370 90000400000000393 90000400000000369 3.49086136926 3.88202 -23.2326 27.1944
9.99881 90000400000000370 90000400000000369 90000400000000393 90000400000000368 3.28303305796 23.4462 -21.4151 25.6386
10.0349 90000400000000369 90000400000000368 90000400000000393 90000400000000367 3.08482263583 41.8038 -24.088 31.1487
10.0361 90000400000000368 90000400000000366 90000400000000393 90000400000000365 2.89578500573 20.749 -7.88329 39.8662
9.01928 90000400000000442 90000400000000441 90000400000000451 90000400000000440 6.14490120342 -2.92777 -10.0932 6.86682
9.08845 90000400000000441 90000400000000440 90000400000000451 90000400000000439 6.01075739884 -10.2104 -16.131 2.28224
9.26543 90000400000000440 90000400000000439 90000400000000451 90000400000000438 5.84661374788 -9.72089 -9.7471 -0.946278
9.2845 90000400000000439 90000400000000438 90000400000000451 90000400000000437 5.52976580795 -6.41628 -8.84687 -5.80976
9.36622 90000400000000438 90000400000000435 90000400000000451 90000400000000434 4.66451770247 -0.648277 -9.39967 4.79142
9.2026 90000400000000466 90000400000000465 90000400000000466 90000400000000464 4.99593346816 -3.20403 -8.25597 0.984922
9.26365 90000400000000465 90000400000000464 90000400000000466 90000400000000435 4.93938066349 -3.55128 -8.60246 -0.0119672
9.09898 90000400000000543 90000400000000542 90000400000000548 90000400000000541 9.84138043947 17.5558 -0.0201275 1.26974
9.17293 90000400000000542 90000400000000541 90000400000000548 90000400000000540 9.38877127194 11.2075 0.495193 3.80368
9.20464 90000400000000541 90000400000000540 90000400000000548 90000400000000539 9.00233985416 12.5421 3.25029 5.40138
9.21272 90000400000000540 90000400000000539 90000400000000548 90000400000000538 8.9079991856 12.7456 2.64088 3.87594
9.33111 90000400000000539 90000400000000538 90000400000000548 90000400000000537 8.44947629437 18.6396 4.54307 4.85361
9.39346 90000400000000538 90000400000000537 90000400000000548 90000400000000536 8.01217294887 15.4566 4.53141 7.61075
9.50158 90000400000000537 90000400000000536 90000400000000548 90000400000000535 7.59510714987 15.6515 12.976 10.7176
9.54372 90000400000000536 90000400000000535 90000400000000548 90000400000000534 7.23627606617 11.2046 7.24408 10.2937
9.58638 90000400000000535 90000400000000534 90000400000000548 90000400000000533 7.00541704554 7.92848 11.3803 8.9017
9.59143 90000400000000534 90000400000000533 90000400000000548 90000400000000532 6.85511726265 5.08667 12.8793 7.87747
9.63442 90000400000000533 90000400000000532 90000400000000548 90000400000000531 6.49159774567 10.2178 14.2555 7.99101
9.65078 90000400000000532 90000400000000531 90000400000000548 90000400000000530 6.14490120342 11.2145 14.5335 9.08666
9.69317 90000400000000531 90000400000000530 90000400000000548 90000400000000529 6.01075739884 2.42501 21.16 12.1625
9.69843 90000400000000530 90000400000000529 90000400000000548 90000400000000528 5.84661374788 2.92987 18.8301 9.38409
9.7348 90000400000000529 90000400000000528 90000400000000548 90000400000000527 5.52976580795 4.94162 20.9108 13.6671
9.77058 90000400000000528 90000400000000527 90000400000000548 90000400000000526 5.22758097313 7.1498 15.4262 7.45644
9.82517 90000400000000527 90000400000000526 90000400000000548 90000400000000525 4.99593346816 3.26031 23.2228 13.5726
9.84475 90000400000000526 90000400000000524 90000400000000548 90000400000000523 4.66451770247 3.19681 18.7349 10.5521
9.85808 90000400000000524 90000400000000522 90000400000000548 90000400000000521 4.17683491473 8.16492 19.1558 14.0824
9.89704 90000400000000522 90000400000000521 90000400000000548 90000400000000520 4.00794511147 1.49812 17.2572 15.4454
9.90321 90000400000000521 90000400000000520 90000400000000548 90000400000000519 3.93726108473 3.03837 13.1365 11.3843
10.1584 90000400000000520 90000400000000518 90000400000000548 90000400000000517 3.49086136926 27.5352 2.93803 31.7984
10.4003 90000400000000518 90000400000000517 90000400000000548 90000400000000516 3.28303305796 47.5392 -16.0887 53.2294
10.46 90000400000000517 90000400000000514 90000400000000548 90000400000000513 2.89578500573 45.672 -32.2243 35.8996
10.5078 90000400000000514 90000400000000513 90000400000000548 90000400000000512 2.73314261732 48.5603 -19.8595 49.7815
10.5198 90000400000000513 90000400000000512 90000400000000548 90000400000000511 2.5772902716 29.5475 -33.8071 45.8742
10.5468 90000400000000512 90000400000000511 90000400000000548 90000400000000510 2.44422570455 48.9738 -44.4664 39.8272
10.6073 90000400000000511 90000400000000508 90000400000000548 90000400000000507 2.1032696526 60.5229 -49.9101 6.55197
10.6262 90000400000000508 90000400000000507 90000400000000548 90000400000000506 2.00202813925 40.1535 -29.3436 -39.0368
11.0196 90000400000000507 90000400000000499 90000400000000548 90000400000000498 1.41409822037 -66.9609 331.379 -187.122
11.1052 90000400000000499 90000400000000497 90000400000000548 90000400000000496 1.30237845991 -85.7154 385.301 -172.979
11.1178 90000400000000497 90000400000000493 90000400000000548 90000400000000492 1.11415056377 -40.4968 292.631 -152.347
11.1236 90000400000000493 90000400000000492 90000400000000548 90000400000000491 1.07445789455 -25.1535 251.414 -148.945
11.1487 90000400000000492 90000400000000491 90000400000000548 90000400000000490 1.03551044566 -11.8761 223.344 -151.459
11.1584 90000400000000491 90000400000000490 90000400000000548 90000400000000489 0.997294225782 -18.1087 209.295 -145.829
11.1587 90000400000000490 90000400000000489 90000400000000548 90000400000000048 0.987852810816 -17.0833 212.661 -151.63
9.12178 90000400000000635 90000400000000634 90000400000000642 90000400000000633 7.59510714987 -4.85105 1.37201 4.03492
9.15956 90000400000000634 90000400000000633 90000400000000642 90000400000000632 7.23627606617 -4.7831 3.71497 5.50721
9.19641 90000400000000633 90000400000000632 90000400000000642 90000400000000631 7.00541704554 -2.37345 2.70966 6.11414
9.22651 90000400000000632 90000400000000631 90000400000000642 90000400000000630 6.85511726265 -3.30331 1.09471 7.44001
9.54091 90000400000000631 90000400000000630 90000400000000642 90000400000000629 6.49159774567 -0.0663708 38.3997 40.2418
9.64638 90000400000000630 90000400000000625 90000400000000642 90000400000000624 5.22758097313 -1.46577 9.32152 18.227
9.74491 90000400000000625 90000400000000624 90000400000000642 90000400000000623 4.99593346816 6.77712 8.54124 20.6206
9.79951 90000400000000624 90000400000000622 90000400000000642 90000400000000621 4.66451770247 -2.94131 5.29619 20.5535
9.86348 90000400000000622 90000400000000621 90000400000000642 90000400000000620 4.42803373661 -4.21378 3.63337 21.9887
9.91169 90000400000000621 90000400000000620 90000400000000642 90000400000000619 4.17683491473 -12.1994 8.7845 27.8755
9.95833 90000400000000620 90000400000000619 90000400000000642 90000400000000618 4.00794511147 -15.4218 19.2598 36.7481
9.97004 90000400000000619 90000400000000618 90000400000000642 90000400000000617 3.93726108473 -5.97461 12.6027 31.646
10.0612 90000400000000618 90000400000000617 90000400000000642 90000400000000616 3.70877426464 4.64031 9.21125 14.439
10.4036 90000400000000617 90000400000000614 90000400000000642 90000400000000613 3.08482263583 47.0306 -21.8428 40.0515
10.4324 90000400000000614 90000400000000613 90000400000000642 90000400000000612 3.00813107163 48.1646 -21.9925 37.9837
9.16407 90000400000000665 90000400000000664 90000400000000668 90000400000000663 7.59510714987 0.355222 16.3425 26.8673
9.2026 90000400000000664 90000400000000660 90000400000000668 90000400000000659 6.14490120342 11.4353 0.191644 9.82402
9.00012 90000400000000948 90000400000000947 90000400000000953 90000400000000946 5.84661374788 -3.688 5.43708 5.67345
9.12178 90000400000000947 90000400000000946 90000400000000953 90000400000000945 5.52976580795 10.3824 -5.26538 3.61761
9.17073 90000400000000946 90000400000000945 90000400000000953 90000400000000944 5.22758097313 12.8913 14.0182 5.30263
9.2026 90000400000000945 90000400000000944 90000400000000953 90000400000000943 4.99593346816 -5.22506 13.9277 21.634
9.3974 90000400000000944 90000400000000942 90000400000000953 90000400000000941 4.66451770247 -1.07868 13.6553 24.0329
9.51475 90000400000000942 90000400000000937 90000400000000953 90000400000000936 3.70877426464 25.6453 11.5411 -6.05965
9.58891 90000400000000937 90000400000000934 90000400000000953 90000400000000933 3.08482263583 19.1733 15.257 25.7695
9.5956 90000400000000934 90000400000000933 90000400000000953 90000400000000932 3.00813107163 21.2268 13.3077 22.6205
9.62831 90000400000000933 90000400000000932 90000400000000953 90000400000000931 2.89578500573 17.7218 13.4537 15.893
9.66443 90000400000000932 90000400000000931 90000400000000953 90000400000000930 2.73314261732 20.9624 7.89086 16.501
9.17512 90000400000000983 90000400000000982 90000400000000995 90000400000000981 4.17683491473 -27.6852 1.43677 -3.89056
9.19433 90000400000001052 90000400000001051 90000400000001060 90000400000001050 5.22758097313 -5.13279 -6.95487 -0.0104252
9.27766 90000400000001051 90000400000001050 90000400000001060 90000400000001049 4.99593346816 -2.97332 -7.10746 1.02978
9.2845 90000400000001050 90000400000001049 90000400000001060 90000400000001048 4.93938066349 -4.56107 -9.13012 0.827058
9.37319 90000400000001049 90000400000001047 90000400000001060 90000400000001046 4.42803373661 -5.9704 -10.1986 -4.22875
9.40389 90000400000001047 90000400000001046 90000400000001060 90000400000001045 4.17683491473 -6.33865 -9.65005 -3.5603
9.44914 90000400000001046 90000400000001040 90000400000001060 90000400000001039 3.08482263583 -7.96247 -2.62081 16.2868
9.49116 90000400000001040 90000400000001038 90000400000001060 90000400000001037 2.89578500573 -17.2365 -0.601476 -10.9384
9.47396 90000400000001115 90000400000001114 90000400000001116 90000400000001113 1.20625808078 0.924949 -10.4548 -8.95972
9.02239 90000400000001186 90000400000001185 90000400000001201 90000400000001184 5.84661374788 -5.93341 -6.08624 -2.30316
9.08578 90000400000001185 90000400000001184 90000400000001201 90000400000001183 5.52976580795 -3.34092 -11.6032 -1.91778
9.14344 90000400000001184 90000400000001180 90000400000001201 90000400000001179 4.66451770247 -1.66216 -14.8811 -0.144896
9.17729 90000400000001180 90000400000001178 90000400000001201 90000400000001177 4.17683491473 -2.60604 -13.8688 0.317686
9.18162 90000400000001178 90000400000001176 90000400000001201 90000400000001175 3.93726108473 -5.52569 -12.6418 -1.37843
9.25466 90000400000001176 90000400000001175 90000400000001201 90000400000001174 3.70877426464 -9.20827 -17.8125 -0.120544
9.32958 90000400000001175 90000400000001174 90000400000001201 90000400000001173 3.49086136926 -16.893 -25.1513 -5.38282
9.43974 90000400000001174 90000400000001173 90000400000001201 90000400000001172 3.28303305796 -25.2092 -29.9308 -12.605
9.50363 90000400000001173 90000400000001172 90000400000001201 90000400000001171 3.08482263583 -23.2864 -41.5572 -10.2217
9.54558 90000400000001172 90000400000001170 90000400000001201 90000400000001169 2.89578500573 -26.4239 -45.0316 -10.935
9.55751 90000400000001170 90000400000001168 90000400000001201 90000400000001167 2.5772902716 -22.2129 -41.8989 -8.68068
9.03763 90000400000001275 90000400000001274 90000400000001287 90000400000001273 4.66451770247 -5.09263 -4.27936 0.665661
9.04945 90000400000001274 90000400000001267 90000400000001287 90000400000001266 3.28303305796 -0.621851 -1.17795 8.6432
9.06096 90000400000001267 90000400000001266 90000400000001287 90000400000001265 3.08482263583 -4.36228 -1.14023 8.6721
9.06096 90000400000001266 90000400000001265 90000400000001287 90000400000001264 3.00813107163 -6.88804 0.841358 9.43956
