logMh | fpID | subhaloID | main leaf ID | descID |  z
9.18589 90000173800000098 90000173800000097 90000173800000101 90000173800000096 8.01217294887 14.9753 1.99791 -14.8198
9.22066 90000173800000097 90000173800000096 90000173800000101 90000173800000095 7.59510714987 2.4453 0.826175 4.03982
9.34902 90000173800000096 90000173800000095 90000173800000101 90000173800000094 7.23627606617 12.3549 -6.15214 -4.9757
9.39346 90000173800000095 90000173800000094 90000173800000101 90000173800000093 7.00541704554 3.15481 9.82905 -8.2681
9.44329 90000173800000094 90000173800000093 90000173800000101 90000173800000092 6.85511726265 4.4288 8.60425 -9.01161
9.56379 90000173800000093 90000173800000091 90000173800000101 90000173800000090 6.14490120342 6.98103 0.212109 -8.89904
9.60785 90000173800000091 90000173800000090 90000173800000101 90000173800000089 6.01075739884 8.09219 1.56924 -3.07203
9.63744 90000173800000090 90000173800000089 90000173800000101 90000173800000088 5.84661374788 10.4822 -4.46099 1.48096
9.70039 90000173800000089 90000173800000088 90000173800000101 90000173800000087 5.52976580795 5.3062 -2.21746 3.51459
9.82321 90000173800000088 90000173800000087 90000173800000101 90000173800000086 5.22758097313 5.50215 6.1457 0.213227
9.8719 90000173800000087 90000173800000086 90000173800000101 90000173800000085 4.99593346816 0.594827 2.29505 8.899
9.96012 90000173800000086 90000173800000084 90000173800000101 90000173800000083 4.66451770247 -17.357 6.621 -0.125203
10.1373 90000173800000084 90000173800000083 90000173800000101 90000173800000082 4.42803373661 -23.7543 6.79595 -15.268
10.2778 90000173800000083 90000173800000082 90000173800000101 90000173800000081 4.17683491473 -31.8825 -14.922 -18.9262
10.3433 90000173800000082 90000173800000081 90000173800000101 90000173800000080 4.00794511147 -33.2577 -39.396 -8.38703
10.3715 90000173800000081 90000173800000080 90000173800000101 90000173800000079 3.93726108473 -45.8157 -36.0734 -8.79328
10.4178 90000173800000080 90000173800000079 90000173800000101 90000173800000078 3.70877426464 -51.8218 -29.465 -13.3668
10.4689 90000173800000079 90000173800000078 90000173800000101 90000173800000077 3.49086136926 -69.3427 -17.1703 -15.4616
10.529 90000173800000078 90000173800000077 90000173800000101 90000173800000076 3.28303305796 -100.748 0.0962623 -17.2056
10.546 90000173800000077 90000173800000075 90000173800000101 90000173800000074 3.00813107163 -81.9098 -7.67261 -12.8803
10.5765 90000173800000075 90000173800000074 90000173800000101 90000173800000073 2.89578500573 -67.9338 -9.45111 -19.6422
10.6032 90000173800000074 90000173800000073 90000173800000101 90000173800000072 2.73314261732 -53.7193 -9.68993 -12.6099
10.6034 90000173800000073 90000173800000071 90000173800000101 90000173800000070 2.44422570455 -26.7229 -0.564671 -17.0005
10.6137 90000173800000071 90000173800000070 90000173800000101 90000173800000069 2.31611074396 -1.34024 6.73033 -6.98209
10.6173 90000173800000070 90000173800000069 90000173800000101 90000173800000068 2.20792547238 -21.3716 8.4552 1.22778
10.6355 90000173800000069 90000173800000068 90000173800000101 90000173800000067 2.1032696526 -11.5913 15.7085 10.248
10.6522 90000173800000068 90000173800000067 90000173800000101 90000173800000066 2.00202813925 -20.1396 10.7151 -4.80541
10.6818 90000173800000067 90000173800000066 90000173800000101 90000173800000065 1.90408954353 7.09672 -9.95009 -2.06708
10.6888 90000173800000066 90000173800000065 90000173800000101 90000173800000064 1.82268925262 13.0327 -9.65205 -1.16015
10.7324 90000173800000065 90000173800000064 90000173800000101 90000173800000063 1.74357057433 22.0206 -3.08257 26.1537
10.7595 90000173800000064 90000173800000063 90000173800000101 90000173800000062 1.66666955611 37.1707 1.72136 19.8806
10.7674 90000173800000063 90000173800000062 90000173800000101 90000173800000061 1.60423452207 39.5979 -9.4712 17.621
10.8071 90000173800000062 90000173800000061 90000173800000101 90000173800000060 1.53123902916 48.3886 -11.0578 30.894
10.8309 90000173800000061 90000173800000060 90000173800000101 90000173800000059 1.47197484527 54.6107 -18.3514 24.2361
10.8445 90000173800000060 90000173800000059 90000173800000101 90000173800000058 1.41409822037 63.4376 -17.9247 22.0897
10.8525 90000173800000059 90000173800000058 90000173800000101 90000173800000057 1.3575766674 46.2192 -14.705 23.1717
10.8772 90000173800000058 90000173800000057 90000173800000101 90000173800000056 1.30237845991 48.3486 -8.18507 2.27344
10.8894 90000173800000057 90000173800000056 90000173800000101 90000173800000055 1.24847261425 66.5821 -11.0997 8.9767
10.9047 90000173800000056 90000173800000054 90000173800000101 90000173800000053 1.15460271236 80.2894 -19.0647 -11.0537
10.9378 90000173800000054 90000173800000053 90000173800000101 90000173800000052 1.11415056377 91.515 10.044 -13.3747
10.9797 90000173800000053 90000173800000052 90000173800000101 90000173800000051 1.07445789455 102.151 24.4059 -15.7627
11.0251 90000173800000052 90000173800000050 90000173800000101 90000173800000049 0.997294225782 109.709 47.3542 -16.4541
11.0291 90000173800000050 90000173800000049 90000173800000101 90000173800000048 0.987852810816 105.212 66.9532 -18.9654
11.0431 90000173800000049 90000173800000048 90000173800000101 90000173800000047 0.950531351585 102.533 56.9805 -24.2679
11.0505 90000173800000048 90000173800000046 90000173800000101 90000173800000045 0.886896937575 95.5649 40.6907 -37.9662
11.0743 90000173800000046 90000173800000045 90000173800000101 90000173800000044 0.851470900625 104.958 49.1145 -15.4918
11.0939 90000173800000045 90000173800000044 90000173800000101 90000173800000043 0.816709979012 102.884 33.6029 -19.292
11.0956 90000173800000044 90000173800000043 90000173800000101 90000173800000042 0.791068248946 112.334 37.8437 -9.69644
11.0997 90000173800000043 90000173800000042 90000173800000101 90000173800000041 0.757441372616 116.01 33.2511 -0.208966
11.1017 90000173800000042 90000173800000028 90000173800000101 90000173800000027 0.419968941997 215.795 -44.5731 35.242
11.1114 90000173800000028 90000173800000027 90000173800000101 90000173800000026 0.399926964614 221.249 -44.1863 41.9113
11.118 90000173800000027 90000173800000025 90000173800000101 90000173800000024 0.360687657262 210.683 -42.6725 41.0093
11.1226 90000173800000025 90000173800000024 90000173800000101 90000173800000023 0.347853841858 226.396 -38.9827 57.8533
11.1253 90000173800000024 90000173800000023 90000173800000101 90000173800000022 0.328829724206 238.207 -46.4492 33.4134
11.1316 90000173800000023 90000173800000022 90000173800000101 90000173800000021 0.310074120128 270.138 -23.8131 41.0123
11.1386 90000173800000022 90000173800000020 90000173800000101 90000173800000019 0.273353346578 289.923 -16.2814 20.1458
11.1403 90000173800000020 90000173800000019 90000173800000101 90000173800000018 0.261343256161 291.42 -6.37424 30.2202
11.1513 90000173800000019 90000173800000018 90000173800000101 90000173800000017 0.243540181555 325.718 -2.91948 19.0217
11.1566 90000173800000018 90000173800000017 90000173800000101 90000173800000016 0.22598838626 330.498 9.49447 20.1015
11.1591 90000173800000017 90000173800000016 90000173800000101 90000173800000015 0.214425035514 319.175 14.6165 18.1035
11.1637 90000173800000016 90000173800000015 90000173800000101 90000173800000014 0.197284182376 290.205 8.64327 21.0274
11.1681 90000173800000015 90000173800000014 90000173800000101 90000173800000013 0.180385261706 288.365 4.09255 9.14533
11.1766 90000173800000014 90000173800000012 90000173800000101 90000173800000011 0.152748768902 338.676 17.5751 17.6912
11.1767 90000173800000012 90000173800000011 90000173800000101 90000173800000010 0.14187620397 337.733 12.4088 3.74796
11.1804 90000173800000011 90000173800000010 90000173800000101 90000173800000009 0.125759332411 362.325 11.9719 7.78292
11.1871 90000173800000010 90000173800000009 90000173800000101 90000173800000008 0.109869940459 392.479 27.6833 22.3709
11.1965 90000173800000009 90000173800000006 90000173800000101 90000173800000005 0.0736613846564 353.521 22.5537 23.0938
11.2014 90000173800000006 90000173800000004 90000173800000101 90000173800000003 0.0485236299818 361.775 28.8697 25.9669
11.2038 90000173800000004 90000173800000003 90000173800000101 90000173800000002 0.0337243718735 360.686 20.6655 16.6306
11.2114 90000173800000003 90000173800000001 90000173800000101 90000173800000000 0.00952166696794 373.422 26.0811 32.3877
11.2149 90000173800000001 90000173800000000 90000173800000101 -1 2.22044604925e-16 388.087 37.953 38.1694
9.15042 90000173800000138 90000173800000137 90000173800000141 90000173800000136 4.93938066349 0.031536 10.7325 -23.1906
9.10926 90000173800000167 90000173800000166 90000173800000171 90000173800000165 7.23627606617 12.2446 -6.68075 -5.51516
9.13154 90000173800000166 90000173800000164 90000173800000171 90000173800000163 6.85511726265 8.98038 -5.19412 -5.87275
9.21472 90000173800000164 90000173800000163 90000173800000171 90000173800000162 6.49159774567 7.9926 -1.59179 -9.01395
9.30763 90000173800000163 90000173800000162 90000173800000171 90000173800000161 6.14490120342 17.8783 -23.0162 -4.95627
9.35338 90000173800000162 90000173800000161 90000173800000171 90000173800000160 6.01075739884 17.9132 -18.2339 -6.54411
9.43377 90000173800000161 90000173800000159 90000173800000171 90000173800000158 5.52976580795 11.8314 -7.94117 -7.42364
9.51175 90000173800000159 90000173800000158 90000173800000171 90000173800000157 5.22758097313 11.9591 -20.1432 -4.95241
9.56735 90000173800000158 90000173800000157 90000173800000171 90000173800000156 4.99593346816 9.6741 -11.5404 -6.34707
9.61504 90000173800000157 90000173800000155 90000173800000171 90000173800000154 4.66451770247 17.4902 -15.7796 -4.11101
9.03763 90000173800000246 90000173800000245 90000173800000251 90000173800000244 4.42803373661 -7.60549 2.06558 -0.50599
9.05524 90000173800000245 90000173800000243 90000173800000251 90000173800000242 4.00794511147 -1.61429 1.92297 -1.67714
9.17293 90000173800000243 90000173800000241 90000173800000251 90000173800000240 3.70877426464 0.611697 2.69162 -1.14565
9.17512 90000173800000241 90000173800000240 90000173800000251 90000173800000239 3.49086136926 -0.601623 1.4257 0.588831
9.0098 90000173800000291 90000173800000290 90000173800000300 90000173800000289 8.44947629437 -1.73089 0.515182 0.341637
9.10671 90000173800000290 90000173800000289 90000173800000300 90000173800000288 8.01217294887 -3.96775 1.36842 0.718089
9.11681 90000173800000289 90000173800000288 90000173800000300 90000173800000287 7.59510714987 -2.17992 0.433754 0.976605
9.25101 90000173800000288 90000173800000287 90000173800000300 90000173800000286 7.23627606617 -7.3789 -6.68201 -0.867027
9.33111 90000173800000287 90000173800000286 90000173800000300 90000173800000285 7.00541704554 -8.1309 -10.2354 -2.44999
9.34756 90000173800000286 90000173800000285 90000173800000300 90000173800000284 6.85511726265 4.98142 -0.944422 -0.650213
9.52365 90000173800000285 90000173800000284 90000173800000300 90000173800000283 6.49159774567 -5.12546 -7.04239 0.814099
9.55021 90000173800000284 90000173800000283 90000173800000300 90000173800000282 6.14490120342 -8.47673 -5.82052 1.57732
9.57869 90000173800000283 90000173800000282 90000173800000300 90000173800000281 6.01075739884 -9.44509 -6.76928 2.5502
9.5931 90000173800000282 90000173800000281 90000173800000300 90000173800000280 5.84661374788 -6.51757 -5.67493 3.13264
9.63593 90000173800000281 90000173800000280 90000173800000300 90000173800000279 5.52976580795 -6.57467 -6.25076 0.326352
9.75593 90000173800000280 90000173800000279 90000173800000300 90000173800000278 5.22758097313 -22.1774 -3.67209 -7.70081
9.80568 90000173800000279 90000173800000278 90000173800000300 90000173800000277 4.99593346816 2.15649 9.66268 -7.30399
9.83147 90000173800000278 90000173800000275 90000173800000300 90000173800000274 4.42803373661 -16.6172 5.68311 -0.793398
9.08845 90000173800000311 90000173800000310 90000173800000317 90000173800000309 5.84661374788 -5.61777 -9.87415 1.34472
9.14811 90000173800000310 90000173800000309 90000173800000317 90000173800000308 5.52976580795 -8.40046 -9.96273 2.07623
9.02239 90000173800000423 90000173800000422 90000173800000431 90000173800000421 4.99593346816 1.79996 -3.04226 -0.717583
9.26543 90000173800000422 90000173800000421 90000173800000431 90000173800000420 4.93938066349 -5.31294 0.178856 -0.590875
9.27938 90000173800000421 90000173800000419 90000173800000431 90000173800000418 4.42803373661 -6.90803 3.99663 -3.45249
9.42404 90000173800000419 90000173800000418 90000173800000431 90000173800000417 4.17683491473 -13.105 -1.01876 0.808361
9.49116 90000173800000418 90000173800000417 90000173800000431 90000173800000416 4.00794511147 -4.50523 -13.8496 -3.15971
9.51175 90000173800000417 90000173800000416 90000173800000431 90000173800000415 3.93726108473 -8.01631 -13.523 2.59584
9.5314 90000173800000416 90000173800000415 90000173800000431 90000173800000414 3.70877426464 -8.60866 -18.0316 -2.448
9.57262 90000173800000415 90000173800000414 90000173800000431 90000173800000413 3.49086136926 -6.45751 -17.3782 1.27571
9.57869 90000173800000414 90000173800000411 90000173800000431 90000173800000410 3.00813107163 -10.1877 -15.3636 7.12208
9.63669 90000173800000411 90000173800000406 90000173800000431 90000173800000405 2.31611074396 -12.6657 -18.0839 19.5919
9.69778 90000173800000406 90000173800000404 90000173800000431 90000173800000403 2.1032696526 -7.16679 -15.843 -3.6135
9.02239 90000173800000567 90000173800000566 90000173800000580 90000173800000565 2.5772902716 1.00936 0.632263 -8.53516
9.08845 90000173800000808 90000173800000807 90000173800000815 90000173800000806 4.42803373661 11.5343 -13.1279 -3.35957
9.19848 90000173800000807 90000173800000806 90000173800000815 90000173800000805 4.17683491473 -3.58622 -16.5138 -5.99566
9.55931 90000173800000806 90000173800000803 90000173800000815 90000173800000802 3.70877426464 -2.67933 15.3731 32.9468
9.6804 90000173800000803 90000173800000802 90000173800000815 90000173800000801 3.49086136926 -9.73814 13.6343 13.9173
9.88529 90000173800000802 90000173800000798 90000173800000815 90000173800000797 2.89578500573 2.21818 2.15198 4.2426
9.94815 90000173800000798 90000173800000796 90000173800000815 90000173800000795 2.5772902716 11.4557 5.48943 -0.838981
9.97663 90000173800000796 90000173800000794 90000173800000815 90000173800000793 2.31611074396 15.9333 27.4507 -21.4986
9.97904 90000173800000794 90000173800000793 90000173800000815 90000173800000792 2.20792547238 18.988 20.5725 -17.6767
9.9975 90000173800000793 90000173800000792 90000173800000815 90000173800000791 2.1032696526 10.5784 3.63653 -0.876229
10.1213 90000173800000792 90000173800000789 90000173800000815 90000173800000788 1.82268925262 48.7697 19.962 -16.1804
10.1382 90000173800000789 90000173800000787 90000173800000815 90000173800000786 1.66666955611 68.7451 14.9695 -39.7558
10.176 90000173800000787 90000173800000786 90000173800000815 90000173800000785 1.60423452207 87.7837 22.4176 -47.6752
10.181 90000173800000786 90000173800000785 90000173800000815 90000173800000784 1.53123902916 75.7417 33.251 -38.069
10.2151 90000173800000785 90000173800000784 90000173800000815 90000173800000783 1.47197484527 85.0585 22.6692 -45.0751
10.2595 90000173800000784 90000173800000782 90000173800000815 90000173800000781 1.3575766674 80.8748 16.2558 -42.9651
9.92934 90000173800000823 90000173800000822 90000173800000840 90000173800000796 2.73314261732 15.7057 3.58494 3.02515
9.0666 90000173800000856 90000173800000855 90000173800000866 90000173800000854 4.66451770247 5.00389 -11.9552 3.0952
9.14344 90000173800000855 90000173800000854 90000173800000866 90000173800000853 4.42803373661 2.7067 -12.569 0.81866
9.26187 90000173800000854 90000173800000852 90000173800000866 90000173800000851 4.00794511147 -1.18271 -4.35256 0.836949
9.34461 90000173800000852 90000173800000851 90000173800000866 90000173800000850 3.93726108473 -2.9609 -0.00869953 -4.15413
9.75651 90000173800000851 90000173800000848 90000173800000866 90000173800000847 3.28303305796 -6.80653 12.847 25.9256
9.08309 90000173800000905 90000173800000904 90000173800000914 90000173800000903 4.99593346816 -1.69814 1.71018 4.17743
9.1193 90000173800000904 90000173800000902 90000173800000914 90000173800000901 4.66451770247 -1.45828 2.21424 3.86526
9.14811 90000173800000902 90000173800000901 90000173800000914 90000173800000900 4.42803373661 -5.06231 4.90703 4.19989
9.24733 90000173800000901 90000173800000899 90000173800000914 90000173800000898 4.00794511147 -5.40189 6.42996 3.94681
9.29622 90000173800000899 90000173800000898 90000173800000914 90000173800000897 3.93726108473 -14.585 9.45419 -1.0774
9.39081 90000173800000898 90000173800000897 90000173800000914 90000173800000896 3.70877426464 -8.61431 5.22301 5.87767
9.44211 90000173800000897 90000173800000896 90000173800000914 90000173800000895 3.49086136926 -22.0019 10.6429 3.47847
9.52948 90000173800000896 90000173800000895 90000173800000914 90000173800000894 3.28303305796 -15.5283 1.62319 8.31285
9.56646 90000173800000895 90000173800000894 90000173800000914 90000173800000893 3.08482263583 -11.2053 3.73602 10.1146
9.57175 90000173800000894 90000173800000893 90000173800000914 90000173800000892 3.00813107163 -0.198865 -2.89236 13.2121
9.59394 90000173800000893 90000173800000892 90000173800000914 90000173800000891 2.89578500573 -1.12079 -0.835596 6.36261
9.68985 90000173800000892 90000173800000891 90000173800000914 90000173800000890 2.73314261732 0.161898 0.81003 1.0861
9.70877 90000173800000891 90000173800000889 90000173800000914 90000173800000888 2.44422570455 -5.79578 0.530315 3.78432
10.1557 90000173800000889 90000173800000885 90000173800000914 90000173800000884 2.00202813925 88.215 11.7919 -78.8622
10.1643 90000173800000885 90000173800000884 90000173800000914 90000173800000883 1.90408954353 84.6879 10.6227 -70.3734
10.2269 90000173800000884 90000173800000877 90000173800000914 90000173800000876 1.41409822037 77.2009 15.6054 -39.0368
9.01928 90000173800000923 90000173800000922 90000173800000935 90000173800000921 4.42803373661 -2.05515 -5.79976 0.542778
9.03763 90000173800000922 90000173800000921 90000173800000935 90000173800000920 4.17683491473 -2.17782 -3.16174 -2.75285
