logMh | fpID | subhaloID | main leaf ID | descID |  z
9.06378 60000001000115822 60000001000115821 60000001000115825 60000001000115820 10.3674435724 -5.49893 -2.3129 -4.58108
9.12178 60000001000115821 60000001000115820 60000001000115825 60000001000115819 9.99659046619 -6.42035 -2.7175 -4.90341
9.59477 60000001000115820 60000001000115818 60000001000115825 60000001000115817 9.38877127194 -0.229577 -3.40361 -9.83403
9.62445 60000001000115818 60000001000115817 60000001000115825 60000001000115816 9.00233985416 1.03883 -3.31273 4.69845
9.717 60000001000115817 60000001000115816 60000001000115825 60000001000115815 8.9079991856 -0.822107 -5.20229 3.6375
9.85581 60000001000115816 60000001000115815 60000001000115825 60000001000115814 8.44947629437 11.0805 0.764037 8.65
10.0139 60000001000115815 60000001000115814 60000001000115825 60000001000115813 8.01217294887 20.8147 8.4032 6.9548
10.0436 60000001000115814 60000001000115813 60000001000115825 60000001000115812 7.59510714987 18.9487 9.10206 5.8854
10.2357 60000001000115813 60000001000115812 60000001000115825 60000001000115811 7.23627606617 32.607 11.9478 13.0139
10.2778 60000001000115812 60000001000115811 60000001000115825 60000001000115810 7.00541704554 35.8913 8.24503 13.1777
10.3195 60000001000115811 60000001000115810 60000001000115825 60000001000115809 6.85511726265 29.9389 10.9879 2.48781
10.4005 60000001000115810 60000001000115809 60000001000115825 60000001000115808 6.49159774567 23.6449 12.8342 -4.13801
10.4786 60000001000115809 60000001000115808 60000001000115825 60000001000115807 6.14490120342 28.6591 10.0176 -1.38851
10.5148 60000001000115808 60000001000115807 60000001000115825 60000001000115806 6.01075739884 29.4852 6.11519 0.411161
10.5385 60000001000115807 60000001000115806 60000001000115825 60000001000115805 5.84661374788 32.5794 5.69565 1.56383
10.579 60000001000115806 60000001000115805 60000001000115825 60000001000115804 5.52976580795 30.7256 14.9054 -8.1089
10.694 60000001000115805 60000001000115804 60000001000115825 60000001000115803 5.22758097313 16.7365 50.7533 -12.1175
10.7385 60000001000115804 60000001000115803 60000001000115825 60000001000115802 4.99593346816 3.30366 47.5034 -12.6405
10.7446 60000001000115803 60000001000115802 60000001000115825 60000001000115801 4.93938066349 1.76007 50.7302 -20.6766
10.8191 60000001000115802 60000001000115801 60000001000115825 60000001000115800 4.66451770247 -6.07508 96.5261 -8.12311
10.8449 60000001000115801 60000001000115800 60000001000115825 60000001000115799 4.42803373661 1.23387 98.0198 -14.6202
10.9177 60000001000115800 60000001000115799 60000001000115825 60000001000115798 4.17683491473 -39.0167 67.666 -20.1734
10.9358 60000001000115799 60000001000115798 60000001000115825 60000001000115797 4.00794511147 -46.1562 71.767 -26.2203
10.9587 60000001000115798 60000001000115797 60000001000115825 60000001000115796 3.93726108473 -93.1974 48.9663 -11.1467
10.976 60000001000115797 60000001000115796 60000001000115825 60000001000115795 3.70877426464 -94.659 29.7414 -6.83799
11.0124 60000001000115796 60000001000115795 60000001000115825 60000001000115794 3.49086136926 -89.2753 25.2561 1.61712
11.0512 60000001000115795 60000001000115794 60000001000115825 60000001000115793 3.28303305796 -87.3711 23.0337 -2.84118
11.0759 60000001000115794 60000001000115793 60000001000115825 60000001000115792 3.08482263583 -80.4071 15.3334 -18.9021
11.0898 60000001000115793 60000001000115792 60000001000115825 60000001000115791 3.00813107163 -68.1907 37.4185 -21.3556
11.1034 60000001000115792 60000001000115791 60000001000115825 60000001000115790 2.89578500573 -95.0151 17.6824 -25.3091
11.1212 60000001000115791 60000001000115790 60000001000115825 60000001000115789 2.73314261732 -66.1068 30.8204 -25.3651
11.1457 60000001000115790 60000001000115789 60000001000115825 60000001000115788 2.5772902716 -49.533 58.5156 -20.359
11.1821 60000001000115789 60000001000115788 60000001000115825 60000001000115787 2.44422570455 -73.7163 57.7214 -11.8724
11.2182 60000001000115788 60000001000115787 60000001000115825 60000001000115786 2.31611074396 -61.0219 43.1868 -25.09
11.246 60000001000115787 60000001000115786 60000001000115825 60000001000115785 2.20792547238 -94.1894 63.2558 -38.6865
11.2585 60000001000115786 60000001000115785 60000001000115825 60000001000115784 2.1032696526 -122.808 48.6438 -38.7667
11.2635 60000001000115785 60000001000115784 60000001000115825 60000001000115783 2.00202813925 -132.843 37.3051 -28.2542
11.2638 60000001000115784 60000001000115783 60000001000115825 60000001000115782 1.90408954353 -124.867 27.3664 -18.5224
11.2689 60000001000115783 60000001000115780 60000001000115825 60000001000115779 1.66666955611 -148.639 6.34035 -9.12076
11.2931 60000001000115780 60000001000115779 60000001000115825 60000001000115778 1.60423452207 -169.446 8.79571 5.92007
11.3051 60000001000115779 60000001000115778 60000001000115825 60000001000115777 1.53123902916 -194.787 7.33486 12.9132
11.3076 60000001000115778 60000001000115777 60000001000115825 60000001000115776 1.47197484527 -222.729 20.1783 3.79324
11.3193 60000001000115777 60000001000115776 60000001000115825 60000001000115775 1.41409822037 -212.248 16.0896 15.3926
11.3298 60000001000115776 60000001000115775 60000001000115825 60000001000115774 1.3575766674 -218.668 31.8155 11.3018
11.344 60000001000115775 60000001000115774 60000001000115825 60000001000115773 1.30237845991 -223.364 26.3813 14.9557
11.3649 60000001000115774 60000001000115773 60000001000115825 60000001000115772 1.24847261425 -243.965 8.74783 20.9787
11.3787 60000001000115773 60000001000115772 60000001000115825 60000001000115771 1.20625808078 -220.246 22.7488 -2.55639
11.4017 60000001000115772 60000001000115771 60000001000115825 60000001000115770 1.15460271236 -240.807 39.3339 -10.7116
11.4127 60000001000115771 60000001000115770 60000001000115825 60000001000115769 1.11415056377 -275.855 45.7491 15.9736
11.4215 60000001000115770 60000001000115769 60000001000115825 60000001000115768 1.07445789455 -308.996 58.7913 12.415
11.4334 60000001000115769 60000001000115768 60000001000115825 60000001000115767 1.03551044566 -335.939 76.3859 29.8683
11.4463 60000001000115768 60000001000115767 60000001000115825 60000001000115766 0.997294225782 -365.856 104.034 31.0469
11.449 60000001000115767 60000001000115766 60000001000115825 60000001000115765 0.987852810816 -372.198 102.234 30.6155
11.464 60000001000115766 60000001000115765 60000001000115825 60000001000115764 0.950531351585 -414.651 122.942 50.273
11.4658 60000001000115765 60000001000115764 60000001000115825 60000001000115763 0.923000816178 -383.245 102.903 54.7714
11.4816 60000001000115764 60000001000115763 60000001000115825 60000001000115762 0.886896937575 -355.601 100.845 61.5131
11.4946 60000001000115763 60000001000115762 60000001000115825 60000001000115761 0.851470900625 -386.269 110.515 85.1831
11.5062 60000001000115762 60000001000115761 60000001000115825 60000001000115760 0.816709979012 -419.472 118.058 91.4156
11.5118 60000001000115761 60000001000115760 60000001000115825 60000001000115759 0.791068248946 -408.798 121.79 93.165
11.5125 60000001000115760 60000001000115759 60000001000115825 60000001000115758 0.757441372616 -375.087 138.337 80.3001
11.5151 60000001000115759 60000001000115758 60000001000115825 60000001000115757 0.732636182022 -374.046 152.184 78.0085
11.5179 60000001000115758 60000001000115756 60000001000115825 60000001000115755 0.676110411213 -360.073 172.177 71.3778
11.5206 60000001000115756 60000001000115754 60000001000115825 60000001000115753 0.621428745243 -344.654 157.34 60.0864
11.5208 60000001000115754 60000001000115753 60000001000115825 60000001000115752 0.598543288188 -341.931 163.012 59.4642
11.5271 60000001000115753 60000001000115752 60000001000115825 60000001000115751 0.575980845108 -389.03 165.415 50.5535
11.5299 60000001000115752 60000001000115751 60000001000115825 60000001000115750 0.546392183141 -425.844 157.605 57.2182
11.5366 60000001000115751 60000001000115750 60000001000115825 60000001000115749 0.524565820434 -452.969 156.847 66.6131
11.5438 60000001000115750 60000001000115749 60000001000115825 60000001000115748 0.503047523245 -530.397 130.686 93.4046
11.5516 60000001000115749 60000001000115747 60000001000115825 60000001000115746 0.460917794181 -639.527 154.213 86.262
11.5591 60000001000115747 60000001000115746 60000001000115825 60000001000115745 0.440297849248 -739.806 148.084 91.3868
11.5622 60000001000115746 60000001000115745 60000001000115825 60000001000115744 0.419968941997 -820.347 160.831 88.5085
11.5712 60000001000115745 60000001000115744 60000001000115825 60000001000115743 0.399926964614 -895.042 129.319 70.3933
11.5752 60000001000115744 60000001000115743 60000001000115825 60000001000115742 0.38016786726 -914.324 148.345 77.4544
11.5793 60000001000115743 60000001000115741 60000001000115825 60000001000115740 0.347853841858 -920.279 164.34 69.0622
11.5798 60000001000115741 60000001000115740 60000001000115825 60000001000115739 0.328829724206 -936.207 175.601 65.693
11.5838 60000001000115740 60000001000115739 60000001000115825 60000001000115738 0.310074120128 -924.502 186.927 63.307
11.5875 60000001000115739 60000001000115738 60000001000115825 60000001000115737 0.291583239722 -889.971 196.89 73.177
11.5914 60000001000115738 60000001000115737 60000001000115825 60000001000115736 0.273353346578 -891.335 209.074 87.6447
11.5936 60000001000115737 60000001000115736 60000001000115825 60000001000115735 0.261343256161 -857.67 211.254 95.3025
11.597 60000001000115736 60000001000115735 60000001000115825 60000001000115734 0.243540181555 -843.056 210.724 107.072
11.5991 60000001000115735 60000001000115734 60000001000115825 60000001000115733 0.22598838626 -828.935 203.477 102.851
11.6004 60000001000115734 60000001000115733 60000001000115825 60000001000115732 0.214425035514 -819.752 223.284 108.178
11.6025 60000001000115733 60000001000115732 60000001000115825 60000001000115731 0.197284182376 -785.767 210.207 122.211
11.6052 60000001000115732 60000001000115730 60000001000115825 60000001000115729 0.169252033244 -766.137 215.416 148.334
11.6065 60000001000115730 60000001000115729 60000001000115825 60000001000115728 0.152748768902 -750.85 203.204 159.123
11.6079 60000001000115729 60000001000115727 60000001000115825 60000001000115726 0.125759332411 -664.889 241.153 163.265
9.05524 60000001000115839 60000001000115838 60000001000115842 60000001000115837 10.3674435724 2.74765 1.49967 -2.61959
9.05811 60000001000115838 60000001000115837 60000001000115842 60000001000115836 9.84138043947 1.57187 1.68388 -3.7437
9.06939 60000001000115861 60000001000115860 60000001000115862 60000001000115859 10.3674435724 2.95565 2.64156 1.1037
9.43974 60000001000115860 60000001000115859 60000001000115862 60000001000115858 9.99659046619 -12.878 -14.3956 -4.74437
9.45605 60000001000115859 60000001000115856 60000001000115862 60000001000115855 9.00233985416 -1.23205 2.24722 -15.9505
9.02239 60000001000115892 60000001000115891 60000001000115892 60000001000115890 10.3674435724 1.87414 4.10699 -10.7612
9.23229 60000001000115891 60000001000115890 60000001000115892 60000001000115889 9.99659046619 -8.35709 4.41214 -10.5388
9.32497 60000001000115890 60000001000115889 60000001000115892 60000001000115888 9.84138043947 -1.27444 -1.22635 3.50877
9.43617 60000001000115889 60000001000115888 60000001000115892 60000001000115887 9.38877127194 -1.74323 -4.73709 15.1155
9.50363 60000001000115888 60000001000115887 60000001000115892 60000001000115886 9.00233985416 -5.08803 -1.97132 12.5901
9.55569 60000001000115887 60000001000115885 60000001000115892 60000001000115884 8.44947629437 -3.31936 -7.16384 16.9808
9.65514 60000001000115885 60000001000115884 60000001000115892 60000001000115883 8.01217294887 -7.83256 -12.7036 20.2299
9.67904 60000001000115884 60000001000115883 60000001000115892 60000001000115882 7.59510714987 -17.1991 -11.9038 22.3772
9.02239 60000001000115932 60000001000115931 60000001000115935 60000001000115930 9.38877127194 2.64518 4.4543 -2.33286
9.07492 60000001000115931 60000001000115930 60000001000115935 60000001000115929 9.00233985416 3.37597 3.06154 0.941555
9.08038 60000001000115930 60000001000115928 60000001000115935 60000001000115927 8.44947629437 1.74654 0.42027 -2.7475
9.09111 60000001000115928 60000001000115927 60000001000115935 60000001000115926 8.01217294887 0.878765 -1.85416 -1.87732
9.09111 60000001000115927 60000001000115924 60000001000115935 60000001000115923 7.00541704554 1.89455 -2.84974 -1.51837
9.12912 60000001000115924 60000001000115923 60000001000115935 60000001000115922 6.85511726265 5.52044 -4.72506 -0.354543
9.13871 60000001000115923 60000001000115922 60000001000115935 60000001000115921 6.49159774567 3.81737 4.44521 3.58367
9.15956 60000001000116041 60000001000116040 60000001000116043 60000001000116039 10.9190331982 7.31149 8.50136 -3.72552
9.25828 60000001000116040 60000001000116039 60000001000116043 60000001000116038 10.3674435724 6.72729 7.69818 -4.31031
9.32187 60000001000116039 60000001000116036 60000001000116043 60000001000116035 9.38877127194 8.52561 4.78705 -8.03861
9.43377 60000001000116036 60000001000116035 60000001000116043 60000001000116034 9.00233985416 6.59269 -0.101885 -6.49423
9.48905 60000001000116035 60000001000116034 60000001000116043 60000001000116033 8.9079991856 4.54686 -2.33995 -5.86458
9.62056 60000001000116034 60000001000116033 60000001000116043 60000001000116032 8.44947629437 -10.8159 -0.842377 -1.09679
9.65224 60000001000116033 60000001000116032 60000001000116043 60000001000116031 8.01217294887 -14.2104 -0.885265 -2.20206
9.71511 60000001000116032 60000001000116031 60000001000116043 60000001000116030 7.59510714987 -15.6324 -1.2219 -2.91336
9.79691 60000001000116031 60000001000116030 60000001000116043 60000001000116029 7.23627606617 -8.25875 0.79219 -0.566926
9.82954 60000001000116030 60000001000116029 60000001000116043 60000001000116028 7.00541704554 -7.4321 0.942331 -1.9335
9.84334 60000001000116029 60000001000116028 60000001000116043 60000001000116027 6.85511726265 -5.46133 3.82744 -2.86535
9.87886 60000001000116028 60000001000116027 60000001000116043 60000001000116026 6.49159774567 -5.33028 -1.0878 -1.91601
9.91766 60000001000116027 60000001000116026 60000001000116043 60000001000116025 6.14490120342 9.29898 12.7436 -10.474
9.92857 60000001000116026 60000001000116025 60000001000116043 60000001000116024 6.01075739884 6.13374 13.5924 -10.9198
9.96934 60000001000116025 60000001000116024 60000001000116043 60000001000116023 5.84661374788 9.51017 20.4538 -12.8171
10.0177 60000001000116024 60000001000116023 60000001000116043 60000001000116022 5.52976580795 17.3541 25.7767 -14.6229
9.06939 60000001000116125 60000001000116124 60000001000116136 60000001000116123 4.17683491473 -25.3552 -15.057 13.8437
9.14108 60000001000116124 60000001000116123 60000001000116136 60000001000116122 4.00794511147 -32.2209 -19.3776 20.8749
9.17293 60000001000116123 60000001000116122 60000001000116136 60000001000116121 3.93726108473 -25.2127 -15.0668 16.7791
9.01928 60000001000116282 60000001000116281 60000001000116300 60000001000116280 3.08482263583 -11.7122 -2.22107 -5.37066
9.02548 60000001000116352 60000001000116351 60000001000116358 60000001000116350 9.84138043947 1.10466 2.44946 -4.06485
9.04062 60000001000116351 60000001000116350 60000001000116358 60000001000116349 9.38877127194 -0.440942 -2.01138 -1.1278
9.09898 60000001000116350 60000001000116349 60000001000116358 60000001000116348 9.00233985416 -0.591628 0.60372 -2.9462
9.10926 60000001000116349 60000001000116348 60000001000116358 60000001000116347 8.9079991856 -0.833152 -0.41919 -2.63172
9.17073 60000001000116348 60000001000116347 60000001000116358 60000001000116346 8.44947629437 -1.038 1.97793 -3.16914
9.23037 60000001000116347 60000001000116346 60000001000116358 60000001000116345 8.01217294887 -0.0878038 -0.0821631 -5.28932
9.2672 60000001000116346 60000001000116345 60000001000116358 60000001000116344 7.59510714987 -1.68083 0.981912 -5.33476
9.36622 60000001000116345 60000001000116344 60000001000116358 60000001000116343 7.23627606617 -3.04503 -3.1097 -4.76468
9.40389 60000001000116344 60000001000116343 60000001000116358 60000001000116342 7.00541704554 -1.39318 -6.28176 -7.77652
9.43974 60000001000116343 60000001000116342 60000001000116358 60000001000116341 6.85511726265 -3.18162 -3.49924 -7.58616
9.46733 60000001000116342 60000001000116341 60000001000116358 60000001000116340 6.49159774567 -2.78738 -4.22623 -6.70273
9.58723 60000001000116341 60000001000116340 60000001000116358 60000001000116339 6.14490120342 4.2368 6.58521 -11.6446
9.58723 60000001000116340 60000001000116339 60000001000116358 60000001000116338 6.01075739884 -0.636464 -4.78941 -11.6408
9.76219 60000001000116339 60000001000116338 60000001000116358 60000001000116337 5.84661374788 10.3377 11.2503 -0.111719
9.78528 60000001000116338 60000001000116337 60000001000116358 60000001000116336 5.52976580795 11.4861 12.4536 -1.89467
9.78849 60000001000116337 60000001000116336 60000001000116358 60000001000116335 5.22758097313 15.0964 14.0239 -7.07519
9.86124 60000001000116336 60000001000116335 60000001000116358 60000001000116334 4.99593346816 9.07801 0.40862 3.58733
9.87321 60000001000116335 60000001000116333 60000001000116358 60000001000116332 4.66451770247 0.401564 3.56429 -3.84226
9.20464 60000001000116411 60000001000116410 60000001000116423 60000001000116409 6.14490120342 6.9474 -2.014 -1.71689
9.22651 60000001000116410 60000001000116409 60000001000116423 60000001000116408 6.01075739884 8.36238 -7.3522 -0.125163
9.25648 60000001000116409 60000001000116401 60000001000116423 60000001000116400 4.17683491473 11.3344 -9.17197 -4.3276
9.2828 60000001000116401 60000001000116398 60000001000116423 60000001000116397 3.70877426464 12.4841 -6.22457 -7.21918
9.29622 60000001000116398 60000001000116397 60000001000116423 60000001000116396 3.49086136926 8.68372 -9.28585 -2.84926
9.30115 60000001000116397 60000001000116396 60000001000116423 60000001000116395 3.28303305796 12.5005 -11.7655 -7.07236
9.06096 60000001000116448 60000001000116447 60000001000116449 60000001000116446 5.22758097313 -12.0561 -8.55587 5.0134
9.0666 60000001000116447 60000001000116444 60000001000116449 60000001000116443 4.66451770247 -7.07546 -7.97431 5.64201
9.18802 60000001000116444 60000001000116439 60000001000116449 60000001000116438 3.70877426464 -20.4298 -8.64925 -3.17821
9.05235 60000001000116514 60000001000116513 60000001000116527 60000001000116512 4.42803373661 4.33333 5.50001 -3.46505
9.20055 60000001000116513 60000001000116512 60000001000116527 60000001000116511 4.17683491473 -5.97778 6.67037 -23.5381
9.27938 60000001000116512 60000001000116509 60000001000116527 60000001000116508 3.70877426464 3.85506 12.7537 -18.7076
9.39214 60000001000116509 60000001000116508 60000001000116527 60000001000116507 3.49086136926 -4.04288 8.90616 -17.0436
9.40518 60000001000116508 60000001000116507 60000001000116527 60000001000116506 3.28303305796 2.83781 4.47734 -18.5811
9.0316 60000001000116724 60000001000116723 60000001000116731 60000001000116722 6.01075739884 4.34323 -2.80893 -4.30193
9.10157 60000001000116723 60000001000116721 60000001000116731 60000001000116720 5.52976580795 2.45197 -3.26424 -0.876022
9.15502 60000001000116721 60000001000116717 60000001000116731 60000001000116716 4.66451770247 -5.17532 -1.45708 2.41655
9.2087 60000001000116717 60000001000116716 60000001000116731 60000001000116715 4.42803373661 2.42667 7.17442 3.10592
9.2862 60000001000116716 60000001000116715 60000001000116731 60000001000116714 4.17683491473 -3.43374 4.58147 6.26785
9.35771 60000001000116715 60000001000116714 60000001000116731 60000001000116713 4.00794511147 -2.13101 8.46852 3.02683
9.07766 60000001000117148 60000001000117147 60000001000117155 60000001000117146 5.52976580795 -7.17254 -7.27784 2.51679
9.09637 60000001000117147 60000001000117146 60000001000117155 60000001000117145 5.22758097313 -5.22082 -6.80604 6.04653
9.15956 60000001000117146 60000001000117135 60000001000117155 60000001000117134 3.08482263583 -10.5198 -9.51531 2.53697
9.22262 60000001000117135 60000001000117134 60000001000117155 60000001000117133 3.00813107163 -6.12036 -2.57421 -3.55647
9.24733 60000001000117134 60000001000117133 60000001000117155 60000001000117132 2.89578500573 -3.34807 0.285315 -1.71067
9.26365 60000001000117133 60000001000117132 60000001000117155 60000001000117131 2.73314261732 -2.03227 -0.41279 -1.09434
9.32187 60000001000117132 60000001000117130 60000001000117155 60000001000117129 2.44422570455 -11.3094 -4.88321 3.75123
9.33415 60000001000117130 60000001000117129 60000001000117155 60000001000117128 2.31611074396 -10.7027 -3.28036 1.19442
9.02548 60000001000117189 60000001000117188 60000001000117203 60000001000117187 3.28303305796 -2.00977 -7.76542 3.66909
9.02548 60000001000117188 60000001000117187 60000001000117203 60000001000117186 3.08482263583 0.234197 -12.9947 3.71057
9.07216 60000001000117187 60000001000117184 60000001000117203 60000001000117183 2.73314261732 -2.01185 -9.27877 3.88221
9.08038 60000001000117184 60000001000117183 60000001000117203 60000001000117182 2.5772902716 0.147644 -7.8675 1.50761
9.17729 60000001000117183 60000001000117182 60000001000117203 60000001000117181 2.44422570455 -4.46858 -16.4955 14.424
9.17946 60000001000117182 60000001000117179 60000001000117203 60000001000117178 2.1032696526 -7.18437 -19.6643 20.3295
9.00337 60000001000117247 60000001000117246 60000001000117254 60000001000117245 4.42803373661 -2.62098 -0.589621 -9.27535
9.05524 60000001000117246 60000001000117245 60000001000117254 60000001000117244 4.17683491473 -3.84899 2.02141 -10.6682
9.11179 60000001000117245 60000001000117244 60000001000117254 60000001000117243 4.00794511147 0.557612 -1.6251 -8.88635
9.12424 60000001000117244 60000001000117242 60000001000117254 60000001000117241 3.70877426464 0.00832084 -0.297369 -7.94582
9.12668 60000001000117242 60000001000117240 60000001000117254 60000001000117239 3.28303305796 -2.72031 0.542882 -8.68143
9.24733 60000001000117240 60000001000117236 60000001000117254 60000001000117235 2.73314261732 -4.59493 4.18867 -7.66875
9.06096 60000001000117307 60000001000117306 60000001000117324 60000001000117305 2.73314261732 -4.6802 5.65835 1.85594
9.22457 60000001000117306 60000001000117305 60000001000117324 60000001000117304 2.5772902716 -8.80295 3.69436 6.49947
9.2672 60000001000117305 60000001000117302 60000001000117324 60000001000117301 2.20792547238 2.67167 3.10081 1.52649
9.30278 60000001000117302 60000001000117301 60000001000117324 60000001000117300 2.1032696526 8.17345 4.21077 3.57898
9.34461 60000001000117301 60000001000117299 60000001000117324 60000001000117298 1.90408954353 16.1519 1.68979 1.7536
9.1573 60000001000117326 60000001000117325 60000001000117340 60000001000117302 2.44422570455 -6.2782 5.5441 5.79511
