logMh | fpID | subhaloID | main leaf ID | descID |  z
9.00337 70000085100000104 70000085100000103 70000085100000107 70000085100000102 9.99659046619 -1.00681 1.99547 2.80751
9.00337 70000085100000103 70000085100000102 70000085100000107 70000085100000101 9.84138043947 -2.07324 2.02541 3.77488
9.0666 70000085100000102 70000085100000101 70000085100000107 70000085100000100 9.38877127194 1.34741 2.33083 1.94867
9.0666 70000085100000101 70000085100000100 70000085100000107 70000085100000099 9.00233985416 -0.104104 2.38356 4.1592
9.10157 70000085100000100 70000085100000099 70000085100000107 70000085100000098 8.9079991856 -0.468655 1.63178 3.91956
9.18802 70000085100000099 70000085100000098 70000085100000107 70000085100000097 8.44947629437 -0.450597 7.08777 0.0227808
9.33716 70000085100000098 70000085100000097 70000085100000107 70000085100000096 8.01217294887 6.71499 -0.490438 4.68134
9.91726 70000085100000097 70000085100000095 70000085100000107 70000085100000094 7.23627606617 -0.105026 -26.5831 -47.2571
10.0683 70000085100000095 70000085100000094 70000085100000107 70000085100000093 7.00541704554 -6.61635 -0.738839 -41.5648
10.1962 70000085100000094 70000085100000091 70000085100000107 70000085100000090 6.14490120342 4.82653 -18.2352 -31.3934
10.3181 70000085100000091 70000085100000089 70000085100000107 70000085100000088 5.84661374788 -7.52873 -18.7196 -43.7336
10.4472 70000085100000089 70000085100000088 70000085100000107 70000085100000087 5.52976580795 -17.4216 -31.0438 -36.5072
10.5627 70000085100000088 70000085100000087 70000085100000107 70000085100000086 5.22758097313 -0.540592 -33.7746 -40.7291
10.6241 70000085100000087 70000085100000086 70000085100000107 70000085100000085 4.99593346816 -14.0489 -27.5752 -52.2397
10.6519 70000085100000086 70000085100000085 70000085100000107 70000085100000084 4.93938066349 -6.64663 -22.69 -54.3929
10.7391 70000085100000085 70000085100000084 70000085100000107 70000085100000083 4.66451770247 -9.96801 -37.3065 -84.0717
10.7839 70000085100000084 70000085100000083 70000085100000107 70000085100000082 4.42803373661 -18.8212 -55.6213 -90.4323
10.8224 70000085100000083 70000085100000082 70000085100000107 70000085100000081 4.17683491473 -21.5871 -54.601 -87.3189
10.8393 70000085100000082 70000085100000081 70000085100000107 70000085100000080 4.00794511147 -31.065 -58.9719 -85.4846
10.8503 70000085100000081 70000085100000080 70000085100000107 70000085100000079 3.93726108473 -18.634 -59.86 -81.2534
10.8685 70000085100000080 70000085100000079 70000085100000107 70000085100000078 3.70877426464 -7.55192 -53.9059 -75.4954
10.8904 70000085100000079 70000085100000076 70000085100000107 70000085100000075 3.08482263583 4.25207 -45.3952 -60.2285
10.9028 70000085100000076 70000085100000074 70000085100000107 70000085100000073 2.89578500573 11.8757 -48.841 -61.6546
10.9252 70000085100000074 70000085100000073 70000085100000107 70000085100000072 2.73314261732 -6.46344 -39.7648 -37.2512
10.9544 70000085100000073 70000085100000072 70000085100000107 70000085100000071 2.5772902716 -3.89534 -35.0535 -26.3669
10.9603 70000085100000072 70000085100000071 70000085100000107 70000085100000070 2.44422570455 0.473004 -23.5645 -22.2431
10.9734 70000085100000071 70000085100000070 70000085100000107 70000085100000069 2.31611074396 -19.7304 -11.8079 -24.0748
11.0334 70000085100000070 70000085100000069 70000085100000107 70000085100000068 2.20792547238 -59.7755 -13.7624 15.6755
11.0558 70000085100000069 70000085100000068 70000085100000107 70000085100000067 2.1032696526 -129.937 13.1362 30.2921
11.1248 70000085100000068 70000085100000067 70000085100000107 70000085100000066 2.00202813925 -250.93 15.8046 82.9878
11.2263 70000085100000067 70000085100000066 70000085100000107 70000085100000065 1.90408954353 -399.376 -19.6342 90.4848
11.3462 70000085100000066 70000085100000065 70000085100000107 70000085100000064 1.82268925262 -391.214 -86.7306 54.6197
11.3655 70000085100000065 70000085100000064 70000085100000107 70000085100000063 1.74357057433 -313.808 -119.132 77.8858
11.3714 70000085100000064 70000085100000063 70000085100000107 70000085100000062 1.66666955611 -321.087 -125.256 64.0298
11.4043 70000085100000063 70000085100000062 70000085100000107 70000085100000061 1.60423452207 -346.328 -78.2079 77.2013
11.439 70000085100000062 70000085100000061 70000085100000107 70000085100000060 1.53123902916 -366.329 -81.7282 114.746
11.4401 70000085100000061 70000085100000060 70000085100000107 70000085100000059 1.47197484527 -383.977 -87.8429 126.563
11.4493 70000085100000060 70000085100000059 70000085100000107 70000085100000058 1.41409822037 -397.967 -115.023 81.8846
11.4557 70000085100000059 70000085100000058 70000085100000107 70000085100000057 1.3575766674 -368.657 -117.371 53.5802
11.4895 70000085100000058 70000085100000056 70000085100000107 70000085100000055 1.24847261425 -422.125 -234.992 -133.258
11.4911 70000085100000056 70000085100000054 70000085100000107 70000085100000053 1.15460271236 -310.823 -191.317 -143.328
11.5179 70000085100000054 70000085100000053 70000085100000107 70000085100000052 1.11415056377 -224.726 -307.012 -211.933
11.5346 70000085100000053 70000085100000052 70000085100000107 70000085100000051 1.07445789455 -168.107 -335.396 -159.493
11.5423 70000085100000052 70000085100000051 70000085100000107 70000085100000050 1.03551044566 -124.259 -351.184 -123.973
11.5492 70000085100000051 70000085100000049 70000085100000107 70000085100000048 0.987852810816 -74.0881 -426.216 -159.555
11.5806 70000085100000049 70000085100000048 70000085100000107 70000085100000047 0.950531351585 -97.784 -482.783 -188.376
11.6286 70000085100000048 70000085100000047 70000085100000107 70000085100000046 0.923000816178 -129.814 -600.642 -377.536
11.6454 70000085100000047 70000085100000046 70000085100000107 70000085100000045 0.886896937575 -179.805 -629.882 -439.427
11.6535 70000085100000046 70000085100000045 70000085100000107 70000085100000044 0.851470900625 -193.012 -650.322 -459.821
11.6624 70000085100000045 70000085100000044 70000085100000107 70000085100000043 0.816709979012 -176.276 -706.122 -474.573
11.6931 70000085100000044 70000085100000043 70000085100000107 70000085100000042 0.791068248946 -171.805 -775.299 -608.721
11.7187 70000085100000043 70000085100000042 70000085100000107 70000085100000041 0.757441372616 -204.854 -766.97 -669.612
11.7231 70000085100000042 70000085100000041 70000085100000107 70000085100000040 0.732636182022 -162.211 -771.141 -662.463
11.728 70000085100000041 70000085100000040 70000085100000107 70000085100000039 0.700106353719 -149.783 -768.298 -672.466
11.7395 70000085100000040 70000085100000039 70000085100000107 70000085100000038 0.676110411213 -151.068 -764.939 -650.903
11.7502 70000085100000039 70000085100000038 70000085100000107 70000085100000037 0.644641840685 -163.903 -760.313 -694.946
11.764 70000085100000038 70000085100000037 70000085100000107 70000085100000036 0.621428745243 -159.715 -769.993 -742.139
11.7721 70000085100000037 70000085100000036 70000085100000107 70000085100000035 0.598543288188 -168.845 -769.054 -718.805
11.7768 70000085100000036 70000085100000035 70000085100000107 70000085100000034 0.575980845108 -170.594 -742.123 -701.134
11.778 70000085100000035 70000085100000024 70000085100000107 70000085100000023 0.347853841858 -47.1358 -697.191 -587.326
11.7805 70000085100000024 70000085100000023 70000085100000107 70000085100000022 0.328829724206 -12.8066 -702.964 -541.612
11.7852 70000085100000023 70000085100000022 70000085100000107 70000085100000021 0.310074120128 10.5223 -708.191 -564.518
11.7856 70000085100000022 70000085100000021 70000085100000107 70000085100000020 0.291583239722 19.6613 -714.542 -528.137
11.7914 70000085100000021 70000085100000020 70000085100000107 70000085100000019 0.273353346578 50.4124 -706.267 -549.37
11.7975 70000085100000020 70000085100000019 70000085100000107 70000085100000018 0.261343256161 68.6344 -732.653 -559.417
11.8038 70000085100000019 70000085100000018 70000085100000107 70000085100000017 0.243540181555 60.7423 -728.986 -554.38
11.8084 70000085100000018 70000085100000017 70000085100000107 70000085100000016 0.22598838626 44.8302 -723.406 -546.422
11.8117 70000085100000017 70000085100000016 70000085100000107 70000085100000015 0.214425035514 48.1468 -703.238 -567.038
11.8163 70000085100000016 70000085100000015 70000085100000107 70000085100000014 0.197284182376 61.7094 -705.154 -620.511
11.8178 70000085100000015 70000085100000014 70000085100000107 70000085100000013 0.180385261706 28.4522 -701.108 -659.331
11.8222 70000085100000014 70000085100000013 70000085100000107 70000085100000012 0.169252033244 42.1767 -707.135 -685.457
11.8294 70000085100000013 70000085100000012 70000085100000107 70000085100000011 0.152748768902 43.6785 -712.501 -734.06
11.8344 70000085100000012 70000085100000011 70000085100000107 70000085100000010 0.14187620397 34.3597 -701.573 -760.748
11.8502 70000085100000011 70000085100000010 70000085100000107 70000085100000009 0.125759332411 -353.154 -807.694 -732.286
11.8549 70000085100000010 70000085100000009 70000085100000107 70000085100000008 0.109869940459 -285.024 -799.79 -727.499
11.8608 70000085100000009 70000085100000008 70000085100000107 70000085100000007 0.0994018026302 -321.347 -800.992 -694.35
11.8664 70000085100000008 70000085100000007 70000085100000107 70000085100000006 0.0838844307975 -333.622 -846.701 -619.876
11.8712 70000085100000007 70000085100000006 70000085100000107 70000085100000005 0.0736613846564 -318.825 -826.343 -657.641
11.873 70000085100000006 70000085100000005 70000085100000107 70000085100000004 0.0585073227945 -266.086 -807.312 -686.478
11.8772 70000085100000005 70000085100000004 70000085100000107 70000085100000003 0.0485236299818 -315.552 -829.646 -658.222
11.8848 70000085100000004 70000085100000003 70000085100000107 70000085100000002 0.0337243718735 -293.764 -796.709 -713.66
11.8871 70000085100000003 70000085100000002 70000085100000107 70000085100000001 0.0239744283828 -284.764 -810.956 -724.525
11.8948 70000085100000002 70000085100000001 70000085100000107 70000085100000000 0.00952166696794 -261.051 -794.752 -797.028
11.8959 70000085100000001 70000085100000000 70000085100000107 -1 2.22044604925e-16 -301.798 -782.24 -786.947
9.1573 70000085100000160 70000085100000159 70000085100000161 70000085100000158 10.3674435724 -4.70163 -8.51544 -6.64633
9.22457 70000085100000159 70000085100000158 70000085100000161 70000085100000157 9.99659046619 -3.40449 -9.21863 -6.77689
9.29457 70000085100000158 70000085100000157 70000085100000161 70000085100000156 9.84138043947 -5.01713 -10.5141 -8.94649
9.32342 70000085100000157 70000085100000156 70000085100000161 70000085100000155 9.38877127194 -4.07558 -10.0651 -9.93107
9.33866 70000085100000156 70000085100000155 70000085100000161 70000085100000154 9.00233985416 -4.29567 -8.78364 -8.85024
9.34902 70000085100000155 70000085100000154 70000085100000161 70000085100000153 8.9079991856 -4.81935 -9.5359 -10.6155
9.60624 70000085100000154 70000085100000153 70000085100000161 70000085100000152 8.44947629437 55.1535 18.4353 -11.5377
9.65658 70000085100000153 70000085100000152 70000085100000161 70000085100000151 8.01217294887 -2.69274 10.0254 -9.89487
9.78368 70000085100000152 70000085100000151 70000085100000161 70000085100000150 7.59510714987 -0.644086 7.18859 -11.8463
10.1977 70000085100000151 70000085100000148 70000085100000161 70000085100000147 6.85511726265 6.15555 40.9453 -11.8814
10.2348 70000085100000148 70000085100000145 70000085100000161 70000085100000144 6.01075739884 23.0902 -24.2634 -34.8496
9.13154 70000085100000193 70000085100000192 70000085100000196 70000085100000191 9.99659046619 -0.64976 15.2427 0.23944
9.13871 70000085100000192 70000085100000191 70000085100000196 70000085100000190 9.84138043947 -0.611515 15.634 1.48258
9.15956 70000085100000191 70000085100000190 70000085100000196 70000085100000189 9.38877127194 -0.53927 16.2938 -1.39513
9.2811 70000085100000190 70000085100000189 70000085100000196 70000085100000188 9.00233985416 -1.02723 5.53827 3.76566
9.35627 70000085100000189 70000085100000187 70000085100000196 70000085100000186 8.44947629437 8.86516 5.21633 -4.63034
9.43856 70000085100000187 70000085100000185 70000085100000196 70000085100000184 7.59510714987 14.5425 -1.44679 -0.0923288
9.57523 70000085100000185 70000085100000184 70000085100000196 70000085100000183 7.23627606617 13.6385 0.0907646 -1.54637
9.65945 70000085100000184 70000085100000181 70000085100000196 70000085100000180 6.49159774567 -12.6948 -10.0998 0.721316
9.04062 70000085100000233 70000085100000232 70000085100000239 70000085100000231 8.44947629437 11.0871 -10.2591 2.91168
9.2087 70000085100000232 70000085100000231 70000085100000239 70000085100000230 8.01217294887 -2.96239 -8.95477 -0.373974
9.34016 70000085100000231 70000085100000229 70000085100000239 70000085100000228 7.23627606617 -10.1861 -5.14457 2.03167
9.43136 70000085100000229 70000085100000228 70000085100000239 70000085100000227 7.00541704554 -3.30028 -7.76204 -10.8667
9.77224 70000085100000228 70000085100000224 70000085100000239 70000085100000223 6.01075739884 -11.1733 -12.6072 -19.5525
9.87014 70000085100000224 70000085100000223 70000085100000239 70000085100000222 5.52976580795 -13.3678 -13.0421 -37.1189
9.86169 70000085100000248 70000085100000247 70000085100000260 70000085100000223 5.84661374788 -8.64681 -9.6749 -30.7481
9.86527 70000085100000268 70000085100000267 70000085100000281 70000085100000266 6.49159774567 -13.5863 -18.0179 -28.0252
9.88016 70000085100000267 70000085100000266 70000085100000281 70000085100000265 6.14490120342 -13.0712 -17.8271 -28.1732
9.01928 70000085100000285 70000085100000284 70000085100000290 70000085100000283 7.23627606617 0.352757 1.06227 -2.55124
9.22066 70000085100000284 70000085100000282 70000085100000290 70000085100000267 6.85511726265 0.438458 6.97261 5.84419
9.08845 70000085100000326 70000085100000325 70000085100000337 70000085100000324 6.49159774567 15.6995 -9.37263 25.3963
9.12424 70000085100000325 70000085100000324 70000085100000337 70000085100000323 6.14490120342 11.5649 -8.35595 29.8248
9.09898 70000085100000460 70000085100000459 70000085100000472 70000085100000458 7.00541704554 -8.23382 4.38148 22.9001
9.01298 70000085100000661 70000085100000660 70000085100000666 70000085100000659 6.14490120342 -1.43429 -2.9202 5.69106
9.01298 70000085100000660 70000085100000659 70000085100000666 70000085100000658 6.01075739884 -2.79505 -5.88177 6.44623
9.14811 70000085100000659 70000085100000658 70000085100000666 70000085100000657 5.84661374788 -4.06516 3.23812 6.02582
9.2361 70000085100000658 70000085100000657 70000085100000666 70000085100000656 5.52976580795 -5.98821 1.68165 9.63859
9.25284 70000085100000657 70000085100000656 70000085100000666 70000085100000655 5.22758097313 -8.64884 -2.60581 15.9489
9.29787 70000085100000656 70000085100000655 70000085100000666 70000085100000654 4.99593346816 -5.95978 0.232011 12.7125
9.37869 70000085100000655 70000085100000653 70000085100000666 70000085100000652 4.66451770247 6.10364 -3.15377 16.5511
9.44329 70000085100000653 70000085100000652 70000085100000666 70000085100000651 4.42803373661 9.54904 0.911331 18.7022
9.45376 70000085100000652 70000085100000651 70000085100000666 70000085100000650 4.17683491473 6.70407 4.52046 24.2718
9.02855 70000085100000786 70000085100000785 70000085100000800 70000085100000784 6.85511726265 -7.5972 -2.00415 -1.10309
9.22066 70000085100000785 70000085100000784 70000085100000800 70000085100000783 6.49159774567 -17.6302 -1.92092 -1.98358
9.29622 70000085100000784 70000085100000780 70000085100000800 70000085100000779 5.52976580795 -4.30844 -0.57421 -6.36691
9.34313 70000085100000780 70000085100000779 70000085100000800 70000085100000778 5.22758097313 -3.48606 0.603498 -7.72274
9.38681 70000085100000779 70000085100000778 70000085100000800 70000085100000777 4.99593346816 1.07456 0.843383 -3.10588
9.39478 70000085100000778 70000085100000776 70000085100000800 70000085100000775 4.66451770247 -0.542487 0.782242 -5.23916
9.44211 70000085100000776 70000085100000775 70000085100000800 70000085100000774 4.42803373661 6.2819 -1.09981 -5.63604
9.5566 70000085100000775 70000085100000774 70000085100000800 70000085100000773 4.17683491473 -10.3388 7.07767 -0.908056
9.58553 70000085100000774 70000085100000773 70000085100000800 70000085100000772 4.00794511147 -18.8659 3.20817 2.5775
9.58807 70000085100000773 70000085100000772 70000085100000800 70000085100000771 3.93726108473 -18.1558 2.44956 0.881539
9.61026 70000085100000772 70000085100000770 70000085100000800 70000085100000769 3.49086136926 -15.3832 3.044 0.702212
9.61977 70000085100000770 70000085100000769 70000085100000800 70000085100000768 3.28303305796 -13.2167 5.54189 -1.02907
9.0066 70000085100000925 70000085100000924 70000085100000931 70000085100000923 9.00233985416 -3.47554 3.29313 3.77533
9.0098 70000085100000924 70000085100000923 70000085100000931 70000085100000922 8.9079991856 -3.9979 3.5485 3.41852
9.08845 70000085100000923 70000085100000922 70000085100000931 70000085100000921 8.44947629437 -2.89887 5.62988 2.79685
9.14108 70000085100000922 70000085100000921 70000085100000931 70000085100000920 8.01217294887 -6.35239 0.0887846 2.063
9.47941 70000085100000921 70000085100000920 70000085100000931 70000085100000919 7.59510714987 0.425608 -0.113709 2.90561
9.51675 70000085100000920 70000085100000919 70000085100000931 70000085100000918 7.23627606617 -3.02697 5.209 2.68315
9.55478 70000085100000919 70000085100000918 70000085100000931 70000085100000917 7.00541704554 -5.50615 7.44692 1.61791
9.57869 70000085100000918 70000085100000917 70000085100000931 70000085100000916 6.85511726265 -15.6142 -5.85 2.25891
9.74314 70000085100000917 70000085100000916 70000085100000931 70000085100000915 6.49159774567 -11.849 -2.74156 11.5962
9.82614 70000085100000916 70000085100000915 70000085100000931 70000085100000914 6.14490120342 -4.23764 -3.46805 20.6546
9.87321 70000085100000915 70000085100000914 70000085100000931 70000085100000913 6.01075739884 -13.2407 -12.7904 16.194
9.93545 70000085100000914 70000085100000913 70000085100000931 70000085100000912 5.84661374788 10.0072 -32.7896 13.8266
10.0066 70000085100000913 70000085100000912 70000085100000931 70000085100000911 5.52976580795 0.785859 -19.9862 14.2163
10.0394 70000085100000912 70000085100000911 70000085100000931 70000085100000910 5.22758097313 9.91363 -34.9426 11.9609
10.143 70000085100000911 70000085100000910 70000085100000931 70000085100000909 4.99593346816 1.66669 -6.2142 18.0904
10.1698 70000085100000910 70000085100000909 70000085100000931 70000085100000908 4.93938066349 -3.96425 -15.3422 23.7203
10.2447 70000085100000909 70000085100000908 70000085100000931 70000085100000907 4.66451770247 16.1053 -12.913 20.0814
10.3393 70000085100000908 70000085100000907 70000085100000931 70000085100000906 4.42803373661 30.6855 -26.5469 16.5349
10.4431 70000085100000907 70000085100000905 70000085100000931 70000085100000904 4.00794511147 34.5835 -31.9755 -11.4061
10.4534 70000085100000905 70000085100000904 70000085100000931 70000085100000903 3.93726108473 27.0522 -30.6404 -5.65795
10.5079 70000085100000904 70000085100000903 70000085100000931 70000085100000902 3.70877426464 19.5152 -23.188 -9.29519
10.5291 70000085100000903 70000085100000902 70000085100000931 70000085100000901 3.49086136926 44.7827 -15.2926 9.90111
10.555 70000085100000902 70000085100000901 70000085100000931 70000085100000900 3.28303305796 43.9911 7.31497 -4.41272
10.5882 70000085100000901 70000085100000900 70000085100000931 70000085100000899 3.08482263583 51.2468 -75.0663 -67.9588
10.6187 70000085100000900 70000085100000899 70000085100000931 70000085100000898 3.00813107163 51.7178 -121.524 -82.8577
10.6669 70000085100000899 70000085100000898 70000085100000931 70000085100000897 2.89578500573 71.6416 -159.858 -102.962
10.7204 70000085100000898 70000085100000897 70000085100000931 70000085100000896 2.73314261732 61.4124 -173.858 -95.7241
10.8449 70000085100000897 70000085100000896 70000085100000931 70000085100000895 2.5772902716 54.8129 -246.565 -161.917
10.8514 70000085100000896 70000085100000895 70000085100000931 70000085100000894 2.44422570455 70.7077 -237.222 -159.364
10.8946 70000085100000895 70000085100000894 70000085100000931 70000085100000893 2.31611074396 81.8558 -251.163 -161.906
9.0316 70000085100000954 70000085100000953 70000085100000960 70000085100000952 6.14490120342 -6.71496 1.70161 -4.87033
9.05524 70000085100000974 70000085100000973 70000085100000978 70000085100000972 6.01075739884 3.94986 -16.8516 -0.885987
9.08038 70000085100000973 70000085100000972 70000085100000978 70000085100000971 5.84661374788 14.6051 -14.1787 -3.52835
9.16852 70000085100000972 70000085100000970 70000085100000978 70000085100000969 5.22758097313 14.2458 -13.3242 -2.00142
10.3834 70000085100000970 70000085100000966 70000085100000978 70000085100000905 4.17683491473 46.1015 -25.5928 -0.250512
9.11431 70000085100001074 70000085100001073 70000085100001081 70000085100001072 8.9079991856 0.346251 5.12403 -2.51754
9.14811 70000085100001073 70000085100001071 70000085100001081 70000085100001070 8.01217294887 -0.212844 5.91379 -3.46787
9.17512 70000085100001071 70000085100001070 70000085100001081 70000085100001069 7.59510714987 2.22389 3.01303 -1.55295
9.27594 70000085100001070 70000085100001069 70000085100001081 70000085100001068 7.23627606617 4.53425 1.48049 -1.36683
9.29951 70000085100001069 70000085100001068 70000085100001081 70000085100001067 7.00541704554 8.47145 1.01774 -5.43717
9.40001 70000085100001068 70000085100001067 70000085100001081 70000085100001066 6.85511726265 -0.197873 0.208037 -6.07108
9.42033 70000085100001067 70000085100001066 70000085100001081 70000085100001065 6.49159774567 0.651863 -0.710014 -7.86347
9.43497 70000085100001066 70000085100001065 70000085100001081 70000085100001064 6.14490120342 0.960416 1.42642 -4.5883
9.47724 70000085100001065 70000085100001064 70000085100001081 70000085100001063 6.01075739884 -1.1733 3.6198 -10.585
9.50567 70000085100001064 70000085100001062 70000085100001081 70000085100001061 5.52976580795 1.85077 -6.09338 -8.29489
9.57262 70000085100001062 70000085100001061 70000085100001081 70000085100001060 5.22758097313 8.37255 -7.76344 -11.3319
9.5989 70000085100001061 70000085100001060 70000085100001081 70000085100001059 4.99593346816 13.9897 -12.1227 -14.2032
9.60054 70000085100001060 70000085100001059 70000085100001081 70000085100001058 4.93938066349 9.76405 -8.21573 -11.0204
9.12912 70000085100001230 70000085100001229 70000085100001236 70000085100001228 8.44947629437 9.90913 0.490974 8.35747
9.1663 70000085100001229 70000085100001228 70000085100001236 70000085100001227 8.01217294887 11.1201 2.93628 -6.28044
9.3156 70000085100001228 70000085100001227 70000085100001236 70000085100001226 7.59510714987 5.46129 4.21623 -11.324
9.42771 70000085100001227 70000085100001226 70000085100001236 70000085100001225 7.23627606617 -4.77316 2.3576 -15.8687
9.43377 70000085100001226 70000085100001225 70000085100001236 70000085100001224 7.00541704554 0.352036 3.27166 -11.9903
9.44681 70000085100001225 70000085100001224 70000085100001236 70000085100001223 6.85511726265 1.54752 4.32346 -12.8977
9.50055 70000085100001224 70000085100001223 70000085100001236 70000085100001222 6.49159774567 1.68662 4.55103 -10.7517
9.58723 70000085100001223 70000085100001222 70000085100001236 70000085100001221 6.14490120342 -1.66152 -0.0327944 -11.6123
9.63442 70000085100001222 70000085100001221 70000085100001236 70000085100001220 6.01075739884 -4.64289 3.48504 -11.0767
9.6623 70000085100001221 70000085100001220 70000085100001236 70000085100001219 5.84661374788 1.00224 3.93432 -10.6212
9.70813 70000085100001220 70000085100001219 70000085100001236 70000085100001218 5.52976580795 3.65684 2.21857 -12.1608
9.74373 70000085100001219 70000085100001218 70000085100001236 70000085100001217 5.22758097313 2.75852 1.18895 -11.3079
9.79639 70000085100001218 70000085100001217 70000085100001236 70000085100001216 4.99593346816 2.67207 0.450583 -9.38118
9.80772 70000085100001217 70000085100001216 70000085100001236 70000085100001215 4.93938066349 -0.31095 -0.811793 -10.0238
9.83721 70000085100001216 70000085100001215 70000085100001236 70000085100001214 4.66451770247 3.94197 -1.06873 -9.76787
9.88486 70000085100001215 70000085100001214 70000085100001236 70000085100001213 4.42803373661 9.29508 0.28937 -12.5869
9.92934 70000085100001214 70000085100001213 70000085100001236 70000085100001212 4.17683491473 5.14746 -0.443109 -14.2624
9.96828 70000085100001213 70000085100001212 70000085100001236 70000085100001211 4.00794511147 2.7031 -6.6235 -4.48971
9.9932 70000085100001212 70000085100001211 70000085100001236 70000085100001210 3.93726108473 3.44703 -5.51065 2.48562
10.0462 70000085100001211 70000085100001210 70000085100001236 70000085100001209 3.70877426464 0.138054 -8.97706 -1.05625
10.1052 70000085100001210 70000085100001209 70000085100001236 70000085100001208 3.49086136926 -7.65347 -8.46793 18.0448
10.1075 70000085100001209 70000085100001208 70000085100001236 70000085100001207 3.28303305796 -5.71343 -7.58679 10.2955
9.01928 70000085100001379 70000085100001378 70000085100001389 70000085100001377 4.66451770247 5.45108 -0.191178 -3.35115
9.02548 70000085100001378 70000085100001377 70000085100001389 70000085100001376 4.42803373661 5.85213 -2.59494 -8.64451
9.13634 70000085100001377 70000085100001373 70000085100001389 70000085100001372 3.70877426464 -3.93953 -11.6796 -14.4901
9.32031 70000085100001373 70000085100001372 70000085100001389 70000085100001371 3.49086136926 -19.8181 -20.1514 -19.673
9.34902 70000085100001372 70000085100001371 70000085100001389 70000085100001370 3.28303305796 -19.6408 -21.793 -28.9018
9.01614 70000085100001481 70000085100001480 70000085100001489 70000085100001479 5.52976580795 -2.83064 -3.77712 -3.1161
9.04062 70000085100001480 70000085100001479 70000085100001489 70000085100001478 5.22758097313 -4.25153 -3.57885 -1.45993
9.04945 70000085100001479 70000085100001478 70000085100001489 70000085100001477 4.99593346816 -5.51022 -2.97237 -1.2175
9.12668 70000085100001478 70000085100001477 70000085100001489 70000085100001476 4.93938066349 -7.54013 -5.88726 -0.199587
9.13871 70000085100001477 70000085100001476 70000085100001489 70000085100001475 4.66451770247 -5.84886 -3.26572 1.35008
9.18376 70000085100001476 70000085100001475 70000085100001489 70000085100001474 4.42803373661 -4.47794 0.634182 3.1122
9.27938 70000085100001475 70000085100001474 70000085100001489 70000085100001473 4.17683491473 -6.50138 -5.75085 8.5553
9.2929 70000085100001474 70000085100001472 70000085100001489 70000085100001471 3.93726108473 -5.16266 -5.42746 8.5133
9.32187 70000085100001472 70000085100001471 70000085100001489 70000085100001470 3.70877426464 -4.20961 -13.0105 6.5452
9.34313 70000085100001471 70000085100001470 70000085100001489 70000085100001469 3.49086136926 -6.00766 -11.5597 6.74994
9.37732 70000085100001470 70000085100001469 70000085100001489 70000085100001468 3.28303305796 -9.76182 -7.98683 5.78021
9.3974 70000085100001469 70000085100001468 70000085100001489 70000085100001467 3.08482263583 -9.41013 -7.68829 11.0602
9.41659 70000085100001468 70000085100001467 70000085100001489 70000085100001466 3.00813107163 -10.1272 -9.32462 7.47159
9.43856 70000085100001467 70000085100001466 70000085100001489 70000085100001465 2.89578500573 -8.47645 -7.35671 5.37242
9.47724 70000085100001466 70000085100001465 70000085100001489 70000085100001464 2.73314261732 -13.7592 -7.82045 15.4234
9.03763 70000085100001578 70000085100001577 70000085100001592 70000085100001576 2.1032696526 -11.6086 3.67083 23.6778
9.19641 70000085100001577 70000085100001574 70000085100001592 70000085100001573 1.82268925262 -16.4125 35.8972 26.6669
9.23037 70000085100001574 70000085100001569 70000085100001592 70000085100001568 1.47197484527 -6.81027 40.6874 26.8587
9.04358 70000085100001801 70000085100001800 70000085100001807 70000085100001799 9.38877127194 2.97087 -2.71959 1.1581
9.11681 70000085100001800 70000085100001799 70000085100001807 70000085100001798 9.00233985416 5.03423 -3.05479 -0.00178251
9.13154 70000085100001799 70000085100001798 70000085100001807 70000085100001797 8.9079991856 4.88191 -3.32526 1.10862
9.14811 70000085100001798 70000085100001797 70000085100001807 70000085100001796 8.44947629437 2.81865 -2.49559 1.78544
9.21072 70000085100001797 70000085100001796 70000085100001807 70000085100001795 8.01217294887 3.51657 -1.0977 3.26588
9.29787 70000085100001796 70000085100001795 70000085100001807 70000085100001794 7.59510714987 5.48634 -3.9407 3.4387
9.32497 70000085100001795 70000085100001794 70000085100001807 70000085100001793 7.23627606617 0.59615 -1.11984 6.01326
9.38681 70000085100001794 70000085100001793 70000085100001807 70000085100001792 7.00541704554 3.39719 -9.23364 8.24533
9.41534 70000085100001793 70000085100001792 70000085100001807 70000085100001791 6.85511726265 5.2274 -9.98989 8.78926
9.47505 70000085100001792 70000085100001791 70000085100001807 70000085100001790 6.49159774567 2.96528 -7.61996 8.26965
9.54185 70000085100001791 70000085100001790 70000085100001807 70000085100001789 6.14490120342 -4.13704 -13.5479 10.3938
9.60054 70000085100001790 70000085100001788 70000085100001807 70000085100001787 5.84661374788 1.41833 -4.22759 4.35389
9.68108 70000085100001788 70000085100001787 70000085100001807 70000085100001786 5.52976580795 0.656483 -6.67322 2.53893
9.72384 70000085100001787 70000085100001786 70000085100001807 70000085100001785 5.22758097313 3.35566 -7.8754 -1.93038
9.77718 70000085100001786 70000085100001785 70000085100001807 70000085100001784 4.99593346816 -2.55349 -19.3403 3.76706
9.78475 70000085100001785 70000085100001784 70000085100001807 70000085100001783 4.93938066349 -1.39877 -25.6691 1.57
9.82321 70000085100001784 70000085100001783 70000085100001807 70000085100001782 4.66451770247 -3.17201 -33.5682 3.95831
9.88273 70000085100001783 70000085100001781 70000085100001807 70000085100001780 4.17683491473 11.0947 -28.2699 11.5557
9.90969 70000085100001781 70000085100001780 70000085100001807 70000085100001779 4.00794511147 16.9614 -16.8718 5.70886
9.91884 70000085100001780 70000085100001779 70000085100001807 70000085100001778 3.93726108473 27.3103 -3.49411 3.50444
9.96155 70000085100001779 70000085100001778 70000085100001807 70000085100001777 3.70877426464 19.6032 -10.4314 0.19285
9.98415 70000085100001778 70000085100001777 70000085100001807 70000085100001776 3.49086136926 18.2293 -9.38265 -1.52523
9.99387 70000085100001777 70000085100001776 70000085100001807 70000085100001775 3.28303305796 17.9552 -7.61873 -3.96926
10.0304 70000085100001776 70000085100001775 70000085100001807 70000085100001774 3.08482263583 10.4663 -18.1388 0.712012
10.061 70000085100001775 70000085100001773 70000085100001807 70000085100001772 2.89578500573 16.8699 -22.6477 2.13697
10.0612 70000085100001773 70000085100001767 70000085100001807 70000085100001766 2.1032696526 0.955 -10.4085 -1.01609
9.15502 70000085100001939 70000085100001938 70000085100001949 70000085100001937 5.84661374788 -3.56611 -11.2031 -6.44964
9.38277 70000085100001938 70000085100001937 70000085100001949 70000085100001936 5.52976580795 20.1977 -12.5017 -12.5464
9.42404 70000085100001937 70000085100001935 70000085100001949 70000085100001934 4.99593346816 17.3121 -12.8706 -12.3495
9.50465 70000085100001935 70000085100001934 70000085100001949 70000085100001933 4.93938066349 -5.91054 -8.27164 -19.1111
9.5931 70000085100001934 70000085100001933 70000085100001949 70000085100001932 4.66451770247 5.19491 6.57085 -20.9715
9.67353 70000085100001933 70000085100001931 70000085100001949 70000085100001930 4.17683491473 -2.92825 -0.342123 -33.7674
9.79219 70000085100001931 70000085100001930 70000085100001949 70000085100001929 4.00794511147 -2.39678 31.8978 -23.018
9.89787 70000085100001930 70000085100001928 70000085100001949 70000085100001927 3.70877426464 -7.61742 26.2393 -28.7208
9.93241 70000085100001928 70000085100001927 70000085100001949 70000085100001926 3.49086136926 1.27038 12.6888 -20.6866
10.0111 70000085100001927 70000085100001926 70000085100001949 70000085100001925 3.28303305796 5.50685 30.1109 -17.4815
10.0866 70000085100001926 70000085100001925 70000085100001949 70000085100001924 3.08482263583 23.0201 24.0747 -6.9142
10.1021 70000085100001925 70000085100001924 70000085100001949 70000085100001923 3.00813107163 28.051 27.4955 -9.15795
10.1427 70000085100001924 70000085100001923 70000085100001949 70000085100001922 2.89578500573 20.4604 20.7448 -14.2767
10.2331 70000085100001923 70000085100001922 70000085100001949 70000085100001921 2.73314261732 61.4624 9.02584 14.9839
10.2828 70000085100001922 70000085100001920 70000085100001949 70000085100001919 2.44422570455 69.3466 -16.7279 17.1667
10.3151 70000085100001920 70000085100001918 70000085100001949 70000085100001917 2.20792547238 71.4575 -27.3269 7.62098
10.3446 70000085100001918 70000085100001917 70000085100001949 70000085100001916 2.1032696526 83.7192 -15.4981 12.2993
10.378 70000085100001917 70000085100001916 70000085100001949 70000085100001915 2.00202813925 62.922 -28.4478 -12.7557
10.4244 70000085100001916 70000085100001915 70000085100001949 70000085100001914 1.90408954353 47.2585 -26.339 -31.7235
10.4555 70000085100001915 70000085100001914 70000085100001949 70000085100001913 1.82268925262 34.7462 -50.3881 -68.8465
10.4645 70000085100001914 70000085100001913 70000085100001949 70000085100001912 1.74357057433 49.7003 -55.719 -68.6842
10.5081 70000085100001913 70000085100001912 70000085100001949 70000085100001911 1.66666955611 31.005 -63.5584 -90.4875
10.5175 70000085100001912 70000085100001911 70000085100001949 70000085100001910 1.60423452207 16.7084 -58.0575 -78.3973
10.5736 70000085100001911 70000085100001910 70000085100001949 70000085100001909 1.53123902916 9.5879 -53.9466 -101.035
9.07492 70000085100001967 70000085100001966 70000085100001972 70000085100001965 6.14490120342 13.6107 -5.23002 -3.77953
9.08038 70000085100001966 70000085100001965 70000085100001972 70000085100001964 6.01075739884 15.5893 -1.29352 -6.05096
9.02548 70000085100002056 70000085100002055 70000085100002069 70000085100002054 4.17683491473 2.82656 -7.09463 -1.14668
9.07766 70000085100002055 70000085100002052 70000085100002069 70000085100002051 3.70877426464 8.07484 -6.86407 0.148924
9.0066 70000085100002101 70000085100002100 70000085100002107 70000085100002099 6.85511726265 3.68024 0.248755 -1.78373
9.0066 70000085100002100 70000085100002087 70000085100002107 70000085100002086 3.93726108473 -3.61057 1.24177 1.30881
9.04945 70000085100002087 70000085100002085 70000085100002107 70000085100002084 3.49086136926 -4.5485 0.406487 0.602657
9.05235 70000085100002085 70000085100002084 70000085100002107 70000085100002083 3.28303305796 -7.04758 -0.15796 3.30007
9.08309 70000085100002084 70000085100002083 70000085100002107 70000085100002082 3.08482263583 -1.49973 -0.390771 2.85289
9.0066 70000085100002127 70000085100002126 70000085100002138 70000085100002125 4.17683491473 0.0269677 -0.423505 5.44208
9.00012 70000085100002163 70000085100002162 70000085100002173 70000085100002161 4.17683491473 -0.222709 -7.73414 -2.37488
9.0066 70000085100002162 70000085100002161 70000085100002173 70000085100002160 4.00794511147 1.84059 -2.13563 -6.41951
9.12668 70000085100002161 70000085100002159 70000085100002173 70000085100002158 3.70877426464 1.16758 -5.65962 -11.767
9.15502 70000085100002159 70000085100002158 70000085100002173 70000085100002157 3.49086136926 6.41937 -4.43894 -6.73433
9.20464 70000085100002158 70000085100002157 70000085100002173 70000085100002156 3.28303305796 1.90293 -4.71702 -8.04149
9.23988 70000085100002157 70000085100002156 70000085100002173 70000085100002155 3.08482263583 0.533366 -7.44271 -8.81661
9.04062 70000085100002211 70000085100002210 70000085100002216 70000085100002209 7.00541704554 -2.14402 1.39965 10.5668
9.10157 70000085100002210 70000085100002209 70000085100002216 70000085100002208 6.85511726265 -2.93282 -4.32091 6.24286
9.3044 70000085100002209 70000085100002208 70000085100002216 70000085100002207 6.49159774567 -0.556927 -6.36369 8.65792
9.41784 70000085100002208 70000085100002207 70000085100002216 70000085100002206 6.14490120342 -3.9191 -7.72967 18.5881
9.48905 70000085100002207 70000085100002206 70000085100002216 70000085100002205 6.01075739884 4.94859 -17.4622 13.4636
9.60054 70000085100002206 70000085100002204 70000085100002216 70000085100002203 5.52976580795 -16.6773 -8.41839 6.52351
9.62677 70000085100002204 70000085100002202 70000085100002216 70000085100002201 4.99593346816 -14.3231 -5.7434 5.6343
9.65658 70000085100002202 70000085100002201 70000085100002216 70000085100002200 4.93938066349 -5.30412 -3.00139 7.39563
9.65802 70000085100002201 70000085100002199 70000085100002216 70000085100002198 4.42803373661 -23.7471 -10.1927 3.91995
9.69051 70000085100002199 70000085100002192 70000085100002216 70000085100002191 3.08482263583 -1.66809 -12.1295 4.65984
9.72507 70000085100002192 70000085100002189 70000085100002216 70000085100002188 2.73314261732 11.1114 -3.45466 -17.4144
9.75479 70000085100002189 70000085100002188 70000085100002216 70000085100002187 2.5772902716 10.2553 -5.25805 -17.3428
9.78368 70000085100002188 70000085100002187 70000085100002216 70000085100002186 2.44422570455 7.68466 -7.95066 -14.0059
9.62368 70000085100002233 70000085100002232 70000085100002241 70000085100002202 5.22758097313 -4.60468 -12.5246 4.36087
9.0098 70000085100002378 70000085100002377 70000085100002407 70000085100002376 0.923000816178 -21.0845 -3.36745 -4.75166
9.16182 70000085100002377 70000085100002375 70000085100002407 70000085100002374 0.851470900625 -32.99 -10.2961 -4.12119
9.03763 70000085100002746 70000085100002745 70000085100002754 70000085100002744 8.44947629437 9.28719 0.173092 -7.83638
9.17729 70000085100002745 70000085100002744 70000085100002754 70000085100002743 8.01217294887 3.5966 3.38445 -13.8687
9.25101 70000085100002744 70000085100002743 70000085100002754 70000085100002742 7.59510714987 4.96923 0.626386 -5.65986
9.32958 70000085100002743 70000085100002742 70000085100002754 70000085100002741 7.23627606617 4.42886 1.47726 -8.20266
9.35627 70000085100002742 70000085100002741 70000085100002754 70000085100002740 7.00541704554 5.78193 -2.14288 -2.27248
9.40902 70000085100002741 70000085100002740 70000085100002754 70000085100002739 6.85511726265 10.3352 -1.70767 -5.03842
9.54372 70000085100002740 70000085100002739 70000085100002754 70000085100002738 6.49159774567 -18.7061 -10.8535 -17.3356
9.58553 70000085100002739 70000085100002738 70000085100002754 70000085100002737 6.14490120342 -6.40056 -9.31221 3.9575
9.60946 70000085100002738 70000085100002736 70000085100002754 70000085100002735 5.84661374788 -17.7525 -11.6726 5.35772
9.70234 70000085100002736 70000085100002735 70000085100002754 70000085100002734 5.52976580795 -17.0634 -5.8728 15.7345
9.88741 70000085100002735 70000085100002734 70000085100002754 70000085100002733 5.22758097313 -2.0905 5.86051 33.6578
10.085 70000085100002734 70000085100002733 70000085100002754 70000085100002732 4.99593346816 -3.37194 39.4659 10.9956
10.0914 70000085100002733 70000085100002732 70000085100002754 70000085100002731 4.93938066349 -0.739439 34.4467 12.1667
10.1751 70000085100002732 70000085100002731 70000085100002754 70000085100002730 4.66451770247 -2.21299 48.7776 6.42345
10.2864 70000085100002731 70000085100002730 70000085100002754 70000085100002729 4.42803373661 -2.17267 9.06814 2.27748
10.406 70000085100002730 70000085100002729 70000085100002754 70000085100002728 4.17683491473 -12.8383 -21.7806 -10.4631
10.4282 70000085100002729 70000085100002728 70000085100002754 70000085100002727 4.00794511147 9.23947 -19.6029 -1.17908
10.4298 70000085100002728 70000085100002727 70000085100002754 70000085100002726 3.93726108473 12.7578 -21.1807 -5.41028
10.4662 70000085100002727 70000085100002726 70000085100002754 70000085100002725 3.70877426464 -5.192 -35.0758 -8.64388
10.541 70000085100002726 70000085100002725 70000085100002754 70000085100002724 3.49086136926 -5.89972 -18.6302 -11.328
10.5497 70000085100002725 70000085100002724 70000085100002754 70000085100002723 3.28303305796 5.65625 6.71546 5.52469
10.5715 70000085100002724 70000085100002723 70000085100002754 70000085100002722 3.08482263583 12.5673 -9.22601 9.47072
10.6019 70000085100002723 70000085100002722 70000085100002754 70000085100002721 3.00813107163 10.3788 -2.17752 7.60614
10.6152 70000085100002722 70000085100002721 70000085100002754 70000085100002720 2.89578500573 12.1778 11.1235 8.28371
10.6272 70000085100002721 70000085100002720 70000085100002754 70000085100002719 2.73314261732 15.501 8.61577 9.30695
10.6392 70000085100002720 70000085100002719 70000085100002754 70000085100002718 2.5772902716 17.3123 16.928 14.8372
10.6653 70000085100002719 70000085100002717 70000085100002754 70000085100002716 2.31611074396 25.6845 11.9296 16.9733
10.6715 70000085100002717 70000085100002716 70000085100002754 70000085100002715 2.20792547238 30.1556 4.06437 19.6216
10.679 70000085100002716 70000085100002715 70000085100002754 70000085100002714 2.1032696526 28.7583 8.40747 20.4546
10.7103 70000085100002715 70000085100002714 70000085100002754 70000085100002713 2.00202813925 57.8858 15.8074 40.3966
10.7244 70000085100002714 70000085100002713 70000085100002754 70000085100002712 1.90408954353 50.5528 1.85258 37.5538
10.7328 70000085100002713 70000085100002712 70000085100002754 70000085100002711 1.82268925262 67.1558 -7.68678 19.2633
10.7462 70000085100002712 70000085100002711 70000085100002754 70000085100002710 1.74357057433 59.1967 -31.7343 7.13341
10.7706 70000085100002711 70000085100002710 70000085100002754 70000085100002709 1.66666955611 59.2655 -35.0549 10.2794
10.7925 70000085100002710 70000085100002709 70000085100002754 70000085100002708 1.60423452207 60.0649 -47.3512 12.7523
10.8286 70000085100002709 70000085100002708 70000085100002754 70000085100002707 1.53123902916 97.328 -17.2901 37.824
10.8301 70000085100002708 70000085100002707 70000085100002754 70000085100002706 1.47197484527 82.4979 -56.027 30.4891
10.8484 70000085100002707 70000085100002706 70000085100002754 70000085100002705 1.41409822037 147.791 -27.2247 67.2758
10.8606 70000085100002706 70000085100002705 70000085100002754 70000085100002704 1.3575766674 173.508 -27.0232 81.1005
10.8691 70000085100002705 70000085100002704 70000085100002754 70000085100002703 1.30237845991 182.97 -11.4969 86.8634
10.8843 70000085100002704 70000085100002701 70000085100002754 70000085100002700 1.15460271236 233.357 11.3391 82.1275
10.8845 70000085100002701 70000085100002698 70000085100002754 70000085100002697 1.03551044566 267.32 9.17243 59.7493
10.9437 70000085100002698 70000085100002697 70000085100002754 70000085100002696 0.997294225782 332.266 16.3059 70.8528
9.02855 70000085100002774 70000085100002773 70000085100002779 70000085100002772 8.01217294887 0.781484 -6.53463 -8.35039
9.12912 70000085100002773 70000085100002772 70000085100002779 70000085100002771 7.59510714987 2.60159 -6.86791 -6.33597
9.20464 70000085100002772 70000085100002771 70000085100002779 70000085100002770 7.23627606617 1.16989 -3.32089 -8.17505
9.20668 70000085100002771 70000085100002770 70000085100002779 70000085100002769 7.00541704554 2.89662 -10.6592 -8.01828
9.24918 70000085100002770 70000085100002769 70000085100002779 70000085100002768 6.85511726265 1.15157 -8.74632 -5.97993
9.3634 70000085100002769 70000085100002768 70000085100002779 70000085100002767 6.49159774567 5.95363 -8.68238 -5.20011
9.03463 70000085100002814 70000085100002813 70000085100002820 70000085100002812 6.49159774567 12.231 6.10772 -4.64459
9.07766 70000085100002813 70000085100002812 70000085100002820 70000085100002811 6.14490120342 16.7202 8.98568 -4.77601
9.09637 70000085100002812 70000085100002809 70000085100002820 70000085100002808 5.52976580795 11.0038 4.94294 -3.74012
9.05811 70000085100002844 70000085100002843 70000085100002853 70000085100002842 5.22758097313 -16.0963 2.10964 10.0767
9.08309 70000085100002843 70000085100002842 70000085100002853 70000085100002841 4.99593346816 -14.055 -2.96681 12.7592
9.16852 70000085100002842 70000085100002841 70000085100002853 70000085100002840 4.93938066349 -22.4627 3.11482 12.6741
9.01298 70000085100002900 70000085100002899 70000085100002906 70000085100002898 7.00541704554 -16.4046 -7.05463 -5.22376
9.02855 70000085100002899 70000085100002898 70000085100002906 70000085100002897 6.85511726265 -14.1841 -4.63212 -6.08533
9.13394 70000085100002898 70000085100002897 70000085100002906 70000085100002896 6.49159774567 -11.4726 -6.67371 -3.15413
9.15956 70000085100002897 70000085100002896 70000085100002906 70000085100002895 6.14490120342 -13.0796 -5.71958 -4.71535
9.20464 70000085100002896 70000085100002895 70000085100002906 70000085100002894 6.01075739884 -9.78842 -4.77492 -2.80698
9.30602 70000085100002895 70000085100002894 70000085100002906 70000085100002893 5.84661374788 6.27197 -8.49696 -6.45481
9.35483 70000085100002894 70000085100002893 70000085100002906 70000085100002892 5.52976580795 3.62599 -11.5518 -5.18265
9.08309 70000085100002922 70000085100002921 70000085100002934 70000085100002920 3.70877426464 -14.5036 2.01445 5.17816
9.0066 70000085100002984 70000085100002983 70000085100002986 70000085100002982 7.23627606617 3.84344 -8.8297 -8.33265
9.05811 70000085100002983 70000085100002982 70000085100002986 70000085100002981 7.00541704554 15.5199 -3.50772 -12.9461
9.12912 70000085100002982 70000085100002981 70000085100002986 70000085100002980 6.85511726265 8.47244 -1.80238 -10.3396
9.17946 70000085100002981 70000085100002979 70000085100002986 70000085100002978 6.14490120342 10.2289 -4.68682 -7.42545
9.21272 70000085100002979 70000085100002977 70000085100002986 70000085100002976 5.84661374788 4.70131 -6.05985 -10.6496
9.26543 70000085100002977 70000085100002970 70000085100002986 70000085100002969 4.17683491473 21.6165 -0.396071 1.58594
9.34609 70000085100002970 70000085100002969 70000085100002986 70000085100002968 4.00794511147 24.1093 5.30723 2.18878
9.35483 70000085100002969 70000085100002967 70000085100002986 70000085100002966 3.70877426464 16.7578 5.18367 0.422276
9.3974 70000085100002967 70000085100002966 70000085100002986 70000085100002965 3.49086136926 5.87127 13.5596 1.34892
9.0098 70000085100002998 70000085100002997 70000085100003010 70000085100002996 5.52976580795 2.58219 0.250999 5.4667
9.00337 70000085100003041 70000085100003040 70000085100003047 70000085100003039 6.85511726265 -0.13302 -1.6256 -2.62392
9.02548 70000085100003040 70000085100003039 70000085100003047 70000085100003038 6.49159774567 -3.92881 -3.55006 -3.12282
9.06096 70000085100003039 70000085100003038 70000085100003047 70000085100003037 6.14490120342 -5.61043 -6.69124 -3.41087
9.08038 70000085100003038 70000085100003037 70000085100003047 70000085100003036 6.01075739884 -3.89552 -4.96791 -3.09646
9.13154 70000085100003037 70000085100003036 70000085100003047 70000085100003035 5.84661374788 -3.16135 -3.60251 -4.23302
9.1573 70000085100003036 70000085100003035 70000085100003047 70000085100003034 5.52976580795 -7.65541 -6.34547 -5.30127
9.23037 70000085100003035 70000085100003034 70000085100003047 70000085100003033 5.22758097313 -13.214 -7.17954 -7.78401
9.23037 70000085100003034 70000085100003033 70000085100003047 70000085100003032 4.99593346816 -11.9346 -6.29007 -5.58275
9.25284 70000085100003033 70000085100003032 70000085100003047 70000085100003031 4.93938066349 -15.4681 -9.0605 -5.43693
9.27072 70000085100003032 70000085100003031 70000085100003047 70000085100003030 4.66451770247 -9.41571 -3.74304 -4.12438
9.01298 70000085100003228 70000085100003227 70000085100003232 70000085100003226 7.23627606617 1.26267 5.39898 8.0572
9.04945 70000085100003227 70000085100003226 70000085100003232 70000085100003225 7.00541704554 1.3262 5.29195 7.98524
9.05235 70000085100003226 70000085100003225 70000085100003232 70000085100003224 6.85511726265 0.690675 4.42714 7.60494
9.13154 70000085100003225 70000085100003224 70000085100003232 70000085100003223 6.49159774567 0.818069 3.34169 7.74247
9.20464 70000085100003224 70000085100003222 70000085100003232 70000085100003221 6.01075739884 0.280368 7.73001 3.38912
9.26365 70000085100003222 70000085100003221 70000085100003232 70000085100003220 5.84661374788 0.813025 7.40586 4.4941
9.32342 70000085100003221 70000085100003220 70000085100003232 70000085100003219 5.52976580795 -2.57877 5.44535 -2.15385
9.44211 70000085100003220 70000085100003219 70000085100003232 70000085100003218 5.22758097313 3.07237 4.6697 0.674991
9.44797 70000085100003219 70000085100003218 70000085100003232 70000085100003217 4.99593346816 9.67111 4.90439 2.77945
9.45605 70000085100003218 70000085100003217 70000085100003232 70000085100003216 4.93938066349 6.32773 4.34135 3.23992
9.50872 70000085100003217 70000085100003216 70000085100003232 70000085100003215 4.66451770247 5.5013 2.8929 -1.91765
9.51774 70000085100003216 70000085100003215 70000085100003232 70000085100003214 4.42803373661 6.86617 2.30206 -2.68741
9.59807 70000085100003215 70000085100003214 70000085100003232 70000085100003213 4.17683491473 1.11715 -1.14467 11.7143
9.68515 70000085100003214 70000085100003213 70000085100003232 70000085100003212 4.00794511147 -4.60355 -13.5236 26.8535
9.79272 70000085100003213 70000085100003212 70000085100003232 70000085100003211 3.93726108473 5.34988 -35.1613 53.1261
9.91923 70000085100003212 70000085100003211 70000085100003232 70000085100003210 3.70877426464 16.2509 -29.2812 51.5825
10.0439 70000085100003211 70000085100003210 70000085100003232 70000085100003209 3.49086136926 15.6116 -20.0374 44.0256
10.0793 70000085100003210 70000085100003209 70000085100003232 70000085100003208 3.28303305796 13.0698 -25.7707 47.3772
10.12 70000085100003209 70000085100003208 70000085100003232 70000085100003207 3.08482263583 14.2156 -27.8644 41.7168
10.1264 70000085100003208 70000085100003198 70000085100003232 70000085100003197 1.90408954353 1.26947 -34.0317 42.6745
10.1504 70000085100003198 70000085100003197 70000085100003232 70000085100003196 1.82268925262 -6.35246 -10.3672 20.8308
9.0098 70000085100003287 70000085100003286 70000085100003290 70000085100003285 6.14490120342 -3.77334 2.97537 -2.00866
9.05811 70000085100003286 70000085100003285 70000085100003290 70000085100003284 6.01075739884 -0.381078 1.03306 -0.981571
9.08038 70000085100003285 70000085100003283 70000085100003290 70000085100003282 5.52976580795 -2.25177 3.72481 2.36395
9.16407 70000085100003283 70000085100003282 70000085100003290 70000085100003281 5.22758097313 -0.743907 5.78645 1.75303
9.25466 70000085100003282 70000085100003279 70000085100003290 70000085100003278 4.66451770247 4.73283 -4.42642 2.20911
9.36763 70000085100003279 70000085100003278 70000085100003290 70000085100003277 4.42803373661 11.5861 -15.7563 9.61777
9.02239 70000085100003309 70000085100003308 70000085100003313 70000085100003307 6.49159774567 4.08684 0.53555 2.67304
9.0316 70000085100003308 70000085100003306 70000085100003313 70000085100003305 6.01075739884 -0.197115 3.24439 3.6613
9.08845 70000085100003306 70000085100003304 70000085100003313 70000085100003303 5.52976580795 6.64687 -0.0222284 0.167853
9.27938 70000085100003304 70000085100003303 70000085100003313 70000085100003302 5.22758097313 3.35637 -23.1473 4.2096
9.30602 70000085100003303 70000085100003298 70000085100003313 70000085100003297 4.17683491473 0.954857 -16.5466 2.46545
9.01614 70000085100003620 70000085100003619 70000085100003629 70000085100003618 4.99593346816 6.79403 19.0429 0.889096
9.02239 70000085100003619 70000085100003618 70000085100003629 70000085100003617 4.93938066349 7.06946 19.2188 1.36836
9.06096 70000085100003618 70000085100003617 70000085100003629 70000085100003616 4.66451770247 13.3728 17.1606 -1.48082
9.09637 70000085100003617 70000085100003616 70000085100003629 70000085100003615 4.42803373661 13.6618 17.8686 -1.78853
9.14108 70000085100003616 70000085100003615 70000085100003629 70000085100003614 4.17683491473 12.248 15.5934 -5.17195
9.21869 70000085100003615 70000085100003614 70000085100003629 70000085100003613 4.00794511147 16.4768 10.9969 -12.5626
9.33263 70000085100003614 70000085100003612 70000085100003629 70000085100003611 3.70877426464 19.3751 6.83644 -11.9401
9.39478 70000085100003612 70000085100003611 70000085100003629 70000085100003610 3.49086136926 16.4332 6.23532 -11.9688
9.40518 70000085100003611 70000085100003610 70000085100003629 70000085100003609 3.28303305796 20.0268 6.82497 -13.5219
9.4549 70000085100003610 70000085100003609 70000085100003629 70000085100003608 3.08482263583 23.3942 7.46942 -10.2063
9.4606 70000085100003609 70000085100003608 70000085100003629 70000085100003607 3.00813107163 19.3362 6.07066 -8.96111
9.49536 70000085100003608 70000085100003607 70000085100003629 70000085100003606 2.89578500573 25.8878 -2.70523 -13.9327
9.5314 70000085100003607 70000085100003606 70000085100003629 70000085100003605 2.73314261732 33.9107 3.91035 -10.9462
9.54928 70000085100003606 70000085100003605 70000085100003629 70000085100003604 2.5772902716 32.3816 0.998767 -17.1035
9.04945 70000085100003711 70000085100003710 70000085100003718 70000085100003709 3.49086136926 3.08813 -1.24508 10.8912
9.18802 70000085100003710 70000085100003709 70000085100003718 70000085100003708 3.28303305796 -1.3818 -0.478751 -0.886481
9.22845 70000085100003709 70000085100003706 70000085100003718 70000085100003705 2.89578500573 -1.41859 -2.24935 -3.33902
9.29951 70000085100003706 70000085100003705 70000085100003718 70000085100003704 2.73314261732 0.600356 0.967794 -1.05699
9.32805 70000085100003705 70000085100003704 70000085100003718 70000085100003703 2.5772902716 1.78062 -4.53498 0.900867
9.40001 70000085100003704 70000085100003703 70000085100003718 70000085100003702 2.44422570455 1.88867 -3.05199 -0.542599
9.08309 70000085100003870 70000085100003869 70000085100003885 70000085100003868 4.99593346816 -0.179781 2.00549 2.37444
9.12668 70000085100003869 70000085100003868 70000085100003885 70000085100003867 4.93938066349 -0.0214732 0.317807 -0.19164
9.35338 70000085100003868 70000085100003867 70000085100003885 70000085100003866 4.66451770247 2.41364 34.0845 4.63568
9.35771 70000085100003867 70000085100003862 70000085100003885 70000085100003861 3.70877426464 -0.97957 18.562 -7.72111
9.40001 70000085100003862 70000085100003861 70000085100003885 70000085100003860 3.49086136926 6.59785 26.9194 4.43012
9.41156 70000085100003861 70000085100003859 70000085100003885 70000085100003858 3.08482263583 5.89645 26.1631 3.83479
9.43497 70000085100003859 70000085100003856 70000085100003885 70000085100003855 2.73314261732 6.81885 28.6607 2.89268
9.50771 70000085100003856 70000085100003855 70000085100003885 70000085100003854 2.5772902716 10.866 34.3224 10.0944
9.53236 70000085100003855 70000085100003853 70000085100003885 70000085100003852 2.31611074396 18.9066 30.1365 2.65793
9.53428 70000085100003853 70000085100003852 70000085100003885 70000085100003851 2.20792547238 17.3453 25.2615 -1.62333
9.53618 70000085100003852 70000085100003850 70000085100003885 70000085100003849 2.00202813925 16.5698 25.7879 -1.73536
9.54558 70000085100003850 70000085100003846 70000085100003885 70000085100003845 1.66666955611 21.8181 16.5801 -2.30753
9.0316 70000085100003965 70000085100003964 70000085100003976 70000085100003963 2.44422570455 -8.45607 -5.62411 5.9035
9.07766 70000085100003964 70000085100003963 70000085100003976 70000085100003962 2.31611074396 -8.6914 -5.41209 9.09038
9.07766 70000085100003963 70000085100003962 70000085100003976 70000085100003961 2.20792547238 -4.9697 -3.44456 6.41151
9.09898 70000085100003962 70000085100003960 70000085100003976 70000085100003959 2.00202813925 -9.64447 -6.9362 8.98362
9.10671 70000085100003960 70000085100003957 70000085100003976 70000085100003956 1.74357057433 -9.95748 -8.00012 9.56742
9.10671 70000085100003957 70000085100003955 70000085100003976 70000085100003954 1.60423452207 -4.94726 -6.66115 8.65966
9.10671 70000085100003955 70000085100003954 70000085100003976 70000085100003953 1.53123902916 -6.32718 -5.5171 9.33261
9.0098 70000085100004065 70000085100004064 70000085100004077 70000085100004063 6.01075739884 2.27193 -2.85312 1.03908
9.0316 70000085100004064 70000085100004063 70000085100004077 70000085100004062 5.84661374788 1.91816 -2.50744 -0.0257953
9.06939 70000085100004063 70000085100004062 70000085100004077 70000085100004061 5.52976580795 -2.03837 -1.97118 -2.73011
9.06939 70000085100004062 70000085100004061 70000085100004077 70000085100004060 5.22758097313 0.0403735 -1.75416 -4.02822
9.17729 70000085100004061 70000085100004058 70000085100004077 70000085100004057 4.66451770247 -0.146937 -4.46606 -2.06163
9.21869 70000085100004058 70000085100004055 70000085100004077 70000085100004054 4.00794511147 10.0516 -3.04917 -19.0674
9.23799 70000085100004055 70000085100004054 70000085100004077 70000085100004053 3.93726108473 4.06622 -2.54565 -12.5068
9.37042 70000085100004054 70000085100004053 70000085100004077 70000085100004052 3.70877426464 24.5056 -2.96766 -32.4152
9.4026 70000085100004053 70000085100004052 70000085100004077 70000085100004051 3.49086136926 21.2454 -0.618737 -34.9801
9.44447 70000085100004052 70000085100004050 70000085100004077 70000085100004049 3.08482263583 16.512 -1.55982 -31.3365
9.46397 70000085100004050 70000085100004048 70000085100004077 70000085100004047 2.89578500573 15.6886 -2.07278 -32.4481
9.47615 70000085100004048 70000085100004040 70000085100004077 70000085100004039 1.90408954353 15.946 0.319958 -21.3968
9.49221 70000085100004040 70000085100004038 70000085100004077 70000085100004037 1.74357057433 14.1941 0.991137 -16.0035
9.50973 70000085100004038 70000085100004037 70000085100004077 70000085100004036 1.66666955611 19.6092 -1.62386 -16.6215
9.06378 70000085100004204 70000085100004203 70000085100004256 70000085100004202 0.310074120128 -40.4698 -5.87485 -12.2234
