logMh | fpID | subhaloID | main leaf ID | descID |  z
9.0316 80000309800000099 80000309800000098 80000309800000106 80000309800000097 8.44947629437 -4.2214 -4.08184 2.54611
9.0666 80000309800000098 80000309800000097 80000309800000106 80000309800000096 8.01217294887 -3.22114 -3.03282 2.15027
9.24175 80000309800000097 80000309800000096 80000309800000106 80000309800000095 7.59510714987 3.51492 2.82434 -9.25475
9.31401 80000309800000096 80000309800000094 80000309800000106 80000309800000093 7.00541704554 3.07743 1.69588 -4.68302
9.34609 80000309800000094 80000309800000093 80000309800000106 80000309800000092 6.85511726265 3.97771 1.33069 -5.54051
9.39081 80000309800000093 80000309800000092 80000309800000106 80000309800000091 6.49159774567 7.04329 3.42216 -2.11933
9.46733 80000309800000092 80000309800000091 80000309800000106 80000309800000090 6.14490120342 4.02205 1.06049 -2.90572
9.53236 80000309800000091 80000309800000089 80000309800000106 80000309800000088 5.84661374788 -1.51241 1.24824 -2.20431
9.60136 80000309800000089 80000309800000088 80000309800000106 80000309800000087 5.52976580795 4.09553 -7.57723 9.22983
9.71322 80000309800000088 80000309800000087 80000309800000106 80000309800000086 5.22758097313 -3.74914 -0.0257416 2.47328
9.81528 80000309800000087 80000309800000086 80000309800000106 80000309800000085 4.99593346816 5.80146 -5.04227 9.53144
9.81877 80000309800000086 80000309800000085 80000309800000106 80000309800000084 4.93938066349 3.99858 -6.14108 11.2629
9.86079 80000309800000085 80000309800000084 80000309800000106 80000309800000083 4.66451770247 4.07884 -10.1051 5.96235
9.94259 80000309800000084 80000309800000083 80000309800000106 80000309800000082 4.42803373661 7.36392 -8.5796 5.93323
9.96405 80000309800000083 80000309800000082 80000309800000106 80000309800000081 4.17683491473 1.30055 -9.74925 10.3071
9.99021 80000309800000082 80000309800000081 80000309800000106 80000309800000080 4.00794511147 11.4456 -8.25255 18.6872
10.0011 80000309800000081 80000309800000080 80000309800000106 80000309800000079 3.93726108473 10.7305 -7.97976 18.9227
10.0316 80000309800000080 80000309800000079 80000309800000106 80000309800000078 3.70877426464 2.21344 -11.4147 20.0336
10.043 80000309800000079 80000309800000078 80000309800000106 80000309800000077 3.49086136926 3.49523 -8.67395 14.5188
10.0708 80000309800000078 80000309800000077 80000309800000106 80000309800000076 3.28303305796 0.286435 -3.84614 13.566
10.1339 80000309800000077 80000309800000076 80000309800000106 80000309800000075 3.08482263583 5.30269 -9.31604 4.82234
10.1495 80000309800000076 80000309800000075 80000309800000106 80000309800000074 3.00813107163 5.72398 -14.2312 14.1973
10.1964 80000309800000075 80000309800000073 80000309800000106 80000309800000072 2.73314261732 13.8434 -19.2834 12.2341
10.2789 80000309800000073 80000309800000072 80000309800000106 80000309800000071 2.5772902716 -14.1455 -9.74569 -23.0137
10.3589 80000309800000072 80000309800000071 80000309800000106 80000309800000070 2.44422570455 -38.0455 -11.7607 -83.161
10.4182 80000309800000071 80000309800000070 80000309800000106 80000309800000069 2.31611074396 -56.4551 -13.4919 -86.0372
10.4812 80000309800000070 80000309800000069 80000309800000106 80000309800000068 2.20792547238 -52.5997 -24.088 -89.2269
10.5393 80000309800000069 80000309800000068 80000309800000106 80000309800000067 2.1032696526 -65.5308 -18.7235 -85.7572
10.5837 80000309800000068 80000309800000067 80000309800000106 80000309800000066 2.00202813925 -77.1617 -55.6132 -77.6922
10.6383 80000309800000067 80000309800000066 80000309800000106 80000309800000065 1.90408954353 -93.5896 -77.827 -73.781
10.667 80000309800000066 80000309800000065 80000309800000106 80000309800000064 1.82268925262 -99.712 -80.9097 -69.1511
10.7181 80000309800000065 80000309800000064 80000309800000106 80000309800000063 1.74357057433 -129.569 -114.107 -52.8302
10.7288 80000309800000064 80000309800000052 80000309800000106 80000309800000051 1.07445789455 -105.368 -28.3285 -72.0287
10.7675 80000309800000052 80000309800000051 80000309800000106 80000309800000050 1.03551044566 -122.783 15.2488 -34.2711
10.8037 80000309800000051 80000309800000048 80000309800000106 80000309800000047 0.950531351585 -110.262 37.7833 -64.1501
10.8333 80000309800000048 80000309800000047 80000309800000106 80000309800000046 0.923000816178 -120.823 59.2644 -54.2792
10.8347 80000309800000047 80000309800000046 80000309800000106 80000309800000045 0.886896937575 -132.568 64.7214 -7.81198
10.8499 80000309800000046 80000309800000045 80000309800000106 80000309800000044 0.851470900625 -139.145 87.075 4.18933
10.869 80000309800000045 80000309800000044 80000309800000106 80000309800000043 0.816709979012 -142.62 82.729 17.555
10.8841 80000309800000044 80000309800000043 80000309800000106 80000309800000042 0.791068248946 -133.454 100.134 76.9347
10.9178 80000309800000043 80000309800000042 80000309800000106 80000309800000041 0.757441372616 -122.791 120.156 168.183
10.9204 80000309800000042 80000309800000041 80000309800000106 80000309800000040 0.732636182022 -81.2081 123.966 190.775
10.9379 80000309800000041 80000309800000040 80000309800000106 80000309800000039 0.700106353719 -70.2981 120.17 211.929
10.9501 80000309800000040 80000309800000039 80000309800000106 80000309800000038 0.676110411213 -64.8187 154.541 276.157
11.0506 80000309800000039 80000309800000038 80000309800000106 80000309800000037 0.644641840685 -220.997 318.036 441.403
11.059 80000309800000038 80000309800000037 80000309800000106 80000309800000036 0.621428745243 -206.903 294.784 450.729
11.0741 80000309800000037 80000309800000036 80000309800000106 80000309800000035 0.598543288188 -189.358 293.352 470.907
11.0786 80000309800000036 80000309800000035 80000309800000106 80000309800000034 0.575980845108 -185.048 289.96 477.612
11.0893 80000309800000035 80000309800000033 80000309800000106 80000309800000032 0.524565820434 -214.946 314.076 501.69
11.0971 80000309800000033 80000309800000032 80000309800000106 80000309800000031 0.503047523245 -237.08 311.343 491.947
11.1079 80000309800000032 80000309800000031 80000309800000106 80000309800000030 0.481832943421 -223.742 312.307 495.301
11.1193 80000309800000031 80000309800000030 80000309800000106 80000309800000029 0.460917794181 -221.408 283.552 491.505
11.1279 80000309800000030 80000309800000029 80000309800000106 80000309800000028 0.440297849248 -239.35 298.049 477.368
11.1373 80000309800000029 80000309800000028 80000309800000106 80000309800000027 0.419968941997 -239.898 287.987 496.266
11.1547 80000309800000028 80000309800000027 80000309800000106 80000309800000026 0.399926964614 -244.091 291.074 481.08
11.1733 80000309800000027 80000309800000026 80000309800000106 80000309800000025 0.38016786726 -247.834 295.751 465.722
11.1813 80000309800000026 80000309800000023 80000309800000106 80000309800000022 0.328829724206 -256.209 305.423 448.791
11.1886 80000309800000023 80000309800000022 80000309800000106 80000309800000021 0.310074120128 -255.863 337.651 420.894
11.1909 80000309800000022 80000309800000021 80000309800000106 80000309800000020 0.291583239722 -241.427 350.955 425.578
11.1973 80000309800000021 80000309800000020 80000309800000106 80000309800000019 0.273353346578 -225.992 394.864 368.887
11.2038 80000309800000020 80000309800000019 80000309800000106 80000309800000018 0.261343256161 -241.542 387.291 385.947
11.2142 80000309800000019 80000309800000017 80000309800000106 80000309800000016 0.22598838626 -247.418 425.792 432.475
11.2254 80000309800000017 80000309800000016 80000309800000106 80000309800000015 0.214425035514 -225.924 480.617 453.99
11.279 80000309800000016 80000309800000015 80000309800000106 80000309800000014 0.197284182376 -139.621 632.242 493.879
11.3115 80000309800000015 80000309800000014 80000309800000106 80000309800000013 0.180385261706 -80.9879 728.306 569.654
11.3163 80000309800000014 80000309800000007 80000309800000106 80000309800000006 0.0838844307975 -102.572 613.553 544.524
11.3449 80000309800000007 80000309800000006 80000309800000106 80000309800000005 0.0736613846564 -99.6581 661.776 521.234
9.02855 80000309800000111 80000309800000110 80000309800000123 80000309800000109 5.52976580795 -21.9466 -0.476201 -3.69328
9.06378 80000309800000152 80000309800000151 80000309800000163 80000309800000150 5.52976580795 -2.00096 4.60834 -1.79236
9.11681 80000309800000151 80000309800000150 80000309800000163 80000309800000149 5.22758097313 2.53823 3.79667 3.00546
9.13634 80000309800000150 80000309800000148 80000309800000163 80000309800000147 4.93938066349 1.48901 6.73837 -2.74539
9.08845 80000309800000249 80000309800000248 80000309800000254 80000309800000247 7.23627606617 0.81187 3.5397 9.97431
9.23799 80000309800000248 80000309800000245 80000309800000254 80000309800000244 6.49159774567 0.769416 3.46204 13.5638
9.24733 80000309800000245 80000309800000244 80000309800000254 80000309800000243 6.14490120342 -1.08875 4.17064 12.8433
9.32342 80000309800000244 80000309800000243 80000309800000254 80000309800000242 6.01075739884 1.31716 7.62894 15.0713
9.36902 80000309800000243 80000309800000242 80000309800000254 80000309800000241 5.84661374788 2.19685 6.61773 15.0319
9.38547 80000309800000242 80000309800000241 80000309800000254 80000309800000240 5.52976580795 0.235396 7.71302 16.2882
9.45946 80000309800000241 80000309800000240 80000309800000254 80000309800000239 5.22758097313 0.696646 5.15097 12.7837
9.47505 80000309800000240 80000309800000239 80000309800000254 80000309800000238 4.99593346816 1.61104 2.52061 16.4284
9.49536 80000309800000239 80000309800000238 80000309800000254 80000309800000237 4.93938066349 3.5046 1.40719 18.5578
9.53428 80000309800000238 80000309800000237 80000309800000254 80000309800000236 4.66451770247 4.79186 3.45781 18.0392
9.60299 80000309800000237 80000309800000236 80000309800000254 80000309800000235 4.42803373661 4.52751 7.10565 16.1536
9.65442 80000309800000236 80000309800000235 80000309800000254 80000309800000234 4.17683491473 11.256 9.13607 29.3929
9.71637 80000309800000235 80000309800000231 80000309800000254 80000309800000230 3.49086136926 30.6336 -14.9639 -1.13067
9.81678 80000309800000231 80000309800000230 80000309800000254 80000309800000229 3.28303305796 43.1319 -32.1283 -4.86806
9.89413 80000309800000230 80000309800000229 80000309800000254 80000309800000228 3.08482263583 46.9336 -31.6734 -5.94562
9.97213 80000309800000229 80000309800000227 80000309800000254 80000309800000226 2.89578500573 42.8646 -33.0376 9.34096
10.0108 80000309800000227 80000309800000226 80000309800000254 80000309800000225 2.73314261732 31.2596 -30.6871 6.23206
9.02239 80000309800000275 80000309800000274 80000309800000281 80000309800000273 6.01075739884 -9.13924 -3.37515 -1.03436
9.09111 80000309800000274 80000309800000272 80000309800000281 80000309800000271 5.52976580795 -7.84669 -3.74048 -0.56034
9.09375 80000309800000272 80000309800000271 80000309800000281 80000309800000270 5.22758097313 -7.24238 -0.725766 0.158848
9.13871 80000309800000271 80000309800000270 80000309800000281 80000309800000269 4.99593346816 -9.98947 -0.440981 -1.81056
9.15273 80000309800000270 80000309800000267 80000309800000281 80000309800000266 4.42803373661 -8.32955 -0.531945 -3.9116
9.16407 80000309800000267 80000309800000263 80000309800000281 80000309800000262 3.70877426464 -2.55955 -7.31065 -0.191641
9.00337 80000309800000343 80000309800000342 80000309800000346 80000309800000341 9.00233985416 -3.2309 0.009408 2.16398
9.0316 80000309800000342 80000309800000340 80000309800000346 80000309800000339 8.44947629437 -1.56864 -0.19417 -0.624121
9.09375 80000309800000340 80000309800000339 80000309800000346 80000309800000338 8.01217294887 -4.10891 2.93809 -1.52085
9.31717 80000309800000339 80000309800000338 80000309800000346 80000309800000337 7.59510714987 -2.45277 2.44498 -0.501342
9.36902 80000309800000338 80000309800000337 80000309800000346 80000309800000336 7.23627606617 -4.17838 1.08319 0.557645
9.39346 80000309800000337 80000309800000336 80000309800000346 80000309800000335 7.00541704554 -4.87482 -0.243518 0.444148
9.4549 80000309800000336 80000309800000334 80000309800000346 80000309800000333 6.49159774567 -4.82317 -1.52253 1.14652
9.48586 80000309800000334 80000309800000333 80000309800000346 80000309800000332 6.14490120342 -5.4555 -0.678915 -0.0104688
9.49951 80000309800000333 80000309800000332 80000309800000346 80000309800000331 6.01075739884 -3.49478 -2.91386 -2.62792
9.51175 80000309800000332 80000309800000331 80000309800000346 80000309800000330 5.84661374788 -4.16282 0.395593 -2.58622
9.53618 80000309800000331 80000309800000329 80000309800000346 80000309800000328 5.22758097313 -3.88971 -2.54491 -3.81786
9.54928 80000309800000329 80000309800000328 80000309800000346 80000309800000327 4.99593346816 -3.70302 -4.66504 -1.3798
9.56999 80000309800000328 80000309800000327 80000309800000346 80000309800000326 4.93938066349 -2.7181 -4.73481 -2.31131
9.57175 80000309800000327 80000309800000326 80000309800000346 80000309800000325 4.66451770247 0.571466 -2.64824 5.48624
9.64638 80000309800000326 80000309800000325 80000309800000346 80000309800000324 4.42803373661 -1.71134 -3.14924 -0.491174
9.68312 80000309800000325 80000309800000324 80000309800000346 80000309800000323 4.17683491473 -0.947529 -4.91302 -2.28384
9.69712 80000309800000324 80000309800000323 80000309800000346 80000309800000322 4.00794511147 -0.0407098 -6.49849 -3.8535
9.78902 80000309800000323 80000309800000321 80000309800000346 80000309800000320 3.70877426464 -26.2602 -23.1176 17.0925
9.80261 80000309800000321 80000309800000319 80000309800000346 80000309800000318 3.28303305796 -9.85032 -5.94213 12.5581
9.85032 80000309800000319 80000309800000318 80000309800000346 80000309800000317 3.08482263583 -23.1727 -7.36643 19.39
9.86259 80000309800000318 80000309800000316 80000309800000346 80000309800000315 2.89578500573 -18.2498 -6.67089 18.5991
9.89621 80000309800000316 80000309800000315 80000309800000346 80000309800000314 2.73314261732 -27.2965 -6.98317 26.8761
9.91766 80000309800000315 80000309800000314 80000309800000346 80000309800000313 2.5772902716 -25.7296 -12.3174 27.5574
9.94259 80000309800000314 80000309800000313 80000309800000346 80000309800000312 2.44422570455 -28.712 -9.04632 30.601
10.0085 80000309800000313 80000309800000312 80000309800000346 80000309800000311 2.31611074396 -25.5278 -10.8504 27.9627
10.0174 80000309800000312 80000309800000310 80000309800000346 80000309800000309 2.1032696526 -15.8745 -10.484 23.2107
9.11681 80000309800000486 80000309800000485 80000309800000499 80000309800000484 6.49159774567 -4.42911 1.75835 -1.54476
9.25284 80000309800000485 80000309800000484 80000309800000499 80000309800000483 6.14490120342 -0.274106 -5.34226 -4.89584
9.30278 80000309800000484 80000309800000483 80000309800000499 80000309800000482 6.01075739884 -1.87784 -3.41269 -0.936636
9.37732 80000309800000483 80000309800000481 80000309800000499 80000309800000480 5.52976580795 -8.76956 -1.39716 -6.28318
9.3974 80000309800000481 80000309800000480 80000309800000499 80000309800000479 5.22758097313 -4.36234 -3.52662 -7.34435
9.43377 80000309800000480 80000309800000479 80000309800000499 80000309800000478 4.99593346816 -11.1595 -0.222602 -6.92459
9.43737 80000309800000479 80000309800000478 80000309800000499 80000309800000477 4.93938066349 -10.6268 -1.15975 -6.74861
9.46955 80000309800000478 80000309800000477 80000309800000499 80000309800000476 4.66451770247 -7.13113 -3.67409 -6.23769
9.47286 80000309800000477 80000309800000476 80000309800000499 80000309800000475 4.42803373661 -0.827513 -6.02403 -4.17547
9.59059 80000309800000476 80000309800000475 80000309800000499 80000309800000474 4.17683491473 7.34647 -12.7096 -18.4025
9.60218 80000309800000475 80000309800000474 80000309800000499 80000309800000473 4.00794511147 8.73215 -8.34269 -16.8324
9.62677 80000309800000474 80000309800000473 80000309800000499 80000309800000472 3.93726108473 11.3335 -20.1805 -22.9017
9.65874 80000309800000473 80000309800000472 80000309800000499 80000309800000471 3.70877426464 8.03357 -5.9516 -11.2383
9.69712 80000309800000472 80000309800000471 80000309800000499 80000309800000470 3.49086136926 2.50083 -14.0747 -16.1525
9.73057 80000309800000471 80000309800000470 80000309800000499 80000309800000469 3.28303305796 5.58935 -18.1778 -18.3522
9.76613 80000309800000470 80000309800000469 80000309800000499 80000309800000468 3.08482263583 12.4818 -25.7605 -28.3202
9.77663 80000309800000469 80000309800000468 80000309800000499 80000309800000467 3.00813107163 17.6414 -26.5735 -27.5832
9.78475 80000309800000468 80000309800000466 80000309800000499 80000309800000465 2.73314261732 15.1188 -19.6552 -19.146
9.79219 80000309800000466 80000309800000460 80000309800000499 80000309800000459 2.00202813925 17.3277 -17.4139 -26.7679
9.79639 80000309800000460 80000309800000459 80000309800000499 80000309800000458 1.90408954353 16.4413 -16.5742 -25.2061
9.80106 80000309800000459 80000309800000458 80000309800000499 80000309800000457 1.82268925262 18.9508 -12.4233 -29.0966
9.80158 80000309800000458 80000309800000456 80000309800000499 80000309800000455 1.66666955611 17.9942 -13.6443 -25.7415
9.81578 80000309800000456 80000309800000455 80000309800000499 80000309800000454 1.60423452207 17.6313 -12.1009 -22.3999
9.82857 80000309800000455 80000309800000454 80000309800000499 80000309800000453 1.53123902916 18.7402 -13.8797 -22.3395
9.84287 80000309800000454 80000309800000453 80000309800000499 80000309800000452 1.47197484527 20.9793 -17.9263 -20.8159
9.85078 80000309800000453 80000309800000452 80000309800000499 80000309800000451 1.41409822037 17.7177 -16.2614 -28.202
9.85718 80000309800000452 80000309800000450 80000309800000499 80000309800000449 1.30237845991 16.1661 -13.9201 -33.5453
9.85899 80000309800000450 80000309800000448 80000309800000499 80000309800000447 1.20625808078 20.9324 -15.7787 -26.351
9.10157 80000309800000574 80000309800000573 80000309800000580 80000309800000572 3.00813107163 -9.27781 16.5677 -3.20999
9.18162 80000309800000573 80000309800000572 80000309800000580 80000309800000571 2.89578500573 -4.68009 17.7964 0.193863
9.21272 80000309800000572 80000309800000569 80000309800000580 80000309800000568 2.44422570455 1.39227 13.6141 0.403428
9.21472 80000309800000569 80000309800000568 80000309800000580 80000309800000567 2.31611074396 -8.46163 16.3859 14.9434
9.21671 80000309800000568 80000309800000565 80000309800000580 80000309800000564 2.00202813925 -2.2365 12.6395 14.1947
9.23037 80000309800000565 80000309800000564 80000309800000580 80000309800000563 1.90408954353 -1.96338 12.6625 12.357
9.25648 80000309800000564 80000309800000563 80000309800000580 80000309800000562 1.82268925262 -0.686046 21.0486 12.4904
9.30278 80000309800000563 80000309800000562 80000309800000580 80000309800000561 1.74357057433 2.21202 22.8423 13.0782
9.33263 80000309800000562 80000309800000561 80000309800000580 80000309800000560 1.66666955611 0.697962 26.1665 11.1415
9.35338 80000309800000561 80000309800000560 80000309800000580 80000309800000559 1.60423452207 2.05586 30.0976 9.41539
9.36902 80000309800000560 80000309800000559 80000309800000580 80000309800000558 1.53123902916 4.6462 21.1502 8.91733
9.39214 80000309800000559 80000309800000558 80000309800000580 80000309800000557 1.47197484527 1.12983 26.1433 10.6233
9.05235 80000309800000692 80000309800000691 80000309800000699 80000309800000690 3.28303305796 -3.93828 -11.1252 -1.122
9.06939 80000309800000691 80000309800000688 80000309800000699 80000309800000687 2.89578500573 -4.50248 -2.71486 4.55502
9.12178 80000309800000688 80000309800000687 80000309800000699 80000309800000686 2.73314261732 -8.9411 -12.0362 6.2398
9.13634 80000309800000687 80000309800000686 80000309800000699 80000309800000685 2.5772902716 -3.64656 -9.8723 9.60143
9.18162 80000309800000686 80000309800000683 80000309800000699 80000309800000682 2.20792547238 -7.9088 -14.0784 7.10062
9.19433 80000309800000683 80000309800000681 80000309800000699 80000309800000680 2.00202813925 -9.68284 -5.21504 7.04847
9.20668 80000309800000681 80000309800000680 80000309800000699 80000309800000679 1.90408954353 -10.6517 -5.57849 4.03952
9.24175 80000309800000680 80000309800000678 80000309800000699 80000309800000677 1.74357057433 -2.78562 -5.33592 -3.74461
9.29787 80000309800000678 80000309800000675 80000309800000699 80000309800000674 1.53123902916 -7.0322 -0.545253 -2.23013
9.37595 80000309800000675 80000309800000673 80000309800000699 80000309800000672 1.41409822037 -16.5132 3.07427 -2.50592
9.39214 80000309800000673 80000309800000672 80000309800000699 80000309800000671 1.3575766674 -15.9834 4.77354 -3.30859
9.44093 80000309800000672 80000309800000671 80000309800000699 80000309800000670 1.30237845991 -20.4405 -8.6971 -8.72912
9.48265 80000309800000671 80000309800000670 80000309800000699 80000309800000669 1.24847261425 -18.3717 6.36945 -6.25044
9.50973 80000309800000670 80000309800000669 80000309800000699 80000309800000668 1.20625808078 -27.805 3.46434 -8.07432
9.02239 80000309800000833 80000309800000832 80000309800000842 80000309800000831 5.52976580795 3.25813 0.0584725 -1.43739
9.04945 80000309800000832 80000309800000831 80000309800000842 80000309800000830 5.22758097313 2.04185 -0.264131 -0.851257
9.13154 80000309800000831 80000309800000830 80000309800000842 80000309800000829 4.99593346816 2.25373 -1.09744 0.627478
9.15042 80000309800000830 80000309800000829 80000309800000842 80000309800000828 4.93938066349 1.36361 -2.74887 -1.57029
9.19013 80000309800000829 80000309800000828 80000309800000842 80000309800000827 4.66451770247 7.1845 -3.98676 3.19152
9.3156 80000309800000828 80000309800000826 80000309800000842 80000309800000825 4.17683491473 3.30596 -9.74019 3.32655
9.39214 80000309800000826 80000309800000825 80000309800000842 80000309800000824 4.00794511147 0.226998 -14.4683 -0.808223
9.40902 80000309800000825 80000309800000823 80000309800000842 80000309800000822 3.70877426464 2.35994 -12.4222 -2.6066
9.56111 80000309800000823 80000309800000822 80000309800000842 80000309800000821 3.49086136926 -1.20275 -22.9586 -1.63748
9.70941 80000309800000822 80000309800000821 80000309800000842 80000309800000820 3.28303305796 -14.9196 -18.7835 -1.23685
9.84241 80000309800000821 80000309800000820 80000309800000842 80000309800000819 3.08482263583 -16.5552 -8.92688 1.01629
9.8697 80000309800000820 80000309800000819 80000309800000842 80000309800000818 3.00813107163 -26.914 -10.1486 3.67919
9.88358 80000309800000819 80000309800000818 80000309800000842 80000309800000817 2.89578500573 -30.353 -10.6898 6.76451
9.95436 80000309800000818 80000309800000817 80000309800000842 80000309800000816 2.73314261732 -21.3269 -15.6436 1.37425
10.0512 80000309800000817 80000309800000816 80000309800000842 80000309800000815 2.5772902716 -40.5544 -21.6714 -19.4382
10.0629 80000309800000816 80000309800000815 80000309800000842 80000309800000814 2.44422570455 -35.8954 -27.0894 -22.3494
10.0643 80000309800000815 80000309800000814 80000309800000842 80000309800000813 2.31611074396 -33.5655 -33.388 -21.3042
10.125 80000309800000814 80000309800000813 80000309800000842 80000309800000812 2.20792547238 -40.2536 -29.8874 -24.623
10.1525 80000309800000813 80000309800000812 80000309800000842 80000309800000811 2.1032696526 -43.7124 -38.501 -38.6654
10.1543 80000309800000812 80000309800000811 80000309800000842 80000309800000810 2.00202813925 -35.0124 -38.7579 -33.1589
10.1891 80000309800000811 80000309800000810 80000309800000842 80000309800000809 1.90408954353 -42.6014 -33.7535 -31.1934
10.2137 80000309800000810 80000309800000809 80000309800000842 80000309800000808 1.82268925262 -38.6339 -37.5485 -45.9203
10.286 80000309800000809 80000309800000808 80000309800000842 80000309800000807 1.74357057433 -45.9608 -27.1576 -74.3643
10.3355 80000309800000808 80000309800000807 80000309800000842 80000309800000806 1.66666955611 -53.9406 -18.8339 -65.7674
10.3896 80000309800000807 80000309800000806 80000309800000842 80000309800000805 1.60423452207 -63.6044 -23.2683 -85.2219
10.4062 80000309800000806 80000309800000805 80000309800000842 80000309800000804 1.53123902916 -58.5393 -12.6081 -66.9978
10.4113 80000309800000805 80000309800000804 80000309800000842 80000309800000803 1.47197484527 -80.6763 -4.83958 -93.2644
10.435 80000309800000804 80000309800000803 80000309800000842 80000309800000802 1.41409822037 -114.583 8.52507 -88.2618
10.4936 80000309800000803 80000309800000802 80000309800000842 80000309800000801 1.3575766674 -177.985 14.9922 -148.444
10.5282 80000309800000802 80000309800000801 80000309800000842 80000309800000800 1.30237845991 -190.378 14.9267 -171.058
10.5439 80000309800000801 80000309800000800 80000309800000842 80000309800000799 1.24847261425 -194.873 12.8605 -167.23
10.5898 80000309800000800 80000309800000798 80000309800000842 80000309800000797 1.15460271236 -238.92 16.0453 -228.926
10.6145 80000309800000798 80000309800000797 80000309800000842 80000309800000796 1.11415056377 -232.519 7.15408 -241.291
10.6183 80000309800000797 80000309800000796 80000309800000842 80000309800000795 1.07445789455 -205.742 -26.4383 -216.057
9.0666 80000309800000862 80000309800000861 80000309800000866 80000309800000860 4.42803373661 5.79368 9.11109 6.23781
9.22457 80000309800000861 80000309800000860 80000309800000866 80000309800000859 4.17683491473 9.27859 18.3621 7.10797
9.27766 80000309800000860 80000309800000859 80000309800000866 80000309800000858 4.00794511147 5.93577 17.1135 6.45762
9.3044 80000309800000859 80000309800000858 80000309800000866 80000309800000857 3.93726108473 6.77351 20.5921 7.81748
9.0066 80000309800000881 80000309800000880 80000309800000895 80000309800000879 4.00794511147 5.36515 -6.20336 5.73765
9.0098 80000309800000880 80000309800000879 80000309800000895 80000309800000878 3.93726108473 5.45167 -6.34123 6.09652
9.0066 80000309800000975 80000309800000974 80000309800000978 80000309800000973 4.42803373661 -3.45817 -7.14697 -4.24418
9.1193 80000309800000974 80000309800000973 80000309800000978 80000309800000972 4.17683491473 17.2495 -10.982 -4.59562
9.19848 80000309800000973 80000309800000972 80000309800000978 80000309800000971 4.00794511147 17.0629 -12.722 -5.43003
9.20668 80000309800000972 80000309800000971 80000309800000978 80000309800000970 3.93726108473 21.1033 -10.4978 -7.35217
9.24918 80000309800000971 80000309800000970 80000309800000978 80000309800000969 3.70877426464 17.5932 -10.1639 -7.55073
9.3156 80000309800000970 80000309800000968 80000309800000978 80000309800000967 3.28303305796 9.12991 -15.405 -4.13316
9.35483 80000309800000968 80000309800000967 80000309800000978 80000309800000966 3.08482263583 8.70552 -12.9854 0.93856
9.44447 80000309800000967 80000309800000966 80000309800000978 80000309800000965 3.00813107163 10.8367 -28.6337 2.98291
9.51275 80000309800000966 80000309800000964 80000309800000978 80000309800000963 2.73314261732 18.7672 -32.1098 11.8901
9.01928 80000309800001120 80000309800001119 80000309800001128 80000309800001118 5.22758097313 -3.68209 -2.30331 -3.35751
9.0666 80000309800001119 80000309800001118 80000309800001128 80000309800001117 4.99593346816 -3.86107 -1.324 -0.863562
9.06939 80000309800001118 80000309800001117 80000309800001128 80000309800001116 4.93938066349 -3.51535 -2.09014 -0.252018
9.11681 80000309800001117 80000309800001116 80000309800001128 80000309800001115 4.66451770247 -4.748 0.502339 1.42382
9.15273 80000309800001116 80000309800001115 80000309800001128 80000309800001114 4.42803373661 -6.36856 4.00012 -1.51738
9.21671 80000309800001115 80000309800001113 80000309800001128 80000309800001112 4.00794511147 -0.228574 9.52822 -1.29049
9.23988 80000309800001113 80000309800001112 80000309800001128 80000309800001111 3.93726108473 1.43112 7.57278 -3.36111
9.2828 80000309800001112 80000309800001111 80000309800001128 80000309800001110 3.70877426464 1.05396 6.41703 -8.53839
9.49951 80000309800001111 80000309800001109 80000309800001128 80000309800001108 3.28303305796 21.8743 4.07849 -13.4245
9.54278 80000309800001109 80000309800001108 80000309800001128 80000309800001107 3.08482263583 20.9229 0.988374 -9.73189
9.59394 80000309800001108 80000309800001106 80000309800001128 80000309800001105 2.89578500573 26.438 17.0314 -7.67695
9.62677 80000309800001106 80000309800001105 80000309800001128 80000309800001104 2.73314261732 24.6936 3.35264 -10.2622
9.66866 80000309800001105 80000309800001104 80000309800001128 80000309800001103 2.5772902716 26.052 4.73498 -4.3569
9.88016 80000309800001104 80000309800001102 80000309800001128 80000309800001101 2.31611074396 45.0522 40.4067 -31.6314
9.89828 80000309800001102 80000309800001101 80000309800001128 80000309800001100 2.20792547238 49.3426 38.9433 -29.2338
9.91766 80000309800001101 80000309800001100 80000309800001128 80000309800001099 2.1032696526 42.2487 42.3821 -32.5429
9.93393 80000309800001100 80000309800001099 80000309800001128 80000309800001098 2.00202813925 66.0254 53.9956 -29.4792
9.97352 80000309800001099 80000309800001098 80000309800001128 80000309800001097 1.90408954353 65.5406 53.4274 -39.5025
10.0397 80000309800001098 80000309800001097 80000309800001128 80000309800001096 1.82268925262 44.8254 58.6756 -77.4154
9.40646 80000309800001130 80000309800001129 80000309800001145 80000309800001109 3.49086136926 20.075 1.33335 -11.1271
9.0316 80000309800001173 80000309800001172 80000309800001179 80000309800001171 4.42803373661 -1.8366 20.2207 0.122836
9.05235 80000309800001172 80000309800001169 80000309800001179 80000309800001168 3.93726108473 1.01326 12.3557 -3.1483
9.16182 80000309800001169 80000309800001168 80000309800001179 80000309800001167 3.70877426464 -1.4508 2.02517 3.05072
9.37042 80000309800001168 80000309800001167 80000309800001179 80000309800001166 3.49086136926 3.84663 -35.2679 -2.23838
9.42157 80000309800001167 80000309800001165 80000309800001179 80000309800001164 3.00813107163 4.43427 -27.6634 -1.28155
9.43257 80000309800001165 80000309800001164 80000309800001179 80000309800001163 2.89578500573 5.59909 -28.7111 -3.06272
9.46955 80000309800001164 80000309800001163 80000309800001179 80000309800001162 2.73314261732 3.43197 -28.3592 -4.1175
9.10157 80000309800001253 80000309800001252 80000309800001263 80000309800001251 2.5772902716 9.21987 -6.33469 -21.6383
9.10671 80000309800001252 80000309800001251 80000309800001263 80000309800001250 2.44422570455 10.5215 -7.11706 -22.2137
9.11681 80000309800001251 80000309800001250 80000309800001263 80000309800001249 2.31611074396 10.4981 -7.10458 -21.1208
9.16852 80000309800001250 80000309800001249 80000309800001263 80000309800001248 2.20792547238 13.0184 -5.1172 -21.9457
9.18589 80000309800001249 80000309800001248 80000309800001263 80000309800001247 2.1032696526 8.60887 -2.35656 -16.702
9.22066 80000309800001248 80000309800001247 80000309800001263 80000309800001246 2.00202813925 19.0261 17.3136 -18.2127
9.25101 80000309800001247 80000309800001246 80000309800001263 80000309800001245 1.90408954353 16.2688 7.45662 -20.0094
