logMh | fpID | subhaloID | main leaf ID | descID |  z
9.07492 90000079200000102 90000079200000101 90000079200000106 90000079200000100 9.38877127194 0.213955 1.61808 -2.3898
9.1573 90000079200000101 90000079200000100 90000079200000106 90000079200000099 9.00233985416 3.02704 4.60013 0.823571
9.16182 90000079200000100 90000079200000099 90000079200000106 90000079200000098 8.9079991856 2.66518 3.8055 0.470974
9.26008 90000079200000099 90000079200000098 90000079200000106 90000079200000097 8.44947629437 5.38095 5.57638 -1.0444
9.38547 90000079200000098 90000079200000097 90000079200000106 90000079200000096 8.01217294887 5.89033 3.92221 -0.48943
9.47176 90000079200000097 90000079200000096 90000079200000106 90000079200000095 7.59510714987 5.64222 5.58138 0.283422
9.58469 90000079200000096 90000079200000095 90000079200000106 90000079200000094 7.23627606617 -0.502983 -9.98835 -1.16902
9.82222 90000079200000095 90000079200000093 90000079200000106 90000079200000092 6.85511726265 -17.1497 -6.13568 19.4141
9.88529 90000079200000093 90000079200000092 90000079200000106 90000079200000091 6.49159774567 -12.6492 -3.92837 17.6289
10.0649 90000079200000092 90000079200000091 90000079200000106 90000079200000090 6.14490120342 -22.5259 -12.2603 4.95452
10.1021 90000079200000091 90000079200000090 90000079200000106 90000079200000089 6.01075739884 -22.8333 -16.7932 4.7677
10.16 90000079200000090 90000079200000089 90000079200000106 90000079200000088 5.84661374788 -16.947 -12.6333 8.07771
10.2067 90000079200000089 90000079200000088 90000079200000106 90000079200000087 5.52976580795 -18.4511 -7.45073 3.53862
10.2979 90000079200000088 90000079200000087 90000079200000106 90000079200000086 5.22758097313 -18.9403 -0.620239 0.0190806
10.3428 90000079200000087 90000079200000086 90000079200000106 90000079200000085 4.99593346816 -14.382 3.81794 -5.03736
10.3538 90000079200000086 90000079200000085 90000079200000106 90000079200000084 4.93938066349 -17.8841 7.89611 -10.4247
10.4051 90000079200000085 90000079200000084 90000079200000106 90000079200000083 4.66451770247 -21.6596 14.4784 -13.039
10.437 90000079200000084 90000079200000083 90000079200000106 90000079200000082 4.42803373661 -34.8784 -2.76959 -16.3217
10.4913 90000079200000083 90000079200000082 90000079200000106 90000079200000081 4.17683491473 -36.3958 2.44091 -16.6008
10.5152 90000079200000082 90000079200000081 90000079200000106 90000079200000080 4.00794511147 -44.6377 8.00154 -20.228
10.5223 90000079200000081 90000079200000080 90000079200000106 90000079200000079 3.93726108473 -48.4776 15.4397 -24.6969
10.5385 90000079200000080 90000079200000079 90000079200000106 90000079200000078 3.70877426464 -54.4025 27.6516 -41.4989
10.5604 90000079200000079 90000079200000078 90000079200000106 90000079200000077 3.49086136926 -54.3912 20.5272 -38.9495
10.5886 90000079200000078 90000079200000077 90000079200000106 90000079200000076 3.28303305796 -53.146 16.0622 -29.0196
10.6336 90000079200000077 90000079200000076 90000079200000106 90000079200000075 3.08482263583 -58.7922 -1.70006 -5.22825
10.653 90000079200000076 90000079200000075 90000079200000106 90000079200000074 3.00813107163 -52.167 -20.4906 2.08488
10.6826 90000079200000075 90000079200000074 90000079200000106 90000079200000073 2.89578500573 -49.6368 -34.7044 10.4435
10.704 90000079200000074 90000079200000073 90000079200000106 90000079200000072 2.73314261732 -50.7608 -26.3842 2.8366
10.7413 90000079200000073 90000079200000072 90000079200000106 90000079200000071 2.5772902716 -29.5619 -40.2365 -2.39663
10.7577 90000079200000072 90000079200000071 90000079200000106 90000079200000070 2.44422570455 -12.3458 -67.5582 -10.4786
10.7738 90000079200000071 90000079200000070 90000079200000106 90000079200000069 2.31611074396 -28.5554 -42.7284 -15.8189
10.809 90000079200000070 90000079200000069 90000079200000106 90000079200000068 2.20792547238 -35.4344 -54.3967 -1.36799
10.8222 90000079200000069 90000079200000068 90000079200000106 90000079200000067 2.1032696526 -32.7485 -40.6934 -10.4417
10.8714 90000079200000068 90000079200000063 90000079200000106 90000079200000062 1.66666955611 95.2338 -2.66995 44.0167
10.8729 90000079200000063 90000079200000062 90000079200000106 90000079200000061 1.60423452207 89.8217 -48.7773 47.6156
10.874 90000079200000062 90000079200000056 90000079200000106 90000079200000055 1.24847261425 9.82596 -52.7954 -23.913
10.8793 90000079200000056 90000079200000054 90000079200000106 90000079200000053 1.15460271236 -12.3983 -64.4264 -25.6287
10.8794 90000079200000054 90000079200000053 90000079200000106 90000079200000052 1.11415056377 -11.974 -86.1494 -32.729
10.8836 90000079200000053 90000079200000052 90000079200000106 90000079200000051 1.07445789455 -14.9056 -99.7569 -37.6394
10.8848 90000079200000052 90000079200000051 90000079200000106 90000079200000050 1.03551044566 -22.896 -95.0418 -34.3162
10.8869 90000079200000051 90000079200000047 90000079200000106 90000079200000046 0.923000816178 -42.6853 -119.764 -34.1299
10.8914 90000079200000047 90000079200000046 90000079200000106 90000079200000045 0.886896937575 -46.9931 -140.925 -36.8848
10.9008 90000079200000046 90000079200000045 90000079200000106 90000079200000044 0.851470900625 -67.7878 -155.464 -25.523
10.9157 90000079200000045 90000079200000044 90000079200000106 90000079200000043 0.816709979012 -92.5777 -207.417 -56.3764
10.9264 90000079200000044 90000079200000043 90000079200000106 90000079200000042 0.791068248946 -109.095 -264.589 -61.0979
10.9402 90000079200000043 90000079200000042 90000079200000106 90000079200000041 0.757441372616 -121.53 -280.533 -65.5508
10.9619 90000079200000042 90000079200000041 90000079200000106 90000079200000040 0.732636182022 -158.348 -363.369 -67.7756
10.983 90000079200000041 90000079200000040 90000079200000106 90000079200000039 0.700106353719 -170.166 -436.097 -67.7564
10.9856 90000079200000040 90000079200000039 90000079200000106 90000079200000038 0.676110411213 -158.023 -464.268 -110.933
10.9966 90000079200000039 90000079200000037 90000079200000106 90000079200000036 0.621428745243 -176.615 -539.281 -148.134
10.9983 90000079200000037 90000079200000036 90000079200000106 90000079200000035 0.598543288188 -175.638 -562.717 -139.51
11.0609 90000079200000036 90000079200000035 90000079200000106 90000079200000034 0.575980845108 -200.997 -749.875 -192.791
11.0786 90000079200000035 90000079200000034 90000079200000106 90000079200000033 0.546392183141 -195.114 -832.946 -183.335
11.1326 90000079200000034 90000079200000033 90000079200000106 90000079200000032 0.524565820434 -234.965 -971.933 -185.247
11.1486 90000079200000033 90000079200000032 90000079200000106 90000079200000031 0.503047523245 -203.321 -985.992 -169.288
11.191 90000079200000032 90000079200000031 90000079200000106 90000079200000030 0.481832943421 -250.35 -1073.37 -165.905
11.2191 90000079200000031 90000079200000030 90000079200000106 90000079200000029 0.460917794181 -276.993 -1096.03 -145.638
11.2402 90000079200000030 90000079200000029 90000079200000106 90000079200000028 0.440297849248 -289.241 -1088.29 -138.93
11.2471 90000079200000029 90000079200000028 90000079200000106 90000079200000027 0.419968941997 -304.546 -1074.68 -132.787
11.2474 90000079200000028 90000079200000024 90000079200000106 90000079200000023 0.347853841858 -300.179 -1017.73 -82.0915
11.263 90000079200000024 90000079200000023 90000079200000106 90000079200000022 0.328829724206 -313.052 -1012.23 -89.0598
11.2653 90000079200000023 90000079200000022 90000079200000106 90000079200000021 0.310074120128 -326.084 -1009.91 -83.8846
11.2749 90000079200000022 90000079200000020 90000079200000106 90000079200000019 0.273353346578 -320.247 -964.584 -92.9032
11.2801 90000079200000020 90000079200000019 90000079200000106 90000079200000018 0.261343256161 -307.065 -951.585 -98.0675
11.2818 90000079200000019 90000079200000018 90000079200000106 90000079200000017 0.243540181555 -313.214 -941.485 -93.9198
11.2825 90000079200000018 90000079200000017 90000079200000106 90000079200000016 0.22598838626 -316.494 -938.349 -91.0234
11.2842 90000079200000017 90000079200000016 90000079200000106 90000079200000015 0.214425035514 -315.874 -935.121 -98.3766
11.2851 90000079200000016 90000079200000013 90000079200000106 90000079200000012 0.169252033244 -306.344 -912.434 -107.095
11.2872 90000079200000013 90000079200000012 90000079200000106 90000079200000011 0.152748768902 -308.131 -910.812 -102.25
11.2924 90000079200000012 90000079200000010 90000079200000106 90000079200000009 0.125759332411 -301.267 -933.243 -101.892
11.2986 90000079200000010 90000079200000009 90000079200000106 90000079200000008 0.109869940459 -291.003 -941.712 -115.725
11.3061 90000079200000009 90000079200000005 90000079200000106 90000079200000004 0.0585073227945 -298.656 -952.296 -120.543
11.3075 90000079200000005 90000079200000004 90000079200000106 90000079200000003 0.0485236299818 -295.029 -962.038 -119.795
11.3132 90000079200000004 90000079200000003 90000079200000106 90000079200000002 0.0337243718735 -296.646 -977.949 -102.147
11.3164 90000079200000003 90000079200000001 90000079200000106 90000079200000000 0.00952166696794 -304.862 -989.716 -111.828
11.3165 90000079200000001 90000079200000000 90000079200000106 -1 2.22044604925e-16 -308.225 -989.475 -120.151
9.0098 90000079200000115 90000079200000114 90000079200000122 90000079200000113 8.9079991856 -1.50811 -2.10127 5.32046
9.04062 90000079200000114 90000079200000113 90000079200000122 90000079200000112 8.44947629437 -1.965 -2.82018 5.11206
9.18589 90000079200000113 90000079200000112 90000079200000122 90000079200000111 8.01217294887 -4.56607 -0.434061 6.38674
9.33866 90000079200000112 90000079200000111 90000079200000122 90000079200000110 7.59510714987 -0.122776 5.96379 11.2247
9.04062 90000079200000147 90000079200000146 90000079200000154 90000079200000145 8.44947629437 2.65113 -3.11107 -1.20002
9.27072 90000079200000146 90000079200000145 90000079200000154 90000079200000144 8.01217294887 -5.89072 -5.01305 9.82297
9.31401 90000079200000145 90000079200000143 90000079200000154 90000079200000142 7.23627606617 -7.18239 -4.11724 6.46116
9.05235 90000079200000168 90000079200000167 90000079200000181 90000079200000166 6.14490120342 -5.46365 -1.04486 -1.05985
9.02855 90000079200000282 90000079200000281 90000079200000294 90000079200000280 4.42803373661 -2.16302 3.47993 -1.25009
9.07492 90000079200000281 90000079200000280 90000079200000294 90000079200000279 4.17683491473 -2.12748 1.81861 -1.44514
9.07492 90000079200000352 90000079200000351 90000079200000358 90000079200000350 5.84661374788 6.20595 4.5226 -11.473
9.07492 90000079200000351 90000079200000349 90000079200000358 90000079200000348 5.22758097313 4.9858 -0.938081 -9.71266
9.10157 90000079200000349 90000079200000348 90000079200000358 90000079200000347 4.99593346816 1.50256 -0.529482 -5.94444
9.10415 90000079200000348 90000079200000347 90000079200000358 90000079200000346 4.93938066349 1.73436 -0.330965 -4.76416
9.13634 90000079200000347 90000079200000346 90000079200000358 90000079200000345 4.66451770247 0.920279 -1.37404 -6.30136
9.14344 90000079200000346 90000079200000344 90000079200000358 90000079200000343 4.17683491473 1.30024 -0.553732 -3.54657
9.21869 90000079200000344 90000079200000343 90000079200000358 90000079200000342 4.00794511147 8.02448 7.41757 -2.97698
9.24175 90000079200000343 90000079200000342 90000079200000358 90000079200000341 3.93726108473 14.3765 15.5503 -1.29284
9.30602 90000079200000342 90000079200000341 90000079200000358 90000079200000340 3.70877426464 14.5549 14.3753 -3.46218
9.42404 90000079200000341 90000079200000340 90000079200000358 90000079200000339 3.49086136926 7.06264 19.7923 -4.72974
9.00337 90000079200000400 90000079200000399 90000079200000409 90000079200000398 7.23627606617 0.617583 5.36527 7.70701
9.0066 90000079200000399 90000079200000398 90000079200000409 90000079200000397 7.00541704554 1.84316 3.06463 7.92879
9.02239 90000079200000398 90000079200000397 90000079200000409 90000079200000396 6.85511726265 0.920241 3.9898 6.80269
9.06939 90000079200000397 90000079200000396 90000079200000409 90000079200000395 6.49159774567 1.33351 3.51878 5.84809
9.07766 90000079200000396 90000079200000395 90000079200000409 90000079200000394 6.14490120342 1.16822 2.39427 6.54015
9.12424 90000079200000395 90000079200000394 90000079200000409 90000079200000393 6.01075739884 2.14403 1.33488 3.32819
9.19013 90000079200000394 90000079200000393 90000079200000409 90000079200000392 5.84661374788 -0.47599 -1.68231 -1.3209
9.19433 90000079200000393 90000079200000391 90000079200000409 90000079200000390 5.22758097313 3.29324 -0.79854 2.12794
9.19848 90000079200000391 90000079200000389 90000079200000409 90000079200000388 4.93938066349 -0.0351359 3.77926 1.2669
9.24548 90000079200000389 90000079200000388 90000079200000409 90000079200000387 4.66451770247 -0.302468 7.6276 -0.061849
9.25648 90000079200000388 90000079200000387 90000079200000409 90000079200000386 4.42803373661 1.93831 1.36056 -2.51541
9.01614 90000079200000450 90000079200000449 90000079200000461 90000079200000448 4.66451770247 -2.08212 -0.744157 4.29361
9.02855 90000079200000449 90000079200000445 90000079200000461 90000079200000444 3.93726108473 -8.74515 -8.56942 -2.55623
9.03763 90000079200000445 90000079200000443 90000079200000461 90000079200000442 3.49086136926 -9.97259 -4.83149 -4.73332
9.05811 90000079200000443 90000079200000438 90000079200000461 90000079200000437 2.73314261732 -4.38329 -1.42985 8.3672
9.0066 90000079200000492 90000079200000491 90000079200000514 90000079200000490 3.00813107163 0.0199538 -3.14726 -4.10292
9.04653 90000079200000491 90000079200000488 90000079200000514 90000079200000487 2.5772902716 2.37334 -1.56674 -4.81298
9.03463 90000079200000731 90000079200000730 90000079200000739 90000079200000729 5.22758097313 2.59195 -0.04114 -0.038485
9.10157 90000079200000730 90000079200000727 90000079200000739 90000079200000726 4.66451770247 1.44044 0.899123 0.150957
9.11431 90000079200000727 90000079200000726 90000079200000739 90000079200000725 4.42803373661 0.412129 1.88691 0.672685
9.18376 90000079200000726 90000079200000725 90000079200000739 90000079200000724 4.17683491473 -5.3376 0.980563 -0.165157
9.23037 90000079200000725 90000079200000724 90000079200000739 90000079200000723 4.00794511147 -6.51344 -1.17324 0.785249
9.24362 90000079200000724 90000079200000723 90000079200000739 90000079200000722 3.93726108473 -7.43371 -0.342658 0.800856
9.25648 90000079200000723 90000079200000721 90000079200000739 90000079200000720 3.49086136926 -3.09686 -0.445547 2.76646
9.26008 90000079200000721 90000079200000719 90000079200000739 90000079200000718 3.08482263583 0.202177 1.57264 1.23163
9.28956 90000079200000719 90000079200000716 90000079200000739 90000079200000715 2.73314261732 -0.59368 2.55915 -1.79557
9.31874 90000079200000716 90000079200000715 90000079200000739 90000079200000714 2.5772902716 5.0882 1.04594 1.86487
9.01928 90000079200000825 90000079200000824 90000079200000835 90000079200000823 5.52976580795 6.99903 1.50346 -1.1372
9.08578 90000079200000824 90000079200000823 90000079200000835 90000079200000822 5.22758097313 10.8935 9.00962 -12.7624
9.20464 90000079200000823 90000079200000822 90000079200000835 90000079200000821 4.99593346816 7.1928 6.04797 -5.96757
9.25284 90000079200000822 90000079200000821 90000079200000835 90000079200000820 4.93938066349 11.4399 4.89509 -0.500188
9.32805 90000079200000821 90000079200000820 90000079200000835 90000079200000819 4.66451770247 13.0458 17.5635 -2.60908
9.44564 90000079200000820 90000079200000819 90000079200000835 90000079200000818 4.42803373661 15.9133 15.8096 -4.81467
9.55204 90000079200000819 90000079200000817 90000079200000835 90000079200000816 4.00794511147 15.3042 15.297 -4.76897
9.57087 90000079200000817 90000079200000816 90000079200000835 90000079200000815 3.93726108473 13.3898 12.6313 0.390985
9.73239 90000079200000816 90000079200000815 90000079200000835 90000079200000814 3.70877426464 -4.52255 7.75883 6.13378
9.83531 90000079200000815 90000079200000814 90000079200000835 90000079200000813 3.49086136926 3.27122 29.571 -8.84959
9.86169 90000079200000814 90000079200000813 90000079200000835 90000079200000812 3.28303305796 4.53608 0.438486 -2.82571
9.93049 90000079200000813 90000079200000812 90000079200000835 90000079200000811 3.08482263583 7.43417 5.93634 -2.7716
10.003 90000079200000812 90000079200000811 90000079200000835 90000079200000810 3.00813107163 18.0116 -8.98341 5.46356
10.0674 90000079200000811 90000079200000810 90000079200000835 90000079200000809 2.89578500573 17.789 -5.97463 -5.58403
10.1895 90000079200000810 90000079200000809 90000079200000835 90000079200000808 2.73314261732 63.7302 113.915 -24.5644
10.2119 90000079200000809 90000079200000808 90000079200000835 90000079200000807 2.5772902716 29.0901 40.4429 -22.9075
10.2365 90000079200000808 90000079200000807 90000079200000835 90000079200000806 2.44422570455 27.3204 46.1935 -28.1776
10.2848 90000079200000807 90000079200000806 90000079200000835 90000079200000805 2.31611074396 54.3002 100.09 -31.3793
10.3123 90000079200000806 90000079200000805 90000079200000835 90000079200000804 2.20792547238 61.8898 120.993 -35.0235
10.3173 90000079200000805 90000079200000804 90000079200000835 90000079200000803 2.1032696526 59.4148 105.219 -26.7384
10.376 90000079200000804 90000079200000803 90000079200000835 90000079200000802 2.00202813925 50.9833 96.7915 -20.1352
10.4875 90000079200000803 90000079200000799 90000079200000835 90000079200000798 1.66666955611 136.225 77.3061 39.2595
10.5561 90000079200000799 90000079200000797 90000079200000835 90000079200000796 1.53123902916 149.06 42.0958 38.3654
10.668 90000079200000797 90000079200000796 90000079200000835 90000079200000795 1.47197484527 188.318 28.4465 53.5177
10.6826 90000079200000796 90000079200000794 90000079200000835 90000079200000793 1.3575766674 222.344 56.6263 84.9748
10.7264 90000079200000794 90000079200000793 90000079200000835 90000079200000792 1.30237845991 238.343 40.1836 57.4479
10.7562 90000079200000793 90000079200000792 90000079200000835 90000079200000791 1.24847261425 259.895 9.33073 82.0488
10.7564 90000079200000792 90000079200000791 90000079200000835 90000079200000790 1.20625808078 270.701 58.0281 116.836
10.7596 90000079200000791 90000079200000790 90000079200000835 90000079200000789 1.15460271236 241.468 50.0743 64.797
10.7811 90000079200000790 90000079200000787 90000079200000835 90000079200000786 1.03551044566 256.932 16.4104 59.1344
10.8093 90000079200000787 90000079200000786 90000079200000835 90000079200000785 0.997294225782 229.586 12.2431 67.4325
10.8129 90000079200000786 90000079200000784 90000079200000835 90000079200000783 0.950531351585 234.819 13.371 50.7285
10.8224 90000079200000784 90000079200000783 90000079200000835 90000079200000782 0.923000816178 224.852 11.6023 69.1307
10.8374 90000079200000783 90000079200000782 90000079200000835 90000079200000781 0.886896937575 200.281 12.3989 63.3139
9.08845 90000079200000922 90000079200000921 90000079200000938 90000079200000920 3.70877426464 2.39468 -4.99513 8.67058
9.19223 90000079200000921 90000079200000920 90000079200000938 90000079200000919 3.49086136926 4.66695 -1.26059 9.64327
9.02855 90000079200001013 90000079200001012 90000079200001021 90000079200001011 6.14490120342 0.552645 3.86107 0.958055
9.1663 90000079200001012 90000079200001011 90000079200001021 90000079200001010 6.01075739884 2.4263 10.463 -0.834518
9.20668 90000079200001011 90000079200001009 90000079200001021 90000079200001008 5.52976580795 -1.85541 5.42588 -0.810772
9.2811 90000079200001009 90000079200001008 90000079200001021 90000079200001007 5.22758097313 -5.95555 6.5566 -1.80979
9.29622 90000079200001008 90000079200001007 90000079200001021 90000079200001006 4.99593346816 -5.31822 5.80835 -2.67112
9.29787 90000079200001007 90000079200001006 90000079200001021 90000079200001005 4.93938066349 -1.87515 6.90723 -2.4021
9.36481 90000079200001006 90000079200001005 90000079200001021 90000079200001004 4.66451770247 -0.670817 10.8012 -2.89782
9.43497 90000079200001005 90000079200001003 90000079200001021 90000079200001002 4.17683491473 -2.98135 8.22087 -3.92342
9.46844 90000079200001003 90000079200001002 90000079200001021 90000079200001001 4.00794511147 -1.96486 8.41005 -3.2131
9.4964 90000079200001002 90000079200001001 90000079200001021 90000079200001000 3.93726108473 -1.63113 0.607362 -2.51202
9.64193 90000079200001001 90000079200001000 90000079200001021 90000079200000999 3.70877426464 -11.5535 -25.1315 10.341
9.77389 90000079200001000 90000079200000999 90000079200001021 90000079200000998 3.49086136926 -8.73906 -18.3805 22.6604
9.82614 90000079200000999 90000079200000997 90000079200001021 90000079200000996 3.08482263583 -17.7657 -31.4867 20.728
10.4423 90000079200000997 90000079200000987 90000079200001021 90000079200000986 1.90408954353 63.7387 107.571 -21.1886
10.4718 90000079200000987 90000079200000986 90000079200001021 90000079200000985 1.82268925262 45.932 57.4843 -21.3702
10.5015 90000079200000986 90000079200000985 90000079200001021 90000079200000984 1.74357057433 109.249 74.0033 16.178
9.00012 90000079200001050 90000079200001049 90000079200001056 90000079200001048 5.52976580795 -3.48282 2.32152 2.38083
9.03463 90000079200001049 90000079200001048 90000079200001056 90000079200001047 5.22758097313 0.374064 -4.24828 3.46305
9.11431 90000079200001048 90000079200001045 90000079200001056 90000079200001044 4.66451770247 4.43466 -3.23976 4.23997
9.13634 90000079200001045 90000079200001044 90000079200001056 90000079200001043 4.42803373661 -0.672053 -4.05191 3.17374
9.14811 90000079200001044 90000079200001043 90000079200001056 90000079200001042 4.17683491473 -0.642285 -1.96325 3.98226
9.07492 90000079200001068 90000079200001067 90000079200001078 90000079200001066 3.00813107163 10.5691 1.6037 4.83926
9.02239 90000079200001277 90000079200001276 90000079200001285 90000079200001275 7.00541704554 5.12556 0.316097 -1.90969
9.08578 90000079200001276 90000079200001274 90000079200001285 90000079200001273 6.49159774567 8.23825 3.33105 1.74497
9.10157 90000079200001274 90000079200001273 90000079200001285 90000079200001272 6.14490120342 9.58967 1.60446 2.76586
9.10415 90000079200001273 90000079200001272 90000079200001285 90000079200001271 6.01075739884 8.52685 1.66328 1.90533
9.14578 90000079200001272 90000079200001271 90000079200001285 90000079200001270 5.84661374788 9.37555 2.47885 2.79175
9.24548 90000079200001271 90000079200001270 90000079200001285 90000079200001269 5.52976580795 2.34285 1.5134 3.79398
9.32031 90000079200001270 90000079200001269 90000079200001285 90000079200001268 5.22758097313 11.2745 2.26317 1.27283
9.36763 90000079200001269 90000079200001268 90000079200001285 90000079200001267 4.99593346816 10.6819 2.55827 1.7247
9.44681 90000079200001268 90000079200001266 90000079200001285 90000079200001265 4.66451770247 4.26487 0.31631 0.926645
9.47396 90000079200001266 90000079200001265 90000079200001285 90000079200001264 4.42803373661 5.86708 0.760999 3.25939
9.51175 90000079200001265 90000079200001264 90000079200001285 90000079200001263 4.17683491473 1.18227 -1.55288 1.00094
9.53902 90000079200001264 90000079200001263 90000079200001285 90000079200001262 4.00794511147 -1.69804 -1.3692 -2.08772
9.64932 90000079200001263 90000079200001260 90000079200001285 90000079200001259 3.49086136926 -2.19769 -7.93139 -4.18906
9.67422 90000079200001260 90000079200001259 90000079200001285 90000079200001258 3.28303305796 -12.0047 -11.3412 -8.58292
9.7263 90000079200001259 90000079200001258 90000079200001285 90000079200001257 3.08482263583 20.4489 -5.0003 -19.4766
9.83002 90000079200001258 90000079200001256 90000079200001285 90000079200001255 2.89578500573 76.6246 -8.21532 -28.156
9.89455 90000079200001256 90000079200001254 90000079200001285 90000079200001253 2.5772902716 34.4215 -20.0937 -1.29958
9.93507 90000079200001254 90000079200001253 90000079200001285 90000079200001252 2.44422570455 33.9726 -23.34 -1.05953
9.95725 90000079200001253 90000079200001252 90000079200001285 90000079200001251 2.31611074396 27.1325 -25.0546 -8.13941
10.0587 90000079200001252 90000079200001251 90000079200001285 90000079200001250 2.20792547238 35.7863 -19.7293 3.84839
10.0972 90000079200001251 90000079200001250 90000079200001285 90000079200001249 2.1032696526 27.1106 -7.9227 -13.7967
10.1313 90000079200001250 90000079200001249 90000079200001285 90000079200001248 2.00202813925 28.3895 -8.67806 -20.205
10.1378 90000079200001249 90000079200001247 90000079200001285 90000079200001246 1.82268925262 29.589 -4.13344 -6.01438
9.03463 90000079200001441 90000079200001440 90000079200001446 90000079200001439 7.23627606617 -5.50541 3.87808 4.31927
9.03763 90000079200001440 90000079200001438 90000079200001446 90000079200001437 6.85511726265 -2.07463 4.88447 2.79874
9.2026 90000079200001438 90000079200001437 90000079200001446 90000079200001436 6.49159774567 -5.80834 -2.23668 4.61856
9.24733 90000079200001437 90000079200001436 90000079200001446 90000079200001435 6.14490120342 -3.93286 0.553968 4.71805
9.26365 90000079200001436 90000079200001425 90000079200001446 90000079200001424 3.93726108473 7.20423 9.92771 1.46597
9.2828 90000079200001425 90000079200001423 90000079200001446 90000079200001422 3.49086136926 8.04774 10.8535 -1.45671
9.34313 90000079200001423 90000079200001422 90000079200001446 90000079200001421 3.28303305796 5.94802 13.4985 -2.16764
9.40518 90000079200001422 90000079200001421 90000079200001446 90000079200001420 3.08482263583 5.38658 9.29529 3.18715
9.40518 90000079200001421 90000079200001420 90000079200001446 90000079200001419 3.00813107163 4.10084 6.22604 2.75785
9.42033 90000079200001420 90000079200001419 90000079200001446 90000079200001418 2.89578500573 4.73144 6.89068 2.54337
9.44329 90000079200001419 90000079200001418 90000079200001446 90000079200001417 2.73314261732 5.09059 7.20863 2.69983
9.4651 90000079200001418 90000079200001417 90000079200001446 90000079200001416 2.5772902716 5.02712 11.1732 0.456977
9.53523 90000079200001417 90000079200001416 90000079200001446 90000079200001415 2.44422570455 7.90216 -2.69716 4.17183
9.5566 90000079200001416 90000079200001414 90000079200001446 90000079200001413 2.20792547238 6.49961 0.226272 0.531333
9.56646 90000079200001414 90000079200001413 90000079200001446 90000079200001412 2.1032696526 7.67322 7.34965 3.43733
9.56823 90000079200001413 90000079200001412 90000079200001446 90000079200001411 2.00202813925 7.44016 7.4219 4.99095
9.6229 90000079200001412 90000079200001403 90000079200001446 90000079200001402 1.3575766674 -12.4193 3.31301 -20.4567
9.64712 90000079200001403 90000079200001400 90000079200001446 90000079200001399 1.20625808078 -17.8372 6.45685 -23.1479
