logMh | fpID | subhaloID | main leaf ID | descID |  z
9.06096 70000079400000094 70000079400000093 70000079400000098 70000079400000092 7.23627606617 5.68209 -6.23398 1.84948
9.08038 70000079400000093 70000079400000092 70000079400000098 70000079400000091 7.00541704554 7.00899 -5.98111 2.78209
9.15273 70000079400000092 70000079400000091 70000079400000098 70000079400000090 6.85511726265 10.2805 -5.19995 4.17934
9.2087 70000079400000091 70000079400000090 70000079400000098 70000079400000089 6.49159774567 5.43576 -5.62908 3.5894
9.34461 70000079400000090 70000079400000089 70000079400000098 70000079400000088 6.14490120342 0.231521 -0.622536 3.09573
9.35194 70000079400000089 70000079400000088 70000079400000098 70000079400000087 6.01075739884 0.868082 -1.04743 3.83273
9.46172 70000079400000088 70000079400000087 70000079400000098 70000079400000086 5.84661374788 -0.557731 -0.882655 11.1974
9.50567 70000079400000087 70000079400000086 70000079400000098 70000079400000085 5.52976580795 -0.032776 -4.06926 7.90614
9.57869 70000079400000086 70000079400000085 70000079400000098 70000079400000084 5.22758097313 3.14568 -5.84464 5.47984
9.59725 70000079400000085 70000079400000084 70000079400000098 70000079400000083 4.99593346816 3.45557 -8.71365 2.93082
9.61899 70000079400000084 70000079400000083 70000079400000098 70000079400000082 4.93938066349 4.28643 -6.87041 4.34293
10.1947 70000079400000083 70000079400000080 70000079400000098 70000079400000079 4.17683491473 9.44986 77.0873 -58.793
10.2656 70000079400000080 70000079400000079 70000079400000098 70000079400000078 4.00794511147 6.69999 72.0467 -67.1704
10.4526 70000079400000079 70000079400000077 70000079400000098 70000079400000076 3.70877426464 -26.9284 111.786 -35.9501
10.5089 70000079400000077 70000079400000076 70000079400000098 70000079400000075 3.49086136926 -11.5873 97.5935 -48.4445
10.5157 70000079400000076 70000079400000075 70000079400000098 70000079400000074 3.28303305796 -13.3009 82.4451 -47.7242
10.5838 70000079400000075 70000079400000074 70000079400000098 70000079400000073 3.08482263583 8.23796 108.992 -7.97501
10.5889 70000079400000074 70000079400000073 70000079400000098 70000079400000072 3.00813107163 23.5916 128.448 -0.0923403
11.1489 70000079400000073 70000079400000067 70000079400000098 70000079400000066 2.20792547238 -36.3893 -232.407 183.004
11.2686 70000079400000067 70000079400000065 70000079400000098 70000079400000064 1.90408954353 4.16961 -1.48613 217.938
11.2995 70000079400000065 70000079400000064 70000079400000098 70000079400000063 1.82268925262 -74.3086 17.8339 180.551
11.3324 70000079400000064 70000079400000063 70000079400000098 70000079400000062 1.74357057433 -92.8167 63.8972 185.176
11.3553 70000079400000063 70000079400000062 70000079400000098 70000079400000061 1.66666955611 -64.2476 106.762 143.842
11.3589 70000079400000062 70000079400000060 70000079400000098 70000079400000059 1.53123902916 -114.587 2.06466 137.658
11.3761 70000079400000060 70000079400000059 70000079400000098 70000079400000058 1.47197484527 -71.9387 2.74217 105.069
11.3838 70000079400000059 70000079400000058 70000079400000098 70000079400000057 1.41409822037 -42.6892 4.22443 111.312
11.3914 70000079400000058 70000079400000054 70000079400000098 70000079400000053 1.20625808078 -77.336 -80.4583 107.841
11.394 70000079400000054 70000079400000052 70000079400000098 70000079400000051 1.11415056377 -111.371 -85.4317 84.7466
11.429 70000079400000052 70000079400000050 70000079400000098 70000079400000049 1.03551044566 -170.569 12.9491 46.2977
11.4472 70000079400000050 70000079400000049 70000079400000098 70000079400000048 0.997294225782 -219.431 39.5722 67.261
11.4529 70000079400000049 70000079400000048 70000079400000098 70000079400000047 0.987852810816 -229.447 77.9931 54.6729
11.4674 70000079400000048 70000079400000047 70000079400000098 70000079400000046 0.950531351585 -242.354 91.6098 86.6203
11.486 70000079400000047 70000079400000045 70000079400000098 70000079400000044 0.886896937575 -259.707 269.58 24.469
11.5026 70000079400000045 70000079400000044 70000079400000098 70000079400000043 0.851470900625 -335.146 358.231 -68.5653
11.5113 70000079400000044 70000079400000043 70000079400000098 70000079400000042 0.816709979012 -405.555 418.247 -115.307
11.5279 70000079400000043 70000079400000042 70000079400000098 70000079400000041 0.791068248946 -475.279 436.041 -160.941
11.5376 70000079400000042 70000079400000040 70000079400000098 70000079400000039 0.732636182022 -531.693 290.037 -87.838
11.5444 70000079400000040 70000079400000039 70000079400000098 70000079400000038 0.700106353719 -581.878 317.288 -85.6437
11.5534 70000079400000039 70000079400000038 70000079400000098 70000079400000037 0.676110411213 -611.319 363.231 -122.977
11.557 70000079400000038 70000079400000036 70000079400000098 70000079400000035 0.621428745243 -618.41 459.539 -103.493
11.5627 70000079400000036 70000079400000035 70000079400000098 70000079400000034 0.598543288188 -624.442 478.81 -193.747
11.5673 70000079400000035 70000079400000032 70000079400000098 70000079400000031 0.524565820434 -606.887 512.674 -330.47
11.5674 70000079400000032 70000079400000027 70000079400000098 70000079400000026 0.419968941997 -480.155 463.073 -522.924
11.5761 70000079400000027 70000079400000026 70000079400000098 70000079400000025 0.399926964614 -473.057 460.607 -589.702
11.5996 70000079400000026 70000079400000025 70000079400000098 70000079400000024 0.38016786726 -460.511 538.609 -706.877
11.6157 70000079400000025 70000079400000024 70000079400000098 70000079400000023 0.360687657262 -456.696 599.655 -808.082
11.6178 70000079400000024 70000079400000023 70000079400000098 70000079400000022 0.347853841858 -436.946 548.658 -829.19
11.6424 70000079400000023 70000079400000022 70000079400000098 70000079400000021 0.328829724206 -397.797 655.826 -968.39
11.667 70000079400000022 70000079400000021 70000079400000098 70000079400000020 0.310074120128 -395.067 639.926 -1070.71
11.6812 70000079400000021 70000079400000020 70000079400000098 70000079400000019 0.291583239722 -448.463 659.742 -1006.16
11.6925 70000079400000020 70000079400000016 70000079400000098 70000079400000015 0.22598838626 -550.98 765.099 -1014.74
11.6956 70000079400000016 70000079400000015 70000079400000098 70000079400000014 0.214425035514 -566.603 759.786 -1006.66
11.7407 70000079400000015 70000079400000013 70000079400000098 70000079400000012 0.169252033244 -644.516 843.768 -916.954
11.7491 70000079400000013 70000079400000012 70000079400000098 70000079400000011 0.152748768902 -662.025 847.761 -923.641
11.757 70000079400000012 70000079400000011 70000079400000098 70000079400000010 0.14187620397 -667.543 866.91 -904.676
11.7614 70000079400000011 70000079400000009 70000079400000098 70000079400000008 0.109869940459 -716.503 883.206 -848.094
11.7724 70000079400000009 70000079400000008 70000079400000098 70000079400000007 0.0994018026302 -765.809 941.552 -783.529
11.779 70000079400000008 70000079400000007 70000079400000098 70000079400000006 0.0838844307975 -841.238 974.753 -696.988
11.7852 70000079400000007 70000079400000006 70000079400000098 70000079400000005 0.0736613846564 -876.018 1002.73 -679.145
11.7945 70000079400000006 70000079400000005 70000079400000098 70000079400000004 0.0585073227945 -898.067 1046.89 -632.329
11.7996 70000079400000005 70000079400000004 70000079400000098 70000079400000003 0.0485236299818 -940.273 1063.04 -597.52
11.7998 70000079400000004 70000079400000003 70000079400000098 70000079400000002 0.0337243718735 -907.623 1039.36 -641.564
11.8083 70000079400000003 70000079400000001 70000079400000098 70000079400000000 0.00952166696794 -955.209 993.908 -641.785
11.8132 70000079400000001 70000079400000000 70000079400000098 -1 2.22044604925e-16 -945.582 964.169 -654.298
10.1148 70000079400000101 70000079400000100 70000079400000114 70000079400000080 4.42803373661 4.35452 83.4413 -52.2404
9.21272 70000079400000138 70000079400000137 70000079400000149 70000079400000136 6.14490120342 -5.10295 -12.2156 -0.548831
9.29622 70000079400000137 70000079400000136 70000079400000149 70000079400000135 6.01075739884 -4.15898 -5.39636 2.9818
9.3156 70000079400000136 70000079400000135 70000079400000149 70000079400000134 5.84661374788 -4.01363 -5.65605 3.03728
9.41408 70000079400000135 70000079400000134 70000079400000149 70000079400000133 5.52976580795 -5.05363 -3.86002 5.56513
9.65224 70000079400000134 70000079400000133 70000079400000149 70000079400000132 5.22758097313 6.86823 26.7381 24.716
9.78636 70000079400000133 70000079400000132 70000079400000149 70000079400000131 4.99593346816 4.45888 33.889 19.5548
9.78902 70000079400000132 70000079400000131 70000079400000149 70000079400000130 4.93938066349 4.87287 29.8759 17.3146
9.89246 70000079400000131 70000079400000130 70000079400000149 70000079400000129 4.66451770247 9.14416 59.1623 15.1424
9.0098 70000079400000167 70000079400000166 70000079400000173 70000079400000165 7.59510714987 -5.79578 -0.848419 -0.756799
9.04945 70000079400000166 70000079400000165 70000079400000173 70000079400000164 7.23627606617 -5.81137 -1.21865 -2.15329
9.15042 70000079400000165 70000079400000164 70000079400000173 70000079400000163 7.00541704554 -3.4916 1.63952 0.951539
9.1663 70000079400000164 70000079400000163 70000079400000173 70000079400000162 6.85511726265 -6.65586 1.76815 2.05008
9.22457 70000079400000163 70000079400000162 70000079400000173 70000079400000161 6.49159774567 -7.15218 1.41635 3.12394
9.26187 70000079400000162 70000079400000161 70000079400000173 70000079400000160 6.14490120342 -6.61927 0.606535 0.130718
9.32651 70000079400000161 70000079400000160 70000079400000173 70000079400000159 6.01075739884 -7.95322 0.954698 2.19453
9.36622 70000079400000160 70000079400000159 70000079400000173 70000079400000158 5.84661374788 -4.88652 0.422357 6.25401
9.04358 70000079400000190 70000079400000189 70000079400000197 70000079400000188 5.22758097313 -3.77847 -17.7627 -9.17712
9.08845 70000079400000189 70000079400000188 70000079400000197 70000079400000187 4.99593346816 -6.11809 -17.225 -1.99178
9.09375 70000079400000216 70000079400000215 70000079400000225 70000079400000214 3.49086136926 -7.14321 1.30063 -5.90291
9.02239 70000079400000276 70000079400000275 70000079400000279 70000079400000274 8.01217294887 1.1277 -1.54272 0.131224
9.0316 70000079400000275 70000079400000274 70000079400000279 70000079400000273 7.59510714987 1.86166 -0.372946 -0.870792
9.17512 70000079400000274 70000079400000273 70000079400000279 70000079400000272 7.23627606617 2.74925 -0.844981 -1.60235
9.18376 70000079400000273 70000079400000272 70000079400000279 70000079400000271 7.00541704554 4.42825 -2.30579 0.502355
9.29124 70000079400000272 70000079400000271 70000079400000279 70000079400000270 6.85511726265 5.08336 -0.0862186 7.74174
9.34461 70000079400000271 70000079400000270 70000079400000279 70000079400000269 6.49159774567 8.87697 -14.4582 5.42272
9.41909 70000079400000270 70000079400000269 70000079400000279 70000079400000268 6.14490120342 9.40793 -10.532 7.28404
9.42527 70000079400000269 70000079400000268 70000079400000279 70000079400000267 6.01075739884 6.68423 -9.16497 8.75511
9.50158 70000079400000268 70000079400000267 70000079400000279 70000079400000266 5.84661374788 12.5971 -17.8869 10.5181
9.59642 70000079400000267 70000079400000266 70000079400000279 70000079400000265 5.52976580795 12.9771 -16.4639 15.5407
9.626 70000079400000266 70000079400000265 70000079400000279 70000079400000264 5.22758097313 12.8584 -15.2737 15.1261
9.6925 70000079400000265 70000079400000264 70000079400000279 70000079400000263 4.99593346816 13.0672 -15.9972 16.3654
9.69383 70000079400000264 70000079400000263 70000079400000279 70000079400000262 4.93938066349 17.288 -19.2315 16.27
9.72074 70000079400000263 70000079400000262 70000079400000279 70000079400000261 4.66451770247 10.2195 -18.0898 19.0947
9.76501 70000079400000262 70000079400000261 70000079400000279 70000079400000260 4.42803373661 7.67936 -27.9675 13.313
9.06096 70000079400000323 70000079400000322 70000079400000332 70000079400000321 7.59510714987 -13.6266 6.79126 8.85187
9.07492 70000079400000322 70000079400000320 70000079400000332 70000079400000319 7.00541704554 -3.23643 5.44799 4.16056
9.08309 70000079400000320 70000079400000319 70000079400000332 70000079400000318 6.85511726265 -0.548634 7.82203 7.28301
9.43497 70000079400000319 70000079400000317 70000079400000332 70000079400000316 6.14490120342 -10.0623 9.29323 3.84148
9.45376 70000079400000317 70000079400000316 70000079400000332 70000079400000315 6.01075739884 -10.7323 9.8935 6.60799
9.46172 70000079400000316 70000079400000315 70000079400000332 70000079400000314 5.84661374788 -10.5806 11.0034 5.78465
9.48265 70000079400000315 70000079400000314 70000079400000332 70000079400000313 5.52976580795 -8.40496 9.48402 3.60245
9.51873 70000079400000314 70000079400000313 70000079400000332 70000079400000312 5.22758097313 -10.3235 12.1898 4.87895
9.53332 70000079400000313 70000079400000312 70000079400000332 70000079400000311 4.99593346816 -7.87723 13.9029 6.93263
9.59143 70000079400000312 70000079400000310 70000079400000332 70000079400000309 4.66451770247 -5.31776 17.9956 9.15311
9.62134 70000079400000310 70000079400000309 70000079400000332 70000079400000308 4.42803373661 -6.62851 15.1251 5.81388
9.0666 70000079400000334 70000079400000333 70000079400000342 70000079400000317 6.49159774567 -2.66924 5.5388 -2.06266
9.05524 70000079400000357 70000079400000356 70000079400000368 70000079400000355 4.66451770247 -3.30928 16.269 -28.0279
9.02855 70000079400000411 70000079400000410 70000079400000414 70000079400000409 6.49159774567 1.89054 -15.783 8.46657
9.02855 70000079400000410 70000079400000409 70000079400000414 70000079400000408 6.14490120342 0.962148 -17.7121 8.95644
9.03763 70000079400000409 70000079400000407 70000079400000414 70000079400000406 5.84661374788 -0.854372 -16.8693 9.11021
9.07766 70000079400000407 70000079400000406 70000079400000414 70000079400000405 5.52976580795 -1.23819 -15.7993 11.4302
9.17512 70000079400000406 70000079400000405 70000079400000414 70000079400000404 5.22758097313 6.08125 -17.2862 5.37031
9.19433 70000079400000405 70000079400000404 70000079400000414 70000079400000403 4.99593346816 7.05554 -15.6135 1.32465
9.21272 70000079400000404 70000079400000403 70000079400000414 70000079400000402 4.93938066349 7.38594 -16.4847 0.922161
9.24362 70000079400000403 70000079400000402 70000079400000414 70000079400000401 4.66451770247 3.18753 -14.2037 2.71836
9.39478 70000079400000402 70000079400000401 70000079400000414 70000079400000400 4.42803373661 15.7252 -15.4649 4.55305
9.50363 70000079400000401 70000079400000400 70000079400000414 70000079400000399 4.17683491473 14.7681 -15.2382 -1.06092
9.50872 70000079400000400 70000079400000398 70000079400000414 70000079400000397 3.93726108473 9.19865 -12.5349 1.39321
9.57087 70000079400000398 70000079400000397 70000079400000414 70000079400000396 3.70877426464 14.3802 -12.8094 4.0212
9.76049 70000079400000397 70000079400000396 70000079400000414 70000079400000395 3.49086136926 34.4371 9.00542 -2.49744
10.1044 70000079400000396 70000079400000395 70000079400000414 70000079400000394 3.28303305796 -5.14565 69.6912 -56.7683
10.2965 70000079400000395 70000079400000394 70000079400000414 70000079400000393 3.08482263583 -32.3072 92.4471 -85.4582
10.4388 70000079400000394 70000079400000392 70000079400000414 70000079400000391 2.89578500573 -102.661 31.5889 -5.9629
10.5021 70000079400000392 70000079400000391 70000079400000414 70000079400000390 2.73314261732 -106.386 -36.2614 41.2041
10.753 70000079400000391 70000079400000390 70000079400000414 70000079400000389 2.5772902716 11.2881 -200.909 73.8605
10.8877 70000079400000390 70000079400000389 70000079400000414 70000079400000388 2.44422570455 -15.3594 -214.892 118.393
11.0526 70000079400000389 70000079400000388 70000079400000414 70000079400000387 2.31611074396 -53.5083 -286.025 141.272
11.2057 70000079400000388 70000079400000387 70000079400000414 70000079400000065 2.1032696526 -5.93905 -149.97 221.699
9.01298 70000079400000459 70000079400000458 70000079400000466 70000079400000457 4.17683491473 0.46293 -3.85564 -4.46434
9.04358 70000079400000458 70000079400000456 70000079400000466 70000079400000455 3.93726108473 -1.11963 -6.71826 -6.7765
9.00337 70000079400000506 70000079400000505 70000079400000514 70000079400000504 5.52976580795 -4.48767 -0.887513 3.99058
9.08578 70000079400000505 70000079400000504 70000079400000514 70000079400000503 5.22758097313 -6.74112 -4.08251 -6.12012
9.11681 70000079400000504 70000079400000503 70000079400000514 70000079400000502 4.99593346816 -8.53784 -4.11445 -6.54832
9.12424 70000079400000503 70000079400000502 70000079400000514 70000079400000501 4.93938066349 -8.71409 -3.23464 -4.85832
9.13871 70000079400000502 70000079400000501 70000079400000514 70000079400000500 4.66451770247 -7.4037 -4.39644 -5.16379
9.23988 70000079400000501 70000079400000498 70000079400000514 70000079400000497 4.00794511147 -8.41253 -1.75242 -2.75815
9.34756 70000079400000498 70000079400000497 70000079400000514 70000079400000496 3.93726108473 -8.46419 2.25257 13.1089
9.35048 70000079400000497 70000079400000494 70000079400000514 70000079400000493 3.28303305796 -6.08717 -3.34893 15.1518
9.12424 70000079400000545 70000079400000544 70000079400000554 70000079400000543 4.00794511147 0.868452 -12.0263 -4.10673
9.21671 70000079400000544 70000079400000543 70000079400000554 70000079400000542 3.93726108473 3.45691 -9.50134 1.85249
9.2845 70000079400000543 70000079400000542 70000079400000554 70000079400000541 3.70877426464 -8.34183 -28.1624 -4.65249
9.34016 70000079400000542 70000079400000541 70000079400000554 70000079400000540 3.49086136926 -10.1347 -23.0575 -0.844793
9.38547 70000079400000541 70000079400000539 70000079400000554 70000079400000538 3.08482263583 -4.92724 -21.9243 4.14682
9.38815 70000079400000539 70000079400000538 70000079400000554 70000079400000537 3.00813107163 -4.94478 -26.0133 2.97193
9.12912 70000079400000586 70000079400000585 70000079400000592 70000079400000584 5.52976580795 7.1768 -0.320559 -1.5598
9.25284 70000079400000585 70000079400000583 70000079400000592 70000079400000582 4.99593346816 4.49687 5.58132 -3.79477
9.25828 70000079400000583 70000079400000582 70000079400000592 70000079400000581 4.93938066349 1.80757 5.53433 -3.4829
9.3156 70000079400000582 70000079400000581 70000079400000592 70000079400000580 4.66451770247 -2.245 2.07513 -4.6693
9.3634 70000079400000581 70000079400000580 70000079400000592 70000079400000579 4.42803373661 1.8818 0.966295 -5.2239
9.38141 70000079400000580 70000079400000579 70000079400000592 70000079400000578 4.17683491473 -1.9485 2.02907 -2.72436
9.43257 70000079400000579 70000079400000578 70000079400000592 70000079400000577 4.00794511147 -10.3769 -7.16887 -3.56365
9.47286 70000079400000578 70000079400000576 70000079400000592 70000079400000575 3.70877426464 -9.9302 -32.5835 5.12092
9.0098 70000079400000640 70000079400000639 70000079400000645 70000079400000638 7.23627606617 -0.134021 3.54154 -0.573615
9.05235 70000079400000639 70000079400000638 70000079400000645 70000079400000637 7.00541704554 0.691368 3.75129 0.838881
9.06378 70000079400000638 70000079400000637 70000079400000645 70000079400000636 6.85511726265 1.44289 4.07549 1.05926
9.20668 70000079400000637 70000079400000635 70000079400000645 70000079400000634 6.14490120342 5.1349 1.84255 3.96812
9.2361 70000079400000635 70000079400000634 70000079400000645 70000079400000633 6.01075739884 4.43143 1.45272 4.09782
9.24362 70000079400000634 70000079400000633 70000079400000645 70000079400000632 5.84661374788 4.07996 1.26313 4.57865
9.29622 70000079400000633 70000079400000632 70000079400000645 70000079400000631 5.52976580795 4.85491 1.96294 4.35307
9.31717 70000079400000632 70000079400000631 70000079400000645 70000079400000630 5.22758097313 5.934 1.52412 5.77946
9.36763 70000079400000631 70000079400000630 70000079400000645 70000079400000629 4.99593346816 7.89319 -0.0687481 0.19018
9.39609 70000079400000630 70000079400000628 70000079400000645 70000079400000627 4.66451770247 10.3021 1.91092 -0.961585
9.50465 70000079400000628 70000079400000627 70000079400000645 70000079400000626 4.42803373661 9.75482 6.64473 -1.43801
9.58469 70000079400000627 70000079400000626 70000079400000645 70000079400000625 4.17683491473 18.2027 2.39127 1.99704
9.58723 70000079400000626 70000079400000625 70000079400000645 70000079400000624 4.00794511147 19.5847 -2.87228 0.56715
9.65442 70000079400000625 70000079400000622 70000079400000645 70000079400000621 3.49086136926 14.8581 -6.89119 -2.60897
9.00337 70000079400000683 70000079400000682 70000079400000689 70000079400000681 5.84661374788 -3.91666 -2.52876 -2.09553
9.07216 70000079400000682 70000079400000681 70000079400000689 70000079400000680 5.52976580795 -5.27459 -0.628637 1.4383
9.08578 70000079400000681 70000079400000680 70000079400000689 70000079400000679 5.22758097313 -3.76809 -1.90655 -0.115552
9.09111 70000079400000680 70000079400000679 70000079400000689 70000079400000678 4.99593346816 -3.79368 0.678236 3.58645
9.13154 70000079400000679 70000079400000678 70000079400000689 70000079400000677 4.93938066349 -6.83806 -3.56392 1.48262
9.13871 70000079400000678 70000079400000677 70000079400000689 70000079400000676 4.66451770247 -2.49944 -3.40895 1.84989
9.18802 70000079400000677 70000079400000675 70000079400000689 70000079400000674 4.17683491473 -2.22257 -6.17079 -1.02347
9.21072 70000079400000675 70000079400000674 70000079400000689 70000079400000673 4.00794511147 1.40113 -6.06269 -0.376275
9.21272 70000079400000674 70000079400000673 70000079400000689 70000079400000672 3.93726108473 5.82657 -7.45778 -4.13207
9.26365 70000079400000673 70000079400000672 70000079400000689 70000079400000671 3.70877426464 7.61763 -5.14457 -4.29031
9.02239 70000079400000721 70000079400000720 70000079400000728 70000079400000719 5.84661374788 -8.23397 -1.78844 3.76582
9.11681 70000079400000720 70000079400000719 70000079400000728 70000079400000718 5.52976580795 -7.06531 -1.09009 1.01715
9.2361 70000079400000719 70000079400000718 70000079400000728 70000079400000717 5.22758097313 -5.45308 2.64047 1.46705
9.2672 70000079400000718 70000079400000717 70000079400000728 70000079400000716 4.99593346816 -5.76901 -0.00686845 1.04012
9.27246 70000079400000717 70000079400000716 70000079400000728 70000079400000715 4.93938066349 -5.35885 0.937878 0.971883
9.31243 70000079400000716 70000079400000715 70000079400000728 70000079400000714 4.66451770247 -6.2349 5.16379 0.827616
9.48799 70000079400000715 70000079400000714 70000079400000728 70000079400000713 4.42803373661 -4.55289 15.0538 -11.1836
9.5931 70000079400000714 70000079400000712 70000079400000728 70000079400000711 4.00794511147 3.65261 13.4144 -24.8304
9.61186 70000079400000712 70000079400000711 70000079400000728 70000079400000710 3.93726108473 5.17137 11.9457 -23.0543
9.03763 70000079400000741 70000079400000740 70000079400000750 70000079400000739 5.52976580795 -3.89585 -5.75866 0.0947979
9.50363 70000079400000740 70000079400000734 70000079400000750 70000079400000712 4.17683491473 -1.59928 16.0146 -17.3628
9.08309 70000079400000843 70000079400000842 70000079400000852 70000079400000841 5.52976580795 -2.60102 5.6467 1.09525
9.11431 70000079400000842 70000079400000841 70000079400000852 70000079400000840 5.22758097313 -4.07149 7.83826 1.58673
9.18376 70000079400000841 70000079400000840 70000079400000852 70000079400000839 4.99593346816 -7.9589 8.3822 5.88045
9.19641 70000079400000840 70000079400000839 70000079400000852 70000079400000838 4.93938066349 -6.43976 9.81462 7.14215
9.22066 70000079400000839 70000079400000838 70000079400000852 70000079400000837 4.66451770247 -9.66656 10.7837 7.92322
9.27766 70000079400000838 70000079400000837 70000079400000852 70000079400000836 4.42803373661 -9.69656 8.56359 5.53477
9.34016 70000079400000837 70000079400000836 70000079400000852 70000079400000835 4.17683491473 -10.8211 11.9416 3.61185
9.43377 70000079400000836 70000079400000835 70000079400000852 70000079400000834 4.00794511147 -3.97932 9.76788 -14.6444
9.45145 70000079400000835 70000079400000831 70000079400000852 70000079400000830 3.28303305796 2.76196 7.12394 -9.88246
9.50158 70000079400000831 70000079400000830 70000079400000852 70000079400000829 3.08482263583 -4.92141 11.0422 -7.74544
9.51375 70000079400000830 70000079400000829 70000079400000852 70000079400000828 3.00813107163 3.73963 12.3916 -16.3986
11.2211 70000079400000896 70000079400000895 70000079400000897 70000079400000894 2.00202813925 30.5366 -86.8079 239.037
9.00337 70000079400000912 70000079400000911 70000079400000928 70000079400000910 3.28303305796 -3.24301 -1.05111 -1.40064
9.0098 70000079400000911 70000079400000904 70000079400000928 70000079400000903 2.31611074396 -11.0974 -4.99552 1.19217
9.01928 70000079400001021 70000079400001020 70000079400001037 70000079400001019 4.00794511147 2.06783 2.92041 -3.32614
9.03763 70000079400001020 70000079400001018 70000079400001037 70000079400001017 3.70877426464 3.67037 3.12741 1.40927
9.05524 70000079400001018 70000079400001017 70000079400001037 70000079400001016 3.49086136926 1.8225 1.92335 0.685669
9.05811 70000079400001017 70000079400001016 70000079400001037 70000079400001015 3.28303305796 -2.55323 0.881683 -0.129027
9.10926 70000079400001016 70000079400001015 70000079400001037 70000079400001014 3.08482263583 -4.18007 -3.55595 -0.094143
9.11179 70000079400001015 70000079400001013 70000079400001037 70000079400001012 2.89578500573 -1.55173 -1.76987 -1.32492
9.1193 70000079400001013 70000079400001012 70000079400001037 70000079400001011 2.73314261732 -0.824642 0.684992 -0.908537
9.12668 70000079400001012 70000079400001011 70000079400001037 70000079400001010 2.5772902716 -1.22431 1.00717 -5.18504
9.03463 70000079400001056 70000079400001055 70000079400001073 70000079400001054 3.70877426464 -4.70463 18.9199 -1.15964
9.06096 70000079400001055 70000079400001054 70000079400001073 70000079400001053 3.49086136926 -6.18467 16.7806 -1.72499
9.11431 70000079400001054 70000079400001053 70000079400001073 70000079400001052 3.28303305796 -9.66173 17.131 -0.769565
9.12668 70000079400001053 70000079400001050 70000079400001073 70000079400001049 2.89578500573 -8.06579 17.4438 -3.35842
9.10415 70000079400001258 70000079400001257 70000079400001265 70000079400001256 3.93726108473 9.35254 1.39972 -9.42523
9.15042 70000079400001257 70000079400001256 70000079400001265 70000079400001255 3.70877426464 7.15798 1.1118 -11.3968
9.21072 70000079400001256 70000079400001255 70000079400001265 70000079400001254 3.49086136926 4.87999 -2.64632 -24.3683
9.05811 70000079400001311 70000079400001310 70000079400001321 70000079400001309 4.93938066349 -9.45556 12.8315 3.20449
9.11431 70000079400001310 70000079400001309 70000079400001321 70000079400001308 4.66451770247 -8.78465 13.1177 2.75763
9.14344 70000079400001309 70000079400001308 70000079400001321 70000079400001307 4.42803373661 -7.8554 10.8418 -0.176126
9.17512 70000079400001308 70000079400001307 70000079400001321 70000079400001306 4.17683491473 -6.61798 11.8543 -0.159737
9.21869 70000079400001307 70000079400001306 70000079400001321 70000079400001305 4.00794511147 -8.97807 14.5964 -1.0296
9.27938 70000079400001306 70000079400001304 70000079400001321 70000079400001303 3.70877426464 -10.8778 10.6678 6.36076
9.30278 70000079400001304 70000079400001303 70000079400001321 70000079400001302 3.49086136926 -13.346 2.59468 6.80589
9.34902 70000079400001303 70000079400001302 70000079400001321 70000079400001301 3.28303305796 -12.2468 1.11701 5.88153
9.39609 70000079400001302 70000079400001301 70000079400001321 70000079400001300 3.08482263583 -16.8507 -1.68362 2.92413
9.40518 70000079400001301 70000079400001300 70000079400001321 70000079400001299 3.00813107163 -18.6426 0.186024 -0.41099
9.45261 70000079400001300 70000079400001299 70000079400001321 70000079400001298 2.89578500573 -17.0971 -2.99953 1.21171
9.49116 70000079400001299 70000079400001294 70000079400001321 70000079400001293 2.20792547238 -10.5405 13.9128 13.6282
9.49221 70000079400001294 70000079400001293 70000079400001321 70000079400001292 2.1032696526 -12.6864 9.18631 10.0741
9.01614 70000079400001417 70000079400001416 70000079400001423 70000079400001415 7.59510714987 -5.38652 -2.41256 4.1948
9.07216 70000079400001416 70000079400001415 70000079400001423 70000079400001414 7.23627606617 -2.29783 -3.33084 5.1991
9.17729 70000079400001415 70000079400001414 70000079400001423 70000079400001413 7.00541704554 -5.58383 -3.07371 6.84458
9.18376 70000079400001414 70000079400001413 70000079400001423 70000079400001412 6.85511726265 -6.11181 -3.06174 5.4772
9.23229 70000079400001413 70000079400001412 70000079400001423 70000079400001411 6.49159774567 -2.61121 -1.41904 7.31705
9.28956 70000079400001412 70000079400001411 70000079400001423 70000079400001410 6.14490120342 -6.81813 -0.678894 5.02056
9.3044 70000079400001411 70000079400001410 70000079400001423 70000079400001409 6.01075739884 -3.70136 1.54781 6.49083
9.34756 70000079400001410 70000079400001409 70000079400001423 70000079400001408 5.84661374788 -0.884133 3.6338 5.72156
9.40131 70000079400001409 70000079400001408 70000079400001423 70000079400001407 5.52976580795 1.36328 2.24624 6.43803
9.43257 70000079400001408 70000079400001407 70000079400001423 70000079400001406 5.22758097313 1.53526 -1.87274 7.54665
9.46285 70000079400001407 70000079400001406 70000079400001423 70000079400001405 4.99593346816 2.87568 -4.54169 9.47116
9.51375 70000079400001406 70000079400001404 70000079400001423 70000079400001403 4.66451770247 -5.57996 -19.927 11.9499
9.56379 70000079400001404 70000079400001403 70000079400001423 70000079400001402 4.42803373661 -13.3539 -33.0091 6.50714
9.65586 70000079400001403 70000079400001402 70000079400001423 70000079400001401 4.17683491473 -31.6199 -41.5286 5.43697
9.69778 70000079400001402 70000079400001401 70000079400001423 70000079400001400 4.00794511147 -1.86729 -31.417 7.93481
9.74432 70000079400001401 70000079400001400 70000079400001423 70000079400001399 3.93726108473 -14.4242 -34.2653 5.61635
9.76275 70000079400001400 70000079400001399 70000079400001423 70000079400001398 3.70877426464 -13.5164 -34.7464 2.72592
9.76501 70000079400001399 70000079400001398 70000079400001423 70000079400001397 3.49086136926 -13.1972 -47.2025 4.90163
9.82614 70000079400001398 70000079400001397 70000079400001423 70000079400001396 3.28303305796 -18.856 -41.923 -3.84948
9.83958 70000079400001397 70000079400001396 70000079400001423 70000079400001395 3.08482263583 -14.0834 -53.7601 -15.829
9.8666 70000079400001396 70000079400001395 70000079400001423 70000079400001394 3.00813107163 -12.3287 -52.289 -21.7949
9.03463 70000079400001440 70000079400001439 70000079400001445 70000079400001438 6.14490120342 2.2762 -3.16951 -1.06536
9.06096 70000079400001439 70000079400001438 70000079400001445 70000079400001437 6.01075739884 1.7686 -2.55779 1.9278
9.10157 70000079400001438 70000079400001437 70000079400001445 70000079400001436 5.84661374788 1.27164 -6.40974 1.10669
9.10415 70000079400001437 70000079400001436 70000079400001445 70000079400001435 5.52976580795 5.03496 -2.56373 -2.30641
9.18589 70000079400001436 70000079400001435 70000079400001445 70000079400001434 5.22758097313 4.51816 2.14184 5.69057
9.19433 70000079400001435 70000079400001434 70000079400001445 70000079400001433 4.99593346816 3.26932 0.173371 0.106347
9.20464 70000079400001434 70000079400001433 70000079400001445 70000079400001432 4.93938066349 3.03583 1.46693 2.92015
9.00012 70000079400001552 70000079400001551 70000079400001558 70000079400001550 6.14490120342 6.29398 1.41153 -4.90068
9.01928 70000079400001551 70000079400001550 70000079400001558 70000079400001549 6.01075739884 6.28017 1.38613 -5.65156
9.02548 70000079400001550 70000079400001548 70000079400001558 70000079400001547 5.52976580795 9.66431 -3.39072 -3.79139
9.1573 70000079400001548 70000079400001547 70000079400001558 70000079400001546 5.22758097313 3.24212 -5.81974 -1.50185
9.19223 70000079400001547 70000079400001546 70000079400001558 70000079400001545 4.99593346816 6.28474 -8.91211 5.31443
9.24733 70000079400001546 70000079400001545 70000079400001558 70000079400001544 4.93938066349 -2.05006 -6.78832 4.39196
9.51774 70000079400001545 70000079400001543 70000079400001558 70000079400001542 4.42803373661 -9.30813 -1.48779 2.58764
9.64342 70000079400001543 70000079400001542 70000079400001558 70000079400001541 4.17683491473 -24.0825 -8.8963 -16.2361
9.6925 70000079400001542 70000079400001541 70000079400001558 70000079400001540 4.00794511147 -23.8022 -15.7124 -28.0062
9.7195 70000079400001541 70000079400001540 70000079400001558 70000079400001539 3.93726108473 -29.8453 -15.4482 -30.3602
9.76892 70000079400001540 70000079400001539 70000079400001558 70000079400001538 3.70877426464 -30.2629 -20.2179 -34.9874
9.81127 70000079400001539 70000079400001538 70000079400001558 70000079400001537 3.49086136926 -29.9148 -25.2792 -25.3077
10.0095 70000079400001538 70000079400001537 70000079400001558 70000079400001536 3.28303305796 -25.7797 -59.7904 -17.2355
10.0465 70000079400001537 70000079400001536 70000079400001558 70000079400001535 3.08482263583 -18.2525 -61.1636 -28.0998
10.0471 70000079400001536 70000079400001535 70000079400001558 70000079400001534 3.00813107163 -15.3882 -62.7693 -32.7837
10.0779 70000079400001535 70000079400001534 70000079400001558 70000079400001533 2.89578500573 -35.879 -49.2066 -11.7145
10.2924 70000079400001534 70000079400001526 70000079400001558 70000079400001525 1.90408954353 111.506 29.3267 -144.366
9.3974 70000079400001560 70000079400001559 70000079400001574 70000079400001543 4.66451770247 -12.8641 -4.17926 3.93503
9.08309 70000079400001589 70000079400001588 70000079400001593 70000079400001587 4.93938066349 -5.57016 -13.6988 -4.89474
9.11681 70000079400001588 70000079400001587 70000079400001593 70000079400001586 4.66451770247 -5.74103 -11.3648 -3.2697
9.12424 70000079400001587 70000079400001585 70000079400001593 70000079400001584 4.17683491473 -6.4171 -11.5944 1.35952
9.45946 70000079400001585 70000079400001583 70000079400001593 70000079400001582 3.70877426464 26.2783 -40.37 -20.3856
9.04358 70000079400001602 70000079400001601 70000079400001602 70000079400001583 3.93726108473 -5.48124 -9.11784 0.964573
9.04358 70000079400001641 70000079400001640 70000079400001654 70000079400001639 4.42803373661 -8.53475 0.507123 -11.7918
9.06378 70000079400001640 70000079400001639 70000079400001654 70000079400001638 4.17683491473 -5.62185 0.113167 -10.437
9.06378 70000079400001639 70000079400001638 70000079400001654 70000079400001637 4.00794511147 -4.97086 -2.17051 -9.50205
9.23229 70000079400001706 70000079400001705 70000079400001713 70000079400001704 6.49159774567 -3.03976 -15.7098 -4.28723
9.2342 70000079400001705 70000079400001704 70000079400001713 70000079400001703 6.14490120342 -2.27207 -16.8002 -2.76455
9.31717 70000079400001704 70000079400001703 70000079400001713 70000079400001702 6.01075739884 -1.9979 -13.8446 -5.77217
9.43377 70000079400001703 70000079400001701 70000079400001713 70000079400001700 5.52976580795 -2.37723 -12.7876 -2.60275
9.5026 70000079400001701 70000079400001700 70000079400001713 70000079400001699 5.22758097313 -2.59583 -11.5059 -11.2325
9.58383 70000079400001700 70000079400001699 70000079400001713 70000079400001698 4.99593346816 -3.45361 -7.44402 -19.2879
9.60705 70000079400001699 70000079400001697 70000079400001713 70000079400001696 4.66451770247 -13.6442 -9.34984 -8.51842
9.7354 70000079400001697 70000079400001696 70000079400001713 70000079400001695 4.42803373661 -10.2784 -16.8935 1.78629
9.7678 70000079400001696 70000079400001694 70000079400001713 70000079400001693 4.00794511147 1.20174 -20.0119 -16.3194
9.77279 70000079400001694 70000079400001692 70000079400001713 70000079400001691 3.70877426464 -9.48439 -7.89623 -29.3516
9.79951 70000079400001692 70000079400001691 70000079400001713 70000079400001690 3.49086136926 -7.13237 -11.6499 -41.7749
9.92237 70000079400001691 70000079400001688 70000079400001713 70000079400001687 3.00813107163 -7.32389 -3.61555 -42.6749
9.04358 70000079400001824 70000079400001823 70000079400001828 70000079400001822 7.59510714987 -8.4887 -1.96904 -1.46368
9.18589 70000079400001823 70000079400001822 70000079400001828 70000079400001821 7.23627606617 -4.65417 -0.177382 -0.407301
9.2862 70000079400001822 70000079400001821 70000079400001828 70000079400001820 7.00541704554 -4.03227 4.9502 2.61685
9.33716 70000079400001821 70000079400001819 70000079400001828 70000079400001818 6.49159774567 -1.81671 5.07185 2.62627
9.4503 70000079400001819 70000079400001818 70000079400001828 70000079400001817 6.14490120342 5.38225 4.73218 4.09324
9.46621 70000079400001818 70000079400001817 70000079400001828 70000079400001816 6.01075739884 4.58596 4.39574 3.19489
9.47505 70000079400001817 70000079400001816 70000079400001828 70000079400001815 5.84661374788 4.44626 2.1631 5.61471
9.57697 70000079400001816 70000079400001815 70000079400001828 70000079400001814 5.52976580795 12.755 4.63297 14.7465
9.63593 70000079400001815 70000079400001814 70000079400001828 70000079400001813 5.22758097313 13.6879 1.83748 13.4026
9.69778 70000079400001814 70000079400001813 70000079400001828 70000079400001812 4.99593346816 13.4219 8.48095 5.09052
9.71887 70000079400001813 70000079400001812 70000079400001828 70000079400001811 4.93938066349 19.5247 13.0358 -5.69959
9.75536 70000079400001812 70000079400001811 70000079400001828 70000079400001810 4.66451770247 23.0562 14.3623 5.48997
9.77003 70000079400001811 70000079400001810 70000079400001828 70000079400001809 4.42803373661 21.7596 11.9961 4.15133
9.82614 70000079400001810 70000079400001809 70000079400001828 70000079400001808 4.17683491473 10.9587 11.5901 5.21803
9.84099 70000079400001809 70000079400001808 70000079400001828 70000079400001807 4.00794511147 8.25798 11.6333 4.00457
9.85353 70000079400001808 70000079400001807 70000079400001828 70000079400001806 3.93726108473 8.7722 14.1307 2.90904
9.91726 70000079400001807 70000079400001805 70000079400001828 70000079400001804 3.49086136926 7.24722 18.8383 -5.2329
9.91805 70000079400001805 70000079400001804 70000079400001828 70000079400001803 3.28303305796 14.9821 24.1838 -8.19673
9.92393 70000079400001804 70000079400001803 70000079400001828 70000079400001802 3.08482263583 15.7309 21.9 -6.91802
9.92509 70000079400001803 70000079400001802 70000079400001828 70000079400001801 3.00813107163 20.5239 17.8261 -4.03783
10.0289 70000079400001802 70000079400001801 70000079400001828 70000079400001800 2.89578500573 -19.8773 40.848 9.38475
10.0669 70000079400001801 70000079400001800 70000079400001828 70000079400001799 2.73314261732 -32.007 77.01 22.4869
9.0666 70000079400001970 70000079400001969 70000079400001979 70000079400001968 6.14490120342 0.428126 -3.48923 0.317753
9.08845 70000079400001969 70000079400001968 70000079400001979 70000079400001967 6.01075739884 -0.136667 -4.75738 0.183142
9.08845 70000079400001968 70000079400001967 70000079400001979 70000079400001966 5.84661374788 1.46566 -2.81552 -0.653676
9.15502 70000079400001967 70000079400001966 70000079400001979 70000079400001965 5.52976580795 4.2231 -7.95492 2.3245
9.21869 70000079400001966 70000079400001965 70000079400001979 70000079400001964 5.22758097313 2.24495 -4.78566 2.20666
9.26008 70000079400001965 70000079400001964 70000079400001979 70000079400001963 4.99593346816 -0.48883 -6.03559 3.58845
9.2742 70000079400001964 70000079400001963 70000079400001979 70000079400001962 4.93938066349 -0.321166 -8.19168 2.96607
9.31401 70000079400001963 70000079400001962 70000079400001979 70000079400001961 4.66451770247 -0.0593834 -8.09609 3.0835
9.36763 70000079400001962 70000079400001961 70000079400001979 70000079400001960 4.42803373661 -3.38933 -9.31509 -0.986148
9.42157 70000079400001961 70000079400001960 70000079400001979 70000079400001959 4.17683491473 -3.44639 -11.8738 1.59484
9.44914 70000079400001960 70000079400001959 70000079400001979 70000079400001958 4.00794511147 0.757323 -10.0877 4.45299
9.48265 70000079400001959 70000079400001958 70000079400001979 70000079400001957 3.93726108473 5.54715 -9.6447 4.45755
9.54091 70000079400001958 70000079400001957 70000079400001979 70000079400001956 3.70877426464 -2.49072 -9.85875 8.38615
9.59807 70000079400001957 70000079400001956 70000079400001979 70000079400001955 3.49086136926 -1.96091 -13.778 5.62555
9.61977 70000079400001956 70000079400001955 70000079400001979 70000079400001954 3.28303305796 0.72301 -11.5249 7.32965
9.63969 70000079400001955 70000079400001954 70000079400001979 70000079400001953 3.08482263583 0.299896 -12.915 11.3186
9.64932 70000079400001954 70000079400001953 70000079400001979 70000079400001952 3.00813107163 -1.18805 -13.2636 11.1712
9.84381 70000079400001953 70000079400001952 70000079400001979 70000079400001951 2.89578500573 -5.98461 -2.14292 10.4958
9.85353 70000079400001952 70000079400001949 70000079400001979 70000079400001948 2.44422570455 22.6639 5.35188 -2.34364
9.96546 70000079400001949 70000079400001948 70000079400001979 70000079400001947 2.31611074396 51.1968 32.6231 -19.5926
10.0301 70000079400001948 70000079400001947 70000079400001979 70000079400001946 2.20792547238 57.2935 30.3584 -28.2612
10.0716 70000079400001947 70000079400001946 70000079400001979 70000079400001945 2.1032696526 85.0971 29.1637 -40.5466
10.2771 70000079400001946 70000079400001945 70000079400001979 70000079400001944 2.00202813925 135.946 48.112 -103.082
9.0316 70000079400001996 70000079400001995 70000079400002004 70000079400001994 5.22758097313 7.93374 -3.92217 -1.59486
9.03763 70000079400001995 70000079400001990 70000079400002004 70000079400001989 4.17683491473 -0.389608 3.22619 7.84727
9.07492 70000079400001990 70000079400001989 70000079400002004 70000079400001988 4.00794511147 -2.95649 0.834013 9.27741
9.09637 70000079400001989 70000079400001986 70000079400002004 70000079400001985 3.49086136926 -4.09729 1.56699 7.44491
9.17073 70000079400001986 70000079400001985 70000079400002004 70000079400001984 3.28303305796 0.732112 7.71601 19.8995
9.19223 70000079400001985 70000079400001984 70000079400002004 70000079400001983 3.08482263583 0.750979 4.284 12.3584
9.2026 70000079400001984 70000079400001982 70000079400002004 70000079400001981 2.73314261732 9.22871 2.16683 17.6916
9.01928 70000079400002037 70000079400002036 70000079400002047 70000079400002035 3.93726108473 3.11932 6.72305 -0.485053
9.09898 70000079400002036 70000079400002034 70000079400002047 70000079400002033 3.49086136926 -3.42558 -2.34103 -19.5784
9.11179 70000079400002034 70000079400002033 70000079400002047 70000079400002032 3.28303305796 -3.38126 -3.30775 -19.8267
9.12178 70000079400002033 70000079400002032 70000079400002047 70000079400002031 3.08482263583 3.7677 -1.96669 -19.3548
9.13394 70000079400002032 70000079400002031 70000079400002047 70000079400002030 3.00813107163 -1.19373 0.451961 -20.0121
9.13634 70000079400002031 70000079400002030 70000079400002047 70000079400002029 2.89578500573 0.130621 -1.74283 -19.2155
9.14578 70000079400002030 70000079400002029 70000079400002047 70000079400002028 2.73314261732 9.27455 -0.671547 -14.54
9.15502 70000079400002029 70000079400002028 70000079400002047 70000079400002027 2.5772902716 5.92418 0.921315 -15.5145
9.00012 70000079400002290 70000079400002289 70000079400002308 70000079400002288 3.49086136926 4.10463 2.78094 1.63424
9.0098 70000079400002289 70000079400002287 70000079400002308 70000079400002286 3.08482263583 1.29141 1.7419 0.992251
9.11681 70000079400002287 70000079400002284 70000079400002308 70000079400002283 2.73314261732 1.06987 5.71473 -3.22801
9.14811 70000079400002284 70000079400002283 70000079400002308 70000079400002282 2.5772902716 1.90353 1.03558 1.10578
9.17946 70000079400002283 70000079400002281 70000079400002308 70000079400002280 2.31611074396 5.9937 0.388888 -1.39137
9.2361 70000079400002281 70000079400002280 70000079400002308 70000079400002279 2.20792547238 1.60934 3.53162 -5.03085
9.24548 70000079400002280 70000079400002279 70000079400002308 70000079400002278 2.1032696526 -2.32712 -5.94284 -1.2267
9.2929 70000079400002438 70000079400002437 70000079400002442 70000079400002436 6.14490120342 22.6005 6.10358 5.14848
9.4549 70000079400002437 70000079400002435 70000079400002442 70000079400002434 5.84661374788 25.2122 0.402771 -2.24087
9.45719 70000079400002435 70000079400002434 70000079400002442 70000079400002433 5.52976580795 13.891 3.86592 -0.943167
9.54091 70000079400002434 70000079400002433 70000079400002442 70000079400002432 5.22758097313 9.04899 5.7497 -3.48066
9.57869 70000079400002433 70000079400002432 70000079400002442 70000079400002431 4.99593346816 6.49636 4.59952 -2.24801
9.59972 70000079400002432 70000079400002431 70000079400002442 70000079400002430 4.93938066349 8.4016 7.08294 -3.38003
9.62134 70000079400002431 70000079400002430 70000079400002442 70000079400002429 4.66451770247 7.70421 5.30453 1.19801
9.67629 70000079400002430 70000079400002429 70000079400002442 70000079400002428 4.42803373661 19.1383 14.7117 -6.43332
9.70363 70000079400002429 70000079400002425 70000079400002442 70000079400002424 3.70877426464 25.851 9.77074 -5.38749
9.73057 70000079400002425 70000079400002423 70000079400002442 70000079400002422 3.28303305796 41.7258 14.8156 -9.72265
9.74725 70000079400002423 70000079400002422 70000079400002442 70000079400002421 3.08482263583 40.2842 7.61062 -6.96311
9.85124 70000079400002422 70000079400002421 70000079400002442 70000079400002420 3.00813107163 51.114 13.9633 -17.1625
9.91129 70000079400002421 70000079400002420 70000079400002442 70000079400002419 2.89578500573 69.8553 28.9599 -37.1181
9.93847 70000079400002420 70000079400002417 70000079400002442 70000079400002416 2.44422570455 56.0792 25.909 -21.5139
9.95617 70000079400002417 70000079400002416 70000079400002442 70000079400002415 2.31611074396 67.6735 25.1475 -26.5892
9.98246 70000079400002416 70000079400002415 70000079400002442 70000079400002414 2.20792547238 72.0658 33.9776 -29.5481
9.98887 70000079400002415 70000079400002414 70000079400002442 70000079400002413 2.1032696526 62.2132 31.6873 -28.1587
9.9975 70000079400002414 70000079400002413 70000079400002442 70000079400002412 2.00202813925 67.7996 35.1233 -32.6939
10.0063 70000079400002413 70000079400002412 70000079400002442 70000079400002411 1.90408954353 87.7346 44.8652 -50.9395
9.0316 70000079400002557 70000079400002556 70000079400002561 70000079400002555 6.14490120342 2.54332 -10.8231 4.41258
9.05524 70000079400002556 70000079400002555 70000079400002561 70000079400002554 6.01075739884 2.03313 -7.2906 6.90953
9.06096 70000079400002555 70000079400002554 70000079400002561 70000079400002553 5.84661374788 2.76899 -8.63718 7.61239
9.11681 70000079400002554 70000079400002552 70000079400002561 70000079400002551 5.22758097313 1.32212 -7.32854 7.79082
9.21472 70000079400002552 70000079400002544 70000079400002561 70000079400002543 3.70877426464 6.56264 -6.79685 19.3124
9.27766 70000079400002544 70000079400002543 70000079400002561 70000079400002542 3.49086136926 6.10953 -8.3555 16.135
9.31401 70000079400002543 70000079400002542 70000079400002561 70000079400002541 3.28303305796 7.25034 -8.71408 19.9598
9.32805 70000079400002542 70000079400002541 70000079400002561 70000079400002540 3.08482263583 4.87485 -8.71575 20.4756
9.34902 70000079400002541 70000079400002538 70000079400002561 70000079400002537 2.73314261732 1.24612 -17.7024 4.98087
11.73 70000079400002683 70000079400002682 70000079400002683 70000079400000013 0.180385261706 -586.314 797.775 -969.951
9.09111 70000079400002812 70000079400002811 70000079400002818 70000079400002810 9.99659046619 -3.68792 3.20019 -2.15296
9.12424 70000079400002811 70000079400002810 70000079400002818 70000079400002809 9.84138043947 -3.65303 0.0809718 -0.219797
9.21472 70000079400002810 70000079400002809 70000079400002818 70000079400002808 9.38877127194 -2.48512 1.36565 -3.2018
9.30115 70000079400002809 70000079400002808 70000079400002818 70000079400002807 9.00233985416 -3.60743 -0.599444 -5.58783
9.38412 70000079400002808 70000079400002806 70000079400002818 70000079400002805 8.44947629437 -2.92797 0.10103 -1.96702
9.49221 70000079400002806 70000079400002805 70000079400002818 70000079400002804 8.01217294887 -3.09525 1.54302 -3.75003
9.56823 70000079400002805 70000079400002804 70000079400002818 70000079400002803 7.59510714987 -1.17344 -3.96632 -3.87473
9.66302 70000079400002804 70000079400002803 70000079400002818 70000079400002802 7.23627606617 4.65248 -6.92053 -2.3372
9.71322 70000079400002803 70000079400002802 70000079400002818 70000079400002801 7.00541704554 6.43428 -9.08512 0.559363
9.78795 70000079400002802 70000079400002801 70000079400002818 70000079400002800 6.85511726265 16.2563 -4.97794 0.239982
9.91369 70000079400002801 70000079400002800 70000079400002818 70000079400002799 6.49159774567 13.4356 2.81762 -1.57382
9.98954 70000079400002800 70000079400002799 70000079400002818 70000079400002798 6.14490120342 31.8785 7.13616 -7.12166
10.0149 70000079400002799 70000079400002798 70000079400002818 70000079400002797 6.01075739884 28.5049 10.0477 -9.77068
10.0666 70000079400002798 70000079400002797 70000079400002818 70000079400002796 5.84661374788 35.9335 -0.615738 -13.827
10.1294 70000079400002797 70000079400002796 70000079400002818 70000079400002795 5.52976580795 30.0758 -1.50597 -11.0523
10.188 70000079400002796 70000079400002795 70000079400002818 70000079400002794 5.22758097313 22.5675 9.54089 -5.10082
10.2527 70000079400002795 70000079400002794 70000079400002818 70000079400002793 4.99593346816 16.6336 5.78298 -16.178
10.2528 70000079400002794 70000079400002793 70000079400002818 70000079400002792 4.93938066349 13.4703 8.94923 -10.4009
10.3521 70000079400002793 70000079400002792 70000079400002818 70000079400002791 4.66451770247 -8.40205 14.2922 -11.8442
10.4448 70000079400002792 70000079400002791 70000079400002818 70000079400002790 4.42803373661 -3.87317 36.5714 -4.07492
10.5106 70000079400002791 70000079400002790 70000079400002818 70000079400002789 4.17683491473 -27.0598 24.0652 19.474
10.5548 70000079400002790 70000079400002789 70000079400002818 70000079400002788 4.00794511147 -60.6773 -16.3198 36.915
10.5745 70000079400002789 70000079400002788 70000079400002818 70000079400002787 3.93726108473 -53.4861 -16.0837 24.925
10.6753 70000079400002788 70000079400002787 70000079400002818 70000079400002786 3.70877426464 -90.1214 -20.9567 60.5214
10.6839 70000079400002787 70000079400002786 70000079400002818 70000079400002785 3.49086136926 -76.7956 -26.086 30.6643
10.7586 70000079400002786 70000079400002785 70000079400002818 70000079400002784 3.28303305796 -33.0843 -73.17 5.36745
10.8184 70000079400002785 70000079400002784 70000079400002818 70000079400002783 3.08482263583 37.7699 -73.0295 -35.1699
10.8289 70000079400002784 70000079400002783 70000079400002818 70000079400002782 3.00813107163 26.0384 -65.8074 -28.6949
10.8439 70000079400002783 70000079400002782 70000079400002818 70000079400002781 2.89578500573 33.661 -43.3898 -32.4509
10.8999 70000079400002782 70000079400002781 70000079400002818 70000079400002780 2.73314261732 73.2173 -40.8888 -48.7331
10.9109 70000079400002781 70000079400002780 70000079400002818 70000079400002779 2.5772902716 71.302 -31.5723 -45.7357
10.9189 70000079400002780 70000079400002779 70000079400002818 70000079400002778 2.44422570455 82.3987 -1.56482 -33.3918
10.9361 70000079400002779 70000079400002778 70000079400002818 70000079400002777 2.31611074396 58.851 -13.7744 -28.1781
10.9545 70000079400002778 70000079400002777 70000079400002818 70000079400002776 2.20792547238 63.2023 -49.0723 -47.2674
10.9724 70000079400002777 70000079400002775 70000079400002818 70000079400002774 2.00202813925 56.0286 -69.3576 -51.6832
10.9773 70000079400002775 70000079400002774 70000079400002818 70000079400002773 1.90408954353 39.1145 -79.8127 -52.3767
11.0069 70000079400002774 70000079400002773 70000079400002818 70000079400002772 1.82268925262 27.1355 -97.0633 -36.4872
11.011 70000079400002773 70000079400002772 70000079400002818 70000079400002771 1.74357057433 29.4298 -69.0902 -45.0217
11.0313 70000079400002772 70000079400002771 70000079400002818 70000079400002770 1.66666955611 32.6871 -68.0208 -28.1331
11.0489 70000079400002771 70000079400002770 70000079400002818 70000079400002769 1.60423452207 22.7554 -74.1359 -20.2227
11.0635 70000079400002770 70000079400002769 70000079400002818 70000079400002768 1.53123902916 23.5986 -84.8566 -27.1129
11.0689 70000079400002769 70000079400002768 70000079400002818 70000079400002767 1.47197484527 47.3712 -67.9469 -24.6249
11.0725 70000079400002768 70000079400002767 70000079400002818 70000079400002766 1.41409822037 38.555 -75.674 -37.0979
11.0761 70000079400002767 70000079400002766 70000079400002818 70000079400002765 1.3575766674 25.3019 -90.7183 -36.9068
11.0776 70000079400002766 70000079400002765 70000079400002818 70000079400002764 1.30237845991 21.1554 -81.43 -37.5476
11.0792 70000079400002765 70000079400002764 70000079400002818 70000079400002763 1.24847261425 8.51107 -85.6175 -46.5703
11.0909 70000079400002764 70000079400002763 70000079400002818 70000079400002762 1.20625808078 9.31072 -69.0128 -58.5362
11.0943 70000079400002763 70000079400002762 70000079400002818 70000079400002761 1.15460271236 8.7588 -63.3553 -57.869
11.0991 70000079400002762 70000079400002761 70000079400002818 70000079400002760 1.11415056377 -11.6684 -59.7147 -40.6838
11.1077 70000079400002761 70000079400002760 70000079400002818 70000079400002759 1.07445789455 -19.5141 -30.8723 -44.5963
9.03763 70000079400002853 70000079400002852 70000079400002861 70000079400002851 8.01217294887 2.57255 -5.92991 2.67371
9.05235 70000079400002852 70000079400002850 70000079400002861 70000079400002849 7.23627606617 -0.0909741 -5.12507 2.6395
9.10926 70000079400002850 70000079400002849 70000079400002861 70000079400002848 7.00541704554 0.874916 -5.47766 4.55825
9.12424 70000079400002849 70000079400002847 70000079400002861 70000079400002846 6.49159774567 2.07278 -4.55011 1.60954
9.17293 70000079400002847 70000079400002846 70000079400002861 70000079400002845 6.14490120342 2.41363 -5.02275 1.01882
9.18162 70000079400002846 70000079400002844 70000079400002861 70000079400002843 5.84661374788 5.97387 -6.67347 3.01237
9.0066 70000079400002874 70000079400002873 70000079400002880 70000079400002872 7.23627606617 -3.73789 4.32104 -1.65565
9.0666 70000079400002873 70000079400002872 70000079400002880 70000079400002871 7.00541704554 -7.66057 -0.477169 1.48357
9.1193 70000079400002980 70000079400002979 70000079400002984 70000079400002978 4.42803373661 -11.9046 5.719 -1.31965
9.14108 70000079400002979 70000079400002978 70000079400002984 70000079400002977 4.17683491473 -11.6788 4.48395 -0.805931
9.22457 70000079400002978 70000079400002977 70000079400002984 70000079400002976 4.00794511147 0.832406 16.6283 3.4308
9.06378 70000079400003012 70000079400003011 70000079400003019 70000079400003010 8.01217294887 -0.965023 6.76841 2.41953
9.0666 70000079400003011 70000079400003010 70000079400003019 70000079400003009 7.59510714987 -1.10525 4.1777 2.06781
9.08578 70000079400003010 70000079400003009 70000079400003019 70000079400003008 7.23627606617 4.98931 6.91987 2.3945
9.13871 70000079400003009 70000079400003008 70000079400003019 70000079400003007 7.00541704554 2.17471 4.05455 1.36378
9.15502 70000079400003008 70000079400003007 70000079400003019 70000079400003006 6.85511726265 6.0005 2.67238 0.204804
9.29951 70000079400003007 70000079400003006 70000079400003019 70000079400003005 6.49159774567 19.1389 1.28907 0.157944
9.35914 70000079400003006 70000079400003005 70000079400003019 70000079400003004 6.14490120342 15.9112 3.50489 -2.1894
9.35914 70000079400003005 70000079400003004 70000079400003019 70000079400003003 6.01075739884 5.59937 -1.78123 -0.993212
9.41156 70000079400003004 70000079400003003 70000079400003019 70000079400003002 5.84661374788 11.8211 0.00586234 0.0585997
9.45261 70000079400003003 70000079400003002 70000079400003019 70000079400003001 5.52976580795 10.5262 0.580142 -0.722844
9.46621 70000079400003002 70000079400003001 70000079400003019 70000079400003000 5.22758097313 12.7794 2.86012 2.79342
9.54091 70000079400003001 70000079400003000 70000079400003019 70000079400002999 4.99593346816 11.7238 -5.22757 -7.95406
9.15042 70000079400003038 70000079400003037 70000079400003053 70000079400003036 5.52976580795 -1.6077 -7.49737 -1.36564
9.1573 70000079400003037 70000079400003036 70000079400003053 70000079400003035 5.22758097313 0.326714 -4.57127 0.053016
9.25648 70000079400003036 70000079400003035 70000079400003053 70000079400003034 4.93938066349 1.57497 -14.7154 -4.06726
9.38005 70000079400003035 70000079400003034 70000079400003053 70000079400003033 4.66451770247 5.9708 -17.1712 -2.62554
9.29457 70000079400003056 70000079400003055 70000079400003068 70000079400003054 4.99593346816 3.55478 -11.2178 2.06688
9.07766 70000079400003129 70000079400003128 70000079400003137 70000079400003127 7.59510714987 -5.02 3.8977 -9.71977
9.13154 70000079400003128 70000079400003127 70000079400003137 70000079400003126 7.23627606617 -3.22281 4.9015 -6.96729
9.14108 70000079400003127 70000079400003125 70000079400003137 70000079400003124 6.85511726265 -3.55502 1.68603 -15.8616
9.14344 70000079400003125 70000079400003124 70000079400003137 70000079400003123 6.49159774567 -3.17248 2.15904 -9.88347
9.29457 70000079400003124 70000079400003123 70000079400003137 70000079400003122 6.14490120342 -2.576 4.11288 -1.8963
9.32958 70000079400003123 70000079400003122 70000079400003137 70000079400003121 6.01075739884 -4.24196 2.97944 -0.356568
9.34016 70000079400003122 70000079400003121 70000079400003137 70000079400003120 5.84661374788 -4.5727 3.7892 0.33929
9.38547 70000079400003121 70000079400003120 70000079400003137 70000079400003119 5.52976580795 -4.89132 2.6609 1.40461
9.47832 70000079400003120 70000079400003119 70000079400003137 70000079400003118 5.22758097313 -1.63299 1.8449 8.33131
9.51175 70000079400003119 70000079400003118 70000079400003137 70000079400003117 4.99593346816 -1.7358 -2.31622 0.979959
9.52462 70000079400003118 70000079400003117 70000079400003137 70000079400003116 4.93938066349 -2.75374 -2.21674 -0.0137219
9.54091 70000079400003117 70000079400003116 70000079400003137 70000079400003115 4.66451770247 -3.97131 1.53472 -0.510799
9.12178 70000079400003263 70000079400003262 70000079400003273 70000079400003261 7.23627606617 2.77581 10.4214 4.0205
9.42033 70000079400003262 70000079400003259 70000079400003273 70000079400003258 6.49159774567 2.3327 12.5362 10.6433
9.46955 70000079400003259 70000079400003258 70000079400003273 70000079400003257 6.14490120342 -0.302042 10.8151 8.42758
9.48905 70000079400003258 70000079400003257 70000079400003273 70000079400003256 6.01075739884 -0.871341 7.23352 8.55309
9.51475 70000079400003257 70000079400003256 70000079400003273 70000079400003255 5.84661374788 0.0796153 8.67338 6.57778
9.62985 70000079400003256 70000079400003255 70000079400003273 70000079400003254 5.52976580795 -0.202031 -5.00523 16.8382
9.65078 70000079400003255 70000079400003254 70000079400003273 70000079400003253 5.22758097313 -0.425352 -4.01811 11.6092
9.66725 70000079400003254 70000079400003253 70000079400003273 70000079400003252 4.99593346816 1.47696 3.87285 9.2091
9.67214 70000079400003253 70000079400003252 70000079400003273 70000079400003251 4.93938066349 0.909692 0.803966 10.2887
9.67422 70000079400003252 70000079400003251 70000079400003273 70000079400003250 4.66451770247 0.318738 3.51347 11.8071
9.76836 70000079400003251 70000079400003250 70000079400003273 70000079400003249 4.42803373661 10.2779 1.56632 13.4836
9.81778 70000079400003250 70000079400003248 70000079400003273 70000079400003247 4.00794511147 0.649959 0.609296 30.882
9.86705 70000079400003248 70000079400003246 70000079400003273 70000079400003245 3.70877426464 7.44025 -0.666325 33.8062
9.90034 70000079400003246 70000079400003245 70000079400003273 70000079400003244 3.49086136926 9.72268 -1.55838 33.5359
9.06096 70000079400003278 70000079400003277 70000079400003285 70000079400003276 7.00541704554 -3.15227 -0.139497 1.15902
9.04945 70000079400003320 70000079400003319 70000079400003323 70000079400003318 3.93726108473 -21.5467 0.481383 -6.75764
9.07216 70000079400003319 70000079400003316 70000079400003323 70000079400003315 3.28303305796 -9.4479 -0.190922 -2.86863
9.08309 70000079400003316 70000079400003311 70000079400003323 70000079400003310 2.5772902716 -8.82317 6.03319 -1.40169
9.1573 70000079400003311 70000079400003310 70000079400003323 70000079400003309 2.44422570455 -13.6412 10.1418 -3.03561
9.21472 70000079400003310 70000079400003309 70000079400003323 70000079400003308 2.31611074396 -10.3709 13.0378 -8.46823
9.04062 70000079400003377 70000079400003376 70000079400003396 70000079400003375 2.44422570455 -18.6647 -19.097 -4.72822
9.06378 70000079400003376 70000079400003374 70000079400003396 70000079400003373 2.20792547238 -16.1024 -20.7496 -8.40905
9.07216 70000079400003374 70000079400003373 70000079400003396 70000079400003372 2.1032696526 -15.6459 -20.8688 -6.85679
9.07492 70000079400003373 70000079400003371 70000079400003396 70000079400003370 1.90408954353 -19.8037 -17.7706 -12.009
9.07766 70000079400003371 70000079400003370 70000079400003396 70000079400003369 1.82268925262 -12.3013 -16.6234 -9.42933
9.00012 70000079400003460 70000079400003459 70000079400003466 70000079400003458 3.28303305796 -0.609191 -16.4297 -5.90197
9.01614 70000079400003567 70000079400003566 70000079400003577 70000079400003565 4.66451770247 5.89238 -2.04895 2.30409
9.10926 70000079400003566 70000079400003564 70000079400003577 70000079400003563 4.17683491473 1.22648 -3.13912 4.09633
9.13394 70000079400003564 70000079400003563 70000079400003577 70000079400003562 4.00794511147 2.10413 -5.48836 2.97612
9.15956 70000079400003563 70000079400003561 70000079400003577 70000079400003560 3.70877426464 2.1623 -3.70636 0.735589
9.18589 70000079400003561 70000079400003559 70000079400003577 70000079400003558 3.28303305796 5.77329 -5.16009 1.96502
9.19848 70000079400003559 70000079400003555 70000079400003577 70000079400003554 2.73314261732 4.18309 -5.40047 4.10957
9.2742 70000079400003555 70000079400003552 70000079400003577 70000079400003551 2.31611074396 -3.25341 -0.0689934 1.43749
9.28788 70000079400003552 70000079400003551 70000079400003577 70000079400003550 2.20792547238 4.2674 1.39804 -2.64828
9.2929 70000079400003551 70000079400003548 70000079400003577 70000079400003547 1.90408954353 -20.3789 -4.87343 3.93443
9.00012 70000079400003631 70000079400003630 70000079400003651 70000079400003629 3.93726108473 -1.7087 0.119168 -2.99421
9.19223 70000079400003630 70000079400003627 70000079400003651 70000079400003626 3.28303305796 2.47558 32.2676 28.3909
9.25828 70000079400003627 70000079400003626 70000079400003651 70000079400003625 3.08482263583 -6.4289 36.5716 14.1673
9.34461 70000079400003626 70000079400003622 70000079400003651 70000079400003621 2.5772902716 -29.4414 19.9133 17.9957
9.00337 70000079400003797 70000079400003796 70000079400003814 70000079400003795 1.74357057433 7.8583 0.957686 8.1826
9.02239 70000079400003796 70000079400003795 70000079400003814 70000079400003794 1.66666955611 5.93407 -4.87294 10.6971
