logMh | fpID | subhaloID | main leaf ID | descID |  z
9.00012 70000004000022612 70000004000022611 70000004000022614 70000004000022610 12.0418635439 1.97225 0.581023 -2.1308
9.03763 70000004000022611 70000004000022610 70000004000022614 70000004000022609 11.4973879548 0.011697 -0.0649706 -0.286859
9.26008 70000004000022610 70000004000022609 70000004000022614 70000004000022608 10.9190331982 -1.18706 2.28862 -2.0769
9.41784 70000004000022609 70000004000022607 70000004000022614 70000004000022606 9.99659046619 -1.24538 5.45739 -5.18514
9.42649 70000004000022607 70000004000022606 70000004000022614 70000004000022605 9.84138043947 -1.39194 2.82529 -4.44645
9.50771 70000004000022606 70000004000022604 70000004000022614 70000004000022603 9.00233985416 -1.43924 3.61797 -4.35414
9.5629 70000004000022604 70000004000022602 70000004000022614 70000004000022601 8.44947629437 -1.90839 6.24237 -9.80612
9.64785 70000004000022602 70000004000022601 70000004000022614 70000004000022600 8.01217294887 -0.488579 4.41875 -12.0506
9.6756 70000004000022601 70000004000022600 70000004000022614 70000004000022599 7.59510714987 -2.24493 1.56755 -13.2952
9.69647 70000004000022600 70000004000022599 70000004000022614 70000004000022598 7.23627606617 -3.85681 2.42473 -14.365
9.74018 70000004000022599 70000004000022598 70000004000022614 70000004000022597 7.00541704554 -6.11085 2.51656 -17.9149
9.80209 70000004000022598 70000004000022596 70000004000022614 70000004000022595 6.49159774567 -0.358081 3.89565 -15.1228
9.88486 70000004000022596 70000004000022595 70000004000022614 70000004000022594 6.14490120342 -2.3073 10.3907 -13.8238
9.88994 70000004000022595 70000004000022594 70000004000022614 70000004000022593 6.01075739884 -0.612106 0.354335 -12.8101
9.91726 70000004000022594 70000004000022593 70000004000022614 70000004000022592 5.84661374788 -5.70739 15.4125 -12.5313
9.96262 70000004000022593 70000004000022592 70000004000022614 70000004000022591 5.52976580795 -1.67259 20.7676 -5.98143
10.0034 70000004000022592 70000004000022591 70000004000022614 70000004000022590 5.22758097313 7.23325 16.9551 4.57246
10.1255 70000004000022591 70000004000022590 70000004000022614 70000004000022589 4.99593346816 4.90184 27.9837 24.7346
10.1483 70000004000022590 70000004000022589 70000004000022614 70000004000022588 4.93938066349 -0.603404 40.1948 8.66513
10.2766 70000004000022589 70000004000022588 70000004000022614 70000004000022587 4.66451770247 -5.90284 33.2567 17.5343
10.3687 70000004000022588 70000004000022587 70000004000022614 70000004000022586 4.42803373661 -1.56744 25.8065 68.1418
10.4644 70000004000022587 70000004000022586 70000004000022614 70000004000022585 4.17683491473 -9.41363 8.23297 95.6319
10.5021 70000004000022586 70000004000022585 70000004000022614 70000004000022584 4.00794511147 -14.5432 13.3545 100.815
10.5192 70000004000022585 70000004000022584 70000004000022614 70000004000022583 3.93726108473 -7.61549 11.2793 93.6502
10.558 70000004000022584 70000004000022583 70000004000022614 70000004000022582 3.70877426464 -9.31174 4.08344 122.082
10.5871 70000004000022583 70000004000022582 70000004000022614 70000004000022581 3.49086136926 -8.69518 12.6152 128.412
10.6633 70000004000022582 70000004000022581 70000004000022614 70000004000022580 3.28303305796 -53.8385 81.3106 77.3926
10.6862 70000004000022581 70000004000022580 70000004000022614 70000004000022579 3.08482263583 -54.0916 77.93 87.6691
10.7127 70000004000022580 70000004000022579 70000004000022614 70000004000022578 3.00813107163 -78.6314 94.5146 74.3876
10.786 70000004000022579 70000004000022578 70000004000022614 70000004000022577 2.89578500573 -147.431 140.708 23.1248
10.8474 70000004000022578 70000004000022577 70000004000022614 70000004000022576 2.73314261732 -157.588 160.018 -1.36999
10.8684 70000004000022577 70000004000022576 70000004000022614 70000004000022575 2.5772902716 -119.869 147.179 14.1057
10.9084 70000004000022576 70000004000022575 70000004000022614 70000004000022574 2.44422570455 -89.867 138.511 1.98631
10.9165 70000004000022575 70000004000022574 70000004000022614 70000004000022573 2.31611074396 -103.98 157.966 5.71698
10.9297 70000004000022574 70000004000022573 70000004000022614 70000004000022572 2.20792547238 -112.085 142.57 -5.64108
10.9371 70000004000022573 70000004000022572 70000004000022614 70000004000022571 2.1032696526 -96.8376 134.964 21.1525
10.9765 70000004000022572 70000004000022569 70000004000022614 70000004000022568 1.82268925262 -119.717 164.382 78.1087
10.9947 70000004000022569 70000004000022568 70000004000022614 70000004000022567 1.74357057433 -103.45 198.183 152.707
11.0258 70000004000022568 70000004000022567 70000004000022614 70000004000022566 1.66666955611 -72.3706 222.6 216.765
11.0664 70000004000022567 70000004000022566 70000004000022614 70000004000022565 1.60423452207 -38.0804 272.139 342.13
11.0803 70000004000022566 70000004000022565 70000004000022614 70000004000022564 1.53123902916 -7.01552 272.709 329.832
11.0944 70000004000022565 70000004000022564 70000004000022614 70000004000022563 1.47197484527 1.29264 288.492 329.048
11.1546 70000004000022564 70000004000022563 70000004000022614 70000004000022562 1.41409822037 41.0291 300.436 453.58
11.1656 70000004000022563 70000004000022562 70000004000022614 70000004000022561 1.3575766674 43.2268 292.859 421.004
11.1742 70000004000022562 70000004000022561 70000004000022614 70000004000022560 1.30237845991 59.4902 298.451 390.429
11.192 70000004000022561 70000004000022560 70000004000022614 70000004000022559 1.24847261425 33.8086 309.086 428.548
11.1925 70000004000022560 70000004000022559 70000004000022614 70000004000022558 1.20625808078 27.3575 310.096 422.106
11.2015 70000004000022559 70000004000022558 70000004000022614 70000004000022557 1.15460271236 61.1872 293.398 403.835
11.213 70000004000022558 70000004000022557 70000004000022614 70000004000022556 1.11415056377 74.3093 297.768 384.998
11.2157 70000004000022557 70000004000022556 70000004000022614 70000004000022555 1.07445789455 77.9795 291.485 377.818
11.2174 70000004000022556 70000004000022552 70000004000022614 70000004000022551 0.950531351585 77.0087 275.605 360.854
11.2206 70000004000022552 70000004000022551 70000004000022614 70000004000022550 0.923000816178 74.9448 270.11 373.324
11.2207 70000004000022551 70000004000022550 70000004000022614 70000004000022549 0.886896937575 79.4253 260.001 390.149
11.2306 70000004000022550 70000004000022549 70000004000022614 70000004000022548 0.851470900625 80.5452 259.605 386.782
11.2328 70000004000022549 70000004000022548 70000004000022614 70000004000022547 0.816709979012 89.5397 239.063 398.007
11.2346 70000004000022548 70000004000022547 70000004000022614 70000004000022546 0.791068248946 90.7662 236.383 411.722
11.2561 70000004000022547 70000004000022546 70000004000022614 70000004000022545 0.757441372616 94.3635 221.236 404.325
11.2703 70000004000022546 70000004000022543 70000004000022614 70000004000022542 0.676110411213 78.9795 248.852 408.404
11.2846 70000004000022543 70000004000022542 70000004000022614 70000004000022541 0.644641840685 84.8501 249.828 393.143
11.2912 70000004000022542 70000004000022541 70000004000022614 70000004000022540 0.621428745243 51.2335 232.54 374.421
11.2965 70000004000022541 70000004000022540 70000004000022614 70000004000022539 0.598543288188 53.3303 205.892 332.475
11.3063 70000004000022540 70000004000022539 70000004000022614 70000004000022538 0.575980845108 54.6328 207.029 353.661
11.3217 70000004000022539 70000004000022538 70000004000022614 70000004000022537 0.546392183141 -2.88152 225.4 270.409
11.3706 70000004000022538 70000004000022533 70000004000022614 70000004000022532 0.440297849248 81.8856 166.863 398.916
11.3726 70000004000022533 70000004000022529 70000004000022614 70000004000022528 0.360687657262 27.504 314.131 324.397
11.4021 70000004000022529 70000004000022528 70000004000022614 70000004000022527 0.347853841858 34.8826 307.185 377.218
11.4066 70000004000022528 70000004000022524 70000004000022614 70000004000022523 0.273353346578 75.7241 256.854 207.94
11.4083 70000004000022524 70000004000022523 70000004000022614 70000004000022522 0.261343256161 86.7936 270.52 178.861
11.4146 70000004000022523 70000004000022522 70000004000022614 70000004000022521 0.243540181555 97.9351 283.834 154.973
11.4186 70000004000022522 70000004000022521 70000004000022614 70000004000022520 0.22598838626 110.627 260.726 151.69
9.09375 70000004000022656 70000004000022655 70000004000022663 70000004000022654 9.84138043947 -0.289318 3.63927 4.96587
9.17073 70000004000022655 70000004000022654 70000004000022663 70000004000022653 9.38877127194 1.26903 5.03029 4.5479
9.27072 70000004000022654 70000004000022653 70000004000022663 70000004000022652 9.00233985416 -0.678143 6.39678 3.9792
9.2742 70000004000022653 70000004000022652 70000004000022663 70000004000022651 8.9079991856 -1.23154 1.50732 1.91078
9.35627 70000004000022652 70000004000022651 70000004000022663 70000004000022650 8.44947629437 0.574666 4.05856 6.90068
9.41909 70000004000022651 70000004000022649 70000004000022663 70000004000022648 7.59510714987 -1.15622 3.54013 4.70814
9.45261 70000004000022649 70000004000022648 70000004000022663 70000004000022647 7.23627606617 0.756849 2.71431 5.35645
9.46844 70000004000022648 70000004000022647 70000004000022663 70000004000022646 7.00541704554 2.97009 1.77981 8.74969
9.49011 70000004000022647 70000004000022643 70000004000022663 70000004000022642 6.01075739884 0.558368 1.48737 6.96203
9.01298 70000004000022744 70000004000022743 70000004000022750 70000004000022742 8.01217294887 -0.803971 6.51814 -0.442896
9.13871 70000004000022743 70000004000022742 70000004000022750 70000004000022741 7.59510714987 -3.5404 -1.53421 -0.930904
9.30115 70000004000022742 70000004000022741 70000004000022750 70000004000022740 7.23627606617 -7.36045 -11.874 1.71711
9.37869 70000004000022741 70000004000022740 70000004000022750 70000004000022739 7.00541704554 -8.82649 -20.6757 3.75951
9.46397 70000004000022740 70000004000022739 70000004000022750 70000004000022738 6.85511726265 -6.77407 -15.7721 3.75192
9.48265 70000004000022739 70000004000022738 70000004000022750 70000004000022737 6.49159774567 -6.14349 -14.7518 2.41194
9.56646 70000004000022738 70000004000022737 70000004000022750 70000004000022736 6.14490120342 -6.42749 6.3913 3.29214
9.58041 70000004000022737 70000004000022736 70000004000022750 70000004000022735 6.01075739884 -5.89326 10.285 -1.83092
9.64712 70000004000022736 70000004000022735 70000004000022750 70000004000022734 5.84661374788 -7.90808 6.47729 -3.70372
9.69778 70000004000022735 70000004000022734 70000004000022750 70000004000022733 5.52976580795 -2.67051 3.93051 0.505219
9.72752 70000004000022734 70000004000022733 70000004000022750 70000004000022732 5.22758097313 -4.47706 -6.14285 4.90799
9.72996 70000004000022733 70000004000022732 70000004000022750 70000004000022731 4.99593346816 -4.58434 -0.913982 1.8194
9.02239 70000004000022787 70000004000022786 70000004000022797 70000004000022785 6.49159774567 -1.87041 -0.291905 2.54818
9.04653 70000004000022786 70000004000022785 70000004000022797 70000004000022784 6.14490120342 -1.30501 3.06608 0.710369
9.09898 70000004000022785 70000004000022782 70000004000022797 70000004000022781 5.52976580795 0.600504 1.52309 2.69858
9.0098 70000004000022815 70000004000022814 70000004000022820 70000004000022813 6.14490120342 -5.28891 14.6884 4.36175
9.04945 70000004000022814 70000004000022813 70000004000022820 70000004000022812 6.01075739884 -4.87919 14.6749 5.25188
9.08309 70000004000022813 70000004000022811 70000004000022820 70000004000022810 5.52976580795 -4.7223 15.0028 6.07865
9.09898 70000004000022811 70000004000022810 70000004000022820 70000004000022809 5.22758097313 -4.65902 10.6606 3.06631
9.10157 70000004000022810 70000004000022809 70000004000022820 70000004000022808 4.99593346816 0.159083 12.4241 -0.0511219
9.10926 70000004000022809 70000004000022808 70000004000022820 70000004000022807 4.93938066349 0.486124 11.157 1.7324
9.11681 70000004000022808 70000004000022807 70000004000022820 70000004000022806 4.66451770247 -2.25068 10.176 -0.705721
9.12178 70000004000022807 70000004000022806 70000004000022820 70000004000022805 4.42803373661 -4.92929 5.10753 -1.90495
9.02855 70000004000022947 70000004000022946 70000004000022951 70000004000022945 10.3674435724 0.0549817 0.149986 1.83089
9.18802 70000004000022946 70000004000022945 70000004000022951 70000004000022944 9.99659046619 -0.81744 1.63695 2.03269
9.22651 70000004000022945 70000004000022944 70000004000022951 70000004000022943 9.84138043947 0.58411 1.7761 1.13232
9.2811 70000004000022944 70000004000022943 70000004000022951 70000004000022942 9.38877127194 0.371407 0.621732 1.32877
9.31717 70000004000022943 70000004000022942 70000004000022951 70000004000022941 9.00233985416 -1.02363 0.189733 1.93558
9.45605 70000004000022942 70000004000022940 70000004000022951 70000004000022939 8.44947629437 -5.45438 2.61584 1.68326
9.51175 70000004000022940 70000004000022939 70000004000022951 70000004000022938 8.01217294887 -3.10798 -1.71766 -4.1873
9.57087 70000004000022939 70000004000022938 70000004000022951 70000004000022937 7.59510714987 -3.38044 0.113395 -2.06275
9.64416 70000004000022938 70000004000022937 70000004000022951 70000004000022936 7.23627606617 -2.24385 2.11342 -7.67651
9.72136 70000004000022937 70000004000022936 70000004000022951 70000004000022935 7.00541704554 -0.742384 3.06047 -3.27605
9.72568 70000004000022936 70000004000022935 70000004000022951 70000004000022934 6.85511726265 -4.00956 6.15977 -8.02322
9.78152 70000004000022935 70000004000022934 70000004000022951 70000004000022933 6.49159774567 1.30862 0.451864 -12.4227
9.87929 70000004000022934 70000004000022933 70000004000022951 70000004000022932 6.14490120342 -1.82645 3.79775 -4.35846
9.89204 70000004000022933 70000004000022932 70000004000022951 70000004000022931 6.01075739884 -0.149075 4.88809 -0.518436
9.93583 70000004000022932 70000004000022931 70000004000022951 70000004000022930 5.84661374788 8.52955 -2.30161 8.70482
9.97317 70000004000022931 70000004000022930 70000004000022951 70000004000022929 5.52976580795 13.3421 -4.8312 5.98775
10.0261 70000004000022930 70000004000022929 70000004000022951 70000004000022928 5.22758097313 23.3194 -12.2948 13.5058
10.0555 70000004000022929 70000004000022928 70000004000022951 70000004000022927 4.99593346816 20.7981 -13.1702 17.9067
10.0573 70000004000022928 70000004000022927 70000004000022951 70000004000022926 4.93938066349 26.8774 -19.4908 19.9262
10.1123 70000004000022927 70000004000022926 70000004000022951 70000004000022925 4.66451770247 23.5728 -24.6706 31.1172
10.1703 70000004000022926 70000004000022925 70000004000022951 70000004000022924 4.42803373661 21.7061 -37.3045 26.3137
10.2085 70000004000022925 70000004000022923 70000004000022951 70000004000022922 4.00794511147 13.5566 -34.7684 26.5921
9.0066 70000004000022971 70000004000022970 70000004000022981 70000004000022969 7.59510714987 -4.2094 0.662328 -1.72306
9.01928 70000004000022970 70000004000022968 70000004000022981 70000004000022967 7.00541704554 -2.28723 -0.0214538 -2.44482
9.05235 70000004000023042 70000004000023041 70000004000023051 70000004000023040 4.99593346816 3.19946 -3.40432 11.6737
9.06096 70000004000023041 70000004000023039 70000004000023051 70000004000023038 4.66451770247 -0.246855 -1.21505 9.45889
9.32651 70000004000023039 70000004000023038 70000004000023051 70000004000023037 4.42803373661 -21.7694 8.98104 14.5368
9.33111 70000004000023038 70000004000023037 70000004000023051 70000004000023036 4.17683491473 -18.1859 8.50569 14.6514
9.41156 70000004000023037 70000004000023034 70000004000023051 70000004000023033 3.70877426464 -17.8834 7.37193 13.2885
9.01614 70000004000023092 70000004000023091 70000004000023105 70000004000023090 3.49086136926 -1.71255 -4.92035 -12.1361
9.06096 70000004000023122 70000004000023121 70000004000023128 70000004000023120 2.31611074396 10.8979 24.7942 10.0986
9.09375 70000004000023121 70000004000023119 70000004000023128 70000004000023118 2.1032696526 11.6067 24.8926 8.33497
9.0098 70000004000023148 70000004000023147 70000004000023170 70000004000023146 2.89578500573 0.979364 3.06396 2.12157
9.0098 70000004000023147 70000004000023146 70000004000023170 70000004000023145 2.73314261732 0.697653 1.93194 4.81775
9.0098 70000004000023146 70000004000023144 70000004000023170 70000004000023143 2.44422570455 -0.371006 -3.37538 2.24718
9.02548 70000004000023144 70000004000023142 70000004000023170 70000004000023141 2.20792547238 -1.56695 2.69218 2.6387
9.00337 70000004000023249 70000004000023248 70000004000023254 70000004000023247 6.01075739884 -3.83191 -0.726605 -4.2877
9.0098 70000004000023248 70000004000023247 70000004000023254 70000004000023246 5.84661374788 -4.35131 0.694281 -3.22407
9.08309 70000004000023247 70000004000023246 70000004000023254 70000004000023245 5.52976580795 -7.15901 -0.293062 -2.28677
9.1573 70000004000023246 70000004000023245 70000004000023254 70000004000023244 5.22758097313 -5.4766 5.84496 -0.0262173
9.16182 70000004000023245 70000004000023242 70000004000023254 70000004000023241 4.66451770247 -10.8269 2.53148 -0.550279
9.18376 70000004000023242 70000004000023241 70000004000023254 70000004000023240 4.42803373661 -10.0917 5.24079 -0.201275
9.21272 70000004000023241 70000004000023240 70000004000023254 70000004000023239 4.17683491473 -5.77623 2.8618 -4.67069
9.22066 70000004000023240 70000004000023239 70000004000023254 70000004000023238 4.00794511147 -9.4001 1.97496 -7.5948
9.26187 70000004000023239 70000004000023237 70000004000023254 70000004000023236 3.70877426464 -8.13866 3.06343 -2.8459
9.41534 70000004000023237 70000004000023236 70000004000023254 70000004000023235 3.49086136926 -3.06552 -12.1407 -7.91723
9.50973 70000004000023236 70000004000023235 70000004000023254 70000004000023234 3.28303305796 -0.197524 -25.5929 -16.9115
9.68918 70000004000023235 70000004000023233 70000004000023254 70000004000023232 3.00813107163 -2.1406 -17.3803 -11.0978
9.68918 70000004000023233 70000004000023231 70000004000023254 70000004000023230 2.73314261732 -9.44644 -20.516 -2.59089
9.70039 70000004000023231 70000004000023230 70000004000023254 70000004000023229 2.5772902716 -9.03686 -18.1296 -3.19927
9.00337 70000004000023271 70000004000023270 70000004000023282 70000004000023269 6.01075739884 -3.39221 -7.78407 -4.35453
9.03463 70000004000023270 70000004000023269 70000004000023282 70000004000023268 5.84661374788 -2.03478 -9.37666 -3.05308
9.08038 70000004000023269 70000004000023268 70000004000023282 70000004000023267 5.52976580795 -0.986307 -6.89495 -2.21507
9.08578 70000004000023268 70000004000023267 70000004000023282 70000004000023266 5.22758097313 -1.7984 -6.53918 -1.6921
9.09637 70000004000023267 70000004000023264 70000004000023282 70000004000023263 4.66451770247 -2.08832 -10.2662 -1.72602
9.09637 70000004000023264 70000004000023260 70000004000023282 70000004000023259 3.93726108473 -0.160288 -8.53791 -4.27074
9.10157 70000004000023260 70000004000023259 70000004000023282 70000004000023258 3.70877426464 1.4464 -7.02317 -0.00483417
9.63518 70000004000023259 70000004000023256 70000004000023282 70000004000023233 3.08482263583 -1.21771 -19.0044 -8.71776
9.14108 70000004000023335 70000004000023334 70000004000023342 70000004000023333 8.44947629437 -20.5271 -11.2298 -23.09
9.31874 70000004000023334 70000004000023332 70000004000023342 70000004000023331 7.59510714987 6.12733 -2.83446 13.8516
9.44681 70000004000023332 70000004000023331 70000004000023342 70000004000023330 7.23627606617 2.85024 -4.32533 13.3664
9.51074 70000004000023331 70000004000023330 70000004000023342 70000004000023329 7.00541704554 -1.05834 -4.00346 14.7
9.56646 70000004000023330 70000004000023329 70000004000023342 70000004000023328 6.85511726265 -6.11429 -15.4823 9.00438
9.64044 70000004000023329 70000004000023328 70000004000023342 70000004000023327 6.49159774567 -8.55276 -3.96257 6.63625
9.73299 70000004000023328 70000004000023327 70000004000023342 70000004000023326 6.14490120342 8.6051 3.04501 12.0973
9.76332 70000004000023327 70000004000023325 70000004000023342 70000004000023324 5.84661374788 -7.13702 3.74655 12.028
9.80106 70000004000023325 70000004000023324 70000004000023342 70000004000023323 5.52976580795 1.50662 2.42849 11.2185
10.2387 70000004000023324 70000004000023322 70000004000023342 70000004000023321 4.99593346816 35.9857 -15.7895 41.8028
10.253 70000004000023322 70000004000023321 70000004000023342 70000004000023320 4.93938066349 31.0929 -25.785 42.6245
10.3268 70000004000023321 70000004000023320 70000004000023342 70000004000023319 4.66451770247 24.0259 -22.9375 32.3839
10.3941 70000004000023320 70000004000023319 70000004000023342 70000004000023318 4.42803373661 4.95329 -17.1809 27.7677
10.4112 70000004000023319 70000004000023318 70000004000023342 70000004000023317 4.17683491473 4.35455 -16.6527 23.057
10.4262 70000004000023318 70000004000023317 70000004000023342 70000004000023316 4.00794511147 5.06306 -18.5504 24.0626
10.4264 70000004000023317 70000004000023313 70000004000023342 70000004000023312 3.28303305796 -4.94769 -17.8617 40.3472
10.444 70000004000023313 70000004000023311 70000004000023342 70000004000023310 3.00813107163 4.80022 -17.8667 17.7134
10.4573 70000004000023311 70000004000023309 70000004000023342 70000004000023308 2.73314261732 8.37304 -18.7633 19.1293
10.4668 70000004000023309 70000004000023308 70000004000023342 70000004000023307 2.5772902716 -7.62996 -13.45 22.6396
10.4713 70000004000023308 70000004000023306 70000004000023342 70000004000023305 2.31611074396 -6.80074 -15.7939 22.003
10.4862 70000004000023306 70000004000023305 70000004000023342 70000004000023304 2.20792547238 -11.1574 -20.2269 27.574
10.5076 70000004000023305 70000004000023303 70000004000023342 70000004000023302 2.00202813925 -12.2153 -12.9565 21.7808
10.5274 70000004000023303 70000004000023302 70000004000023342 70000004000023301 1.90408954353 -21.4661 -13.4196 17.8507
9.17946 70000004000023344 70000004000023343 70000004000023347 70000004000023332 8.01217294887 -0.434644 -0.587865 2.24269
9.31874 70000004000023395 70000004000023394 70000004000023402 70000004000023393 7.23627606617 6.85556 -38.2576 6.3067
9.63061 70000004000023394 70000004000023388 70000004000023402 70000004000023387 5.84661374788 4.70452 -36.2413 -12.8012
9.73057 70000004000023388 70000004000023387 70000004000023402 70000004000023386 5.52976580795 14.1598 -22.8129 -2.37613
9.96405 70000004000023387 70000004000023386 70000004000023402 70000004000023321 5.22758097313 28.9886 -11.3307 -33.3436
9.1193 70000004000023413 70000004000023412 70000004000023419 70000004000023411 7.00541704554 2.08038 -10.0405 -1.09195
9.15042 70000004000023412 70000004000023411 70000004000023419 70000004000023410 6.85511726265 3.4576 -7.39196 1.7459
9.4606 70000004000023411 70000004000023410 70000004000023419 70000004000023409 6.49159774567 5.46192 14.2607 -0.99528
9.05235 70000004000023464 70000004000023463 70000004000023465 70000004000023462 7.59510714987 3.54641 1.20532 3.80374
9.0666 70000004000023527 70000004000023526 70000004000023539 70000004000023525 4.42803373661 -5.08174 -4.99114 -4.43716
9.09375 70000004000023526 70000004000023525 70000004000023539 70000004000023524 4.17683491473 -10.0363 -6.40934 -5.46745
9.19433 70000004000023525 70000004000023524 70000004000023539 70000004000023523 4.00794511147 -11.8918 -9.10546 -8.50408
9.24548 70000004000023524 70000004000023523 70000004000023539 70000004000023522 3.93726108473 -3.08806 -5.59523 -1.46893
9.01298 70000004000023599 70000004000023598 70000004000023618 70000004000023597 2.89578500573 -9.56731 -16.5571 8.53586
9.18376 70000004000024075 70000004000024074 70000004000024081 70000004000024073 7.59510714987 -3.6374 0.784795 -5.4868
9.27072 70000004000024074 70000004000024073 70000004000024081 70000004000024072 7.23627606617 -6.35906 0.266217 -8.14351
9.31083 70000004000024073 70000004000024072 70000004000024081 70000004000024071 7.00541704554 -6.21433 -0.372156 -6.81423
9.35627 70000004000024072 70000004000024071 70000004000024081 70000004000024070 6.85511726265 -7.97744 -1.03595 -7.45858
9.46285 70000004000024071 70000004000024070 70000004000024081 70000004000024069 6.49159774567 2.08899 -0.620039 -12.0549
9.52948 70000004000024070 70000004000024069 70000004000024081 70000004000024068 6.14490120342 4.36281 3.48809 -10.9509
9.53902 70000004000024069 70000004000024068 70000004000024081 70000004000024067 6.01075739884 3.38202 4.09199 -12.0722
9.54091 70000004000024068 70000004000024067 70000004000024081 70000004000024066 5.84661374788 1.71874 3.7458 -12.3041
9.60054 70000004000024067 70000004000024066 70000004000024081 70000004000024065 5.52976580795 2.26893 5.86341 -11.3231
9.61742 70000004000024066 70000004000024065 70000004000024081 70000004000024064 5.22758097313 11.0815 8.05338 -14.1224
9.68108 70000004000024065 70000004000024064 70000004000024081 70000004000024063 4.99593346816 7.29237 4.22352 -19.725
9.8276 70000004000024064 70000004000024062 70000004000024081 70000004000024061 4.66451770247 -13.7429 15.734 -29.9653
9.86438 70000004000024062 70000004000024061 70000004000024081 70000004000024060 4.42803373661 -17.4816 17.7528 -38.781
9.9278 70000004000024061 70000004000024060 70000004000024081 70000004000024059 4.17683491473 -38.2536 21.3381 -31.6887
9.94962 70000004000024060 70000004000024059 70000004000024081 70000004000024058 4.00794511147 -37.9921 20.2818 -22.8032
9.9644 70000004000024059 70000004000024058 70000004000024081 70000004000024057 3.93726108473 -42.1849 20.0719 -23.4739
9.98211 70000004000024058 70000004000024057 70000004000024081 70000004000024056 3.70877426464 -39.0887 27.5593 -25.1375
10.0424 70000004000024057 70000004000024056 70000004000024081 70000004000024055 3.49086136926 -59.0662 30.0789 -29.1212
10.0702 70000004000024056 70000004000024055 70000004000024081 70000004000024054 3.28303305796 -71.6047 32.0717 -2.49994
10.0836 70000004000024055 70000004000024050 70000004000024081 70000004000024049 2.5772902716 -49.5393 66.6242 -7.98952
10.1054 70000004000024050 70000004000024049 70000004000024081 70000004000024048 2.44422570455 -56.2817 67.7132 10.5122
10.1534 70000004000024049 70000004000024048 70000004000024081 70000004000024047 2.31611074396 -63.817 83.8633 5.74072
10.1863 70000004000024048 70000004000024046 70000004000024081 70000004000024045 2.1032696526 -81.0746 55.4569 24.4958
10.1901 70000004000024046 70000004000024045 70000004000024081 70000004000024044 2.00202813925 -93.5867 57.9471 19.5669
10.2267 70000004000024045 70000004000024044 70000004000024081 70000004000024043 1.90408954353 -109.21 75.4132 32.2678
10.2451 70000004000024044 70000004000024043 70000004000024081 70000004000024042 1.82268925262 -108.088 70.2034 28.2667
10.2525 70000004000024043 70000004000024042 70000004000024081 70000004000024041 1.74357057433 -100.613 76.1209 39.1674
10.2658 70000004000024042 70000004000024041 70000004000024081 70000004000024040 1.66666955611 -83.5547 79.796 24.1413
10.2855 70000004000024041 70000004000024039 70000004000024081 70000004000024038 1.53123902916 -81.1855 84.9672 26.0301
10.3108 70000004000024039 70000004000024038 70000004000024081 70000004000024037 1.47197484527 -78.7385 97.6346 32.6442
10.3222 70000004000024038 70000004000024033 70000004000024081 70000004000024032 1.20625808078 -65.2218 79.5104 29.3903
10.3264 70000004000024033 70000004000024032 70000004000024081 70000004000024031 1.15460271236 -64.6936 75.9864 32.8179
10.3303 70000004000024032 70000004000024030 70000004000024081 70000004000024029 1.07445789455 -71.2142 74.8863 33.9307
10.3532 70000004000024030 70000004000024028 70000004000024081 70000004000024027 0.997294225782 -62.1019 85.2213 34.5198
10.3576 70000004000024028 70000004000024026 70000004000024081 70000004000024025 0.950531351585 -58.4577 84.5786 28.0496
10.371 70000004000024026 70000004000024023 70000004000024081 70000004000024022 0.851470900625 -59.2238 86.4416 27.6554
10.3744 70000004000024023 70000004000024021 70000004000024081 70000004000024020 0.791068248946 -53.099 74.0155 17.7457
10.3757 70000004000024021 70000004000024020 70000004000024081 70000004000024019 0.757441372616 -49.8027 80.8611 19.8643
10.3851 70000004000024020 70000004000024019 70000004000024081 70000004000024018 0.732636182022 -51.75 86.8031 21.8824
10.3944 70000004000024019 70000004000024017 70000004000024081 70000004000024016 0.676110411213 -43.2003 83.433 20.7091
10.4062 70000004000024017 70000004000024015 70000004000024081 70000004000024014 0.621428745243 -35.3683 75.7273 37.4541
9.02855 70000004000024131 70000004000024130 70000004000024143 70000004000024129 5.22758097313 6.06041 3.26812 -2.45444
9.03763 70000004000024192 70000004000024191 70000004000024201 70000004000024190 5.52976580795 -0.742695 -5.25244 -8.27589
9.07492 70000004000024191 70000004000024190 70000004000024201 70000004000024189 5.22758097313 1.8443 -5.1124 -7.46475
9.1193 70000004000024190 70000004000024189 70000004000024201 70000004000024188 4.99593346816 4.49187 -2.37283 -6.98779
9.13394 70000004000024189 70000004000024188 70000004000024201 70000004000024187 4.93938066349 2.74403 -2.15568 -5.82321
9.21671 70000004000024188 70000004000024186 70000004000024201 70000004000024185 4.42803373661 7.41799 6.67183 -12.9986
9.31401 70000004000024186 70000004000024185 70000004000024201 70000004000024184 4.17683491473 7.18059 35.8408 -4.59472
9.32342 70000004000024185 70000004000024182 70000004000024201 70000004000024181 3.70877426464 7.80679 14.3275 -9.37663
9.34902 70000004000024182 70000004000024178 70000004000024201 70000004000024177 3.00813107163 -5.59182 12.657 -8.77485
9.35338 70000004000024178 70000004000024177 70000004000024201 70000004000024176 2.89578500573 -5.25707 19.7826 -8.9859
