logMh | fpID | subhaloID | main leaf ID | descID |  z
9.13394 90000375600000093 90000375600000092 90000375600000105 90000375600000091 6.49159774567 8.49621 6.88016 -1.32513
9.3044 90000375600000092 90000375600000091 90000375600000105 90000375600000090 6.14490120342 -0.650058 -4.71591 3.88202
9.42281 90000375600000091 90000375600000090 90000375600000105 90000375600000089 6.01075739884 -2.38172 -20.7047 4.41363
9.49848 90000375600000090 90000375600000089 90000375600000105 90000375600000088 5.84661374788 -0.550355 -4.53541 9.76692
9.63518 90000375600000089 90000375600000088 90000375600000105 90000375600000087 5.52976580795 -4.83243 -9.35742 1.90061
9.67491 90000375600000088 90000375600000087 90000375600000105 90000375600000086 5.22758097313 -7.94741 -12.0243 1.15399
9.73299 90000375600000087 90000375600000086 90000375600000105 90000375600000085 4.99593346816 -6.28397 -13.6204 2.65865
9.88994 90000375600000086 90000375600000084 90000375600000105 90000375600000083 4.66451770247 15.1788 -20.1612 7.40161
10.0158 90000375600000084 90000375600000083 90000375600000105 90000375600000082 4.42803373661 8.5471 -38.7501 7.54359
10.0972 90000375600000083 90000375600000082 90000375600000105 90000375600000081 4.17683491473 7.31472 -41.0143 4.66207
10.158 90000375600000082 90000375600000081 90000375600000105 90000375600000080 4.00794511147 3.2521 -44.2603 -1.78368
10.203 90000375600000081 90000375600000079 90000375600000105 90000375600000078 3.70877426464 0.786525 -48.4051 -6.22157
10.2051 90000375600000079 90000375600000072 90000375600000105 90000375600000071 2.5772902716 0.212198 -50.115 -11.3737
10.2153 90000375600000072 90000375600000071 90000375600000105 90000375600000070 2.44422570455 -2.43376 -62.3211 -20.1692
10.2412 90000375600000071 90000375600000070 90000375600000105 90000375600000069 2.31611074396 -3.16731 -59.4971 -22.7151
10.2952 90000375600000070 90000375600000069 90000375600000105 90000375600000068 2.20792547238 -4.10504 -59.3584 -46.0645
10.3381 90000375600000069 90000375600000068 90000375600000105 90000375600000067 2.1032696526 0.228817 -61.0497 -40.4042
10.3721 90000375600000068 90000375600000067 90000375600000105 90000375600000066 2.00202813925 -0.625761 -56.5171 -39.6823
10.3811 90000375600000067 90000375600000066 90000375600000105 90000375600000065 1.90408954353 -4.08229 -55.0149 -26.6242
10.4042 90000375600000066 90000375600000065 90000375600000105 90000375600000064 1.82268925262 4.8132 -66.5712 -5.35586
10.4045 90000375600000065 90000375600000064 90000375600000105 90000375600000063 1.74357057433 -4.54663 -58.4058 -20.8725
10.4361 90000375600000064 90000375600000063 90000375600000105 90000375600000062 1.66666955611 -1.3531 -60.51 -19.803
10.4455 90000375600000063 90000375600000062 90000375600000105 90000375600000061 1.60423452207 -6.11419 -58.0746 -37.4908
10.4564 90000375600000062 90000375600000061 90000375600000105 90000375600000060 1.53123902916 0.2239 -54.5064 -31.6509
10.4661 90000375600000061 90000375600000053 90000375600000105 90000375600000052 1.11415056377 -3.12722 -67.3013 -27.2978
10.4756 90000375600000053 90000375600000052 90000375600000105 90000375600000051 1.07445789455 1.93119 -73.6803 -22.359
10.4881 90000375600000052 90000375600000051 90000375600000105 90000375600000050 1.03551044566 2.28221 -87.8002 -11.251
10.4948 90000375600000051 90000375600000050 90000375600000105 90000375600000049 0.997294225782 1.36235 -89.8344 -3.98659
10.4984 90000375600000050 90000375600000049 90000375600000105 90000375600000048 0.987852810816 0.21829 -88.0217 -13.4367
10.5067 90000375600000049 90000375600000048 90000375600000105 90000375600000047 0.950531351585 0.018849 -95.3114 -4.70706
10.5169 90000375600000048 90000375600000047 90000375600000105 90000375600000046 0.923000816178 6.26351 -99.1897 -1.77085
10.5188 90000375600000047 90000375600000046 90000375600000105 90000375600000045 0.886896937575 6.2736 -103.269 6.13318
10.5237 90000375600000046 90000375600000045 90000375600000105 90000375600000044 0.851470900625 6.04458 -105.584 4.6177
10.5268 90000375600000045 90000375600000044 90000375600000105 90000375600000043 0.816709979012 1.25091 -92.2486 -3.20119
10.5468 90000375600000044 90000375600000043 90000375600000105 90000375600000042 0.791068248946 1.89564 -107.556 3.44578
10.5514 90000375600000043 90000375600000042 90000375600000105 90000375600000041 0.757441372616 3.42057 -94.2779 1.47912
10.5527 90000375600000042 90000375600000041 90000375600000105 90000375600000040 0.732636182022 0.0453667 -86.7485 -7.95152
10.5599 90000375600000041 90000375600000040 90000375600000105 90000375600000039 0.700106353719 3.35562 -81.667 -8.96394
10.5645 90000375600000040 90000375600000038 90000375600000105 90000375600000037 0.644641840685 -2.96169 -79.9347 -19.9564
10.5809 90000375600000038 90000375600000037 90000375600000105 90000375600000036 0.621428745243 5.09444 -77.4314 -2.08771
10.5882 90000375600000037 90000375600000036 90000375600000105 90000375600000035 0.598543288188 16.593 -80.6181 5.75053
10.5961 90000375600000036 90000375600000035 90000375600000105 90000375600000034 0.575980845108 37.2149 -83.1784 29.3652
10.5994 90000375600000035 90000375600000034 90000375600000105 90000375600000033 0.546392183141 59.5516 -66.3626 49.8944
10.6101 90000375600000034 90000375600000033 90000375600000105 90000375600000032 0.524565820434 60.8912 -54.0206 33.7333
10.6213 90000375600000033 90000375600000032 90000375600000105 90000375600000031 0.503047523245 72.5648 -61.8372 50.3522
10.6241 90000375600000032 90000375600000029 90000375600000105 90000375600000028 0.440297849248 85.8084 -57.3103 61.9225
10.6308 90000375600000029 90000375600000028 90000375600000105 90000375600000027 0.419968941997 92.7468 -55.8447 63.9743
10.6398 90000375600000028 90000375600000026 90000375600000105 90000375600000025 0.38016786726 99.8276 -63.5089 69.8896
10.6458 90000375600000026 90000375600000022 90000375600000105 90000375600000021 0.310074120128 91.6649 -68.9934 72.0462
10.6536 90000375600000022 90000375600000021 90000375600000105 90000375600000020 0.291583239722 96.4182 -62.626 86.6483
10.6761 90000375600000021 90000375600000020 90000375600000105 90000375600000019 0.273353346578 106.02 -44.0167 92.6246
10.6953 90000375600000020 90000375600000019 90000375600000105 90000375600000018 0.261343256161 94.4909 -39.7956 106.497
10.6981 90000375600000019 90000375600000018 90000375600000105 90000375600000017 0.243540181555 105.634 -15.7438 135.514
10.7173 90000375600000018 90000375600000017 90000375600000105 90000375600000016 0.22598838626 101.351 -55.7603 140.293
10.7287 90000375600000017 90000375600000016 90000375600000105 90000375600000015 0.214425035514 109.305 -24.5805 178.74
10.7578 90000375600000016 90000375600000015 90000375600000105 90000375600000014 0.197284182376 108.407 2.28392 207.092
10.7607 90000375600000015 90000375600000014 90000375600000105 90000375600000013 0.180385261706 111.049 -4.74899 209.737
10.7859 90000375600000014 90000375600000013 90000375600000105 90000375600000012 0.169252033244 79.0434 -81.4204 217.806
10.8338 90000375600000013 90000375600000012 90000375600000105 90000375600000011 0.152748768902 53.8737 -108.998 282.586
10.8699 90000375600000012 90000375600000011 90000375600000105 90000375600000010 0.14187620397 26.6207 -146.356 317.298
10.8779 90000375600000011 90000375600000010 90000375600000105 90000375600000009 0.125759332411 30.5064 -123.63 315.171
10.9369 90000375600000010 90000375600000009 90000375600000105 90000375600000008 0.109869940459 -11.137 -91.3039 330.093
10.9792 90000375600000009 90000375600000008 90000375600000105 90000375600000007 0.0994018026302 -43.5627 -144.351 340.985
11.0278 90000375600000008 90000375600000007 90000375600000105 90000375600000006 0.0838844307975 -58.9566 -122.898 360.832
11.0451 90000375600000007 90000375600000006 90000375600000105 90000375600000005 0.0736613846564 -40.7805 -106.886 388.699
11.0826 90000375600000006 90000375600000005 90000375600000105 90000375600000004 0.0585073227945 -38.9775 -125.922 412.951
11.1119 90000375600000005 90000375600000004 90000375600000105 90000375600000003 0.0485236299818 -39.0023 -95.3207 413.237
9.00012 90000375600000126 90000375600000125 90000375600000133 90000375600000124 6.85511726265 2.14951 -5.43717 -0.47349
9.18376 90000375600000125 90000375600000124 90000375600000133 90000375600000123 6.49159774567 -27.0694 -4.4652 8.61547
9.0066 90000375600000144 90000375600000143 90000375600000149 90000375600000142 6.14490120342 12.4987 -0.0601342 5.57421
9.09637 90000375600000143 90000375600000141 90000375600000149 90000375600000140 5.84661374788 8.56124 -1.13774 16.811
9.2361 90000375600000141 90000375600000140 90000375600000149 90000375600000139 5.52976580795 5.65855 0.59916 17.163
9.38141 90000375600000140 90000375600000139 90000375600000149 90000375600000138 5.22758097313 3.31588 -3.15784 12.188
9.42527 90000375600000139 90000375600000138 90000375600000149 90000375600000137 4.99593346816 -7.85159 3.56851 8.48321
9.49951 90000375600000138 90000375600000137 90000375600000149 90000375600000136 4.93938066349 -14.4634 -3.12706 7.34865
10.1638 90000375600000161 90000375600000160 90000375600000180 90000375600000079 3.93726108473 7.2128 -43.9041 -0.824109
9.00337 90000375600000277 90000375600000276 90000375600000287 90000375600000275 6.14490120342 -3.54497 -1.75475 -0.44151
9.03763 90000375600000276 90000375600000275 90000375600000287 90000375600000274 6.01075739884 -3.39658 -1.1826 0.587512
9.04062 90000375600000275 90000375600000274 90000375600000287 90000375600000273 5.84661374788 -5.94412 0.384579 -0.258871
9.04945 90000375600000274 90000375600000273 90000375600000287 90000375600000272 5.52976580795 -5.66698 0.635092 0.581924
9.06378 90000375600000273 90000375600000272 90000375600000287 90000375600000271 5.22758097313 -6.13337 -1.48316 0.71914
9.09637 90000375600000272 90000375600000271 90000375600000287 90000375600000270 4.99593346816 -10.0667 -0.549635 0.402122
9.13634 90000375600000271 90000375600000270 90000375600000287 90000375600000269 4.93938066349 -12.6198 -0.781073 0.407854
9.14344 90000375600000270 90000375600000269 90000375600000287 90000375600000268 4.66451770247 -10.7273 -1.51756 -0.821731
9.17512 90000375600000269 90000375600000268 90000375600000287 90000375600000267 4.42803373661 -10.1409 -2.30094 -1.11185
9.21272 90000375600000268 90000375600000267 90000375600000287 90000375600000266 4.17683491473 -3.94476 1.76547 -1.17482
9.23229 90000375600000267 90000375600000266 90000375600000287 90000375600000265 4.00794511147 -6.16276 3.69349 1.96966
9.2929 90000375600000266 90000375600000265 90000375600000287 90000375600000264 3.93726108473 -3.42967 4.22569 2.70729
9.32958 90000375600000265 90000375600000264 90000375600000287 90000375600000263 3.70877426464 -8.06266 2.99294 5.97344
9.33716 90000375600000264 90000375600000263 90000375600000287 90000375600000262 3.49086136926 -1.89351 1.98011 5.34218
9.38141 90000375600000263 90000375600000262 90000375600000287 90000375600000261 3.28303305796 -6.82777 -2.41409 0.109681
9.38681 90000375600000262 90000375600000261 90000375600000287 90000375600000260 3.08482263583 -2.63596 -2.44084 -0.84723
9.41156 90000375600000261 90000375600000259 90000375600000287 90000375600000258 2.89578500573 -5.87158 -1.85316 0.178916
9.03463 90000375600000340 90000375600000339 90000375600000366 90000375600000338 2.73314261732 -7.5896 -10.4495 -4.29912
9.06378 90000375600000339 90000375600000338 90000375600000366 90000375600000337 2.5772902716 -4.18639 -6.88809 -5.62598
9.08309 90000375600000338 90000375600000336 90000375600000366 90000375600000335 2.31611074396 -7.07174 -7.09253 -4.7055
9.11681 90000375600000336 90000375600000335 90000375600000366 90000375600000334 2.20792547238 -6.62321 -8.94819 -4.98214
9.14578 90000375600000335 90000375600000334 90000375600000366 90000375600000333 2.1032696526 -9.02908 -9.1328 -7.2743
9.15042 90000375600000334 90000375600000330 90000375600000366 90000375600000329 1.74357057433 -10.4726 1.25837 -14.1488
9.15042 90000375600000330 90000375600000329 90000375600000366 90000375600000328 1.66666955611 -9.51588 -0.0100425 -13.6286
9.15042 90000375600000329 90000375600000325 90000375600000366 90000375600000324 1.41409822037 -5.43887 -2.61402 -3.01025
9.1663 90000375600000325 90000375600000324 90000375600000366 90000375600000323 1.3575766674 -6.16422 2.0351 -9.44792
9.0316 90000375600000615 90000375600000614 90000375600000637 90000375600000613 1.11415056377 -3.7719 23.8776 4.97926
9.04358 90000375600000614 90000375600000612 90000375600000637 90000375600000611 1.03551044566 -0.403579 18.5516 3.58891
9.17293 90000375600000612 90000375600000609 90000375600000637 90000375600000608 0.950531351585 22.8323 11.2857 7.4594
9.18162 90000375600000609 90000375600000608 90000375600000637 90000375600000607 0.923000816178 23.5234 13.2127 8.44725
9.22457 90000375600000608 90000375600000607 90000375600000637 90000375600000606 0.886896937575 25.0943 16.646 6.41567
9.2342 90000375600000607 90000375600000605 90000375600000637 90000375600000604 0.816709979012 27.356 8.62669 6.9768
9.26187 90000375600000605 90000375600000603 90000375600000637 90000375600000602 0.757441372616 20.8607 11.6632 0.508075
