logMh | fpID | subhaloID | main leaf ID | descID |  z
9.00012 90000020300000106 90000020300000105 90000020300000108 90000020300000104 10.9190331982 -6.85141 6.42001 7.90051
9.07766 90000020300000105 90000020300000104 90000020300000108 90000020300000103 10.3674435724 -5.92061 6.1573 4.44224
9.11431 90000020300000104 90000020300000103 90000020300000108 90000020300000102 9.99659046619 -4.81269 4.7624 5.27469
9.20055 90000020300000103 90000020300000102 90000020300000108 90000020300000101 9.84138043947 -3.28199 2.69876 -0.41628
9.24918 90000020300000102 90000020300000101 90000020300000108 90000020300000100 9.38877127194 -1.19854 -0.404331 -6.00847
9.29124 90000020300000101 90000020300000100 90000020300000108 90000020300000099 9.00233985416 -1.27389 1.52923 -9.57395
9.33415 90000020300000100 90000020300000099 90000020300000108 90000020300000098 8.9079991856 -1.94014 0.557096 -9.32485
9.43856 90000020300000099 90000020300000098 90000020300000108 90000020300000097 8.44947629437 -3.07547 -3.17386 -10.0365
9.59807 90000020300000098 90000020300000097 90000020300000108 90000020300000096 8.01217294887 0.965095 -7.00655 -6.90609
9.69317 90000020300000097 90000020300000096 90000020300000108 90000020300000095 7.59510714987 6.04471 1.50552 -8.7073
9.74725 90000020300000096 90000020300000095 90000020300000108 90000020300000094 7.23627606617 10.7835 1.37069 -13.323
9.78636 90000020300000095 90000020300000094 90000020300000108 90000020300000093 7.00541704554 14.246 2.44643 -13.6185
9.81378 90000020300000094 90000020300000093 90000020300000108 90000020300000092 6.85511726265 14.1073 -0.885037 -10.0701
9.86348 90000020300000093 90000020300000092 90000020300000108 90000020300000091 6.49159774567 14.9745 -2.57801 -13.4897
9.88868 90000020300000092 90000020300000091 90000020300000108 90000020300000090 6.14490120342 13.0591 1.29532 -11.7391
9.89704 90000020300000091 90000020300000090 90000020300000108 90000020300000089 6.01075739884 13.7479 2.67195 -8.16035
9.91409 90000020300000090 90000020300000089 90000020300000108 90000020300000088 5.84661374788 8.46075 3.99459 -2.31315
9.9932 90000020300000089 90000020300000088 90000020300000108 90000020300000087 5.52976580795 8.06072 -0.487085 13.1964
10.1495 90000020300000088 90000020300000087 90000020300000108 90000020300000086 5.22758097313 -6.71241 -2.33232 39.6123
10.2259 90000020300000087 90000020300000086 90000020300000108 90000020300000085 4.99593346816 -9.73662 -9.54804 62.6668
10.255 90000020300000086 90000020300000085 90000020300000108 90000020300000084 4.93938066349 -20.9023 -15.2436 60.6344
10.4052 90000020300000085 90000020300000084 90000020300000108 90000020300000083 4.66451770247 -17.7618 -6.85029 70.3625
10.4589 90000020300000084 90000020300000083 90000020300000108 90000020300000082 4.42803373661 -17.2497 1.01098 83.9833
10.704 90000020300000083 90000020300000082 90000020300000108 90000020300000081 4.17683491473 -137.906 32.6441 147.579
10.7652 90000020300000082 90000020300000081 90000020300000108 90000020300000080 4.00794511147 -132.85 33.4051 144.963
10.766 90000020300000081 90000020300000080 90000020300000108 90000020300000079 3.93726108473 -132.471 25.8283 140.739
10.8152 90000020300000080 90000020300000079 90000020300000108 90000020300000078 3.70877426464 -105.918 22.9585 123.03
10.8701 90000020300000079 90000020300000078 90000020300000108 90000020300000077 3.49086136926 -43.3364 -2.76368 124.432
10.894 90000020300000078 90000020300000077 90000020300000108 90000020300000076 3.28303305796 -16.7192 -24.5559 109.86
10.9585 90000020300000077 90000020300000076 90000020300000108 90000020300000075 3.08482263583 -9.79671 -93.3466 94.0662
11.0078 90000020300000076 90000020300000075 90000020300000108 90000020300000074 3.00813107163 24.2309 -120.14 132.687
11.0145 90000020300000075 90000020300000074 90000020300000108 90000020300000073 2.89578500573 23.3578 -71.3707 146.394
11.1031 90000020300000074 90000020300000073 90000020300000108 90000020300000072 2.73314261732 12.6192 57.5627 316.62
11.1457 90000020300000073 90000020300000072 90000020300000108 90000020300000071 2.5772902716 -21.0733 42.4398 359.338
11.1858 90000020300000072 90000020300000071 90000020300000108 90000020300000070 2.44422570455 -30.6555 76.6166 367.312
11.2086 90000020300000071 90000020300000069 90000020300000108 90000020300000068 2.20792547238 -21.5684 90.0907 349.022
11.2115 90000020300000069 90000020300000066 90000020300000108 90000020300000065 1.90408954353 -1.46901 63.1775 283.25
11.2366 90000020300000066 90000020300000065 90000020300000108 90000020300000064 1.82268925262 29.9784 86.3415 282.638
11.2402 90000020300000065 90000020300000062 90000020300000108 90000020300000061 1.60423452207 3.45758 147.427 208.117
11.2458 90000020300000062 90000020300000061 90000020300000108 90000020300000060 1.53123902916 -20.3462 149.146 172.023
11.249 90000020300000061 90000020300000060 90000020300000108 90000020300000059 1.47197484527 -8.11278 190.894 166.906
11.271 90000020300000060 90000020300000059 90000020300000108 90000020300000058 1.41409822037 49.2618 284.05 188.711
11.283 90000020300000059 90000020300000058 90000020300000108 90000020300000057 1.3575766674 40.0475 287.346 189.603
11.2845 90000020300000058 90000020300000057 90000020300000108 90000020300000056 1.30237845991 68.7293 291.576 193.737
11.2958 90000020300000057 90000020300000056 90000020300000108 90000020300000055 1.24847261425 44.1686 273.439 179.521
11.2986 90000020300000056 90000020300000055 90000020300000108 90000020300000054 1.20625808078 36.0593 284.954 192.42
11.3141 90000020300000055 90000020300000054 90000020300000108 90000020300000053 1.15460271236 46.9917 288.189 193.071
11.3312 90000020300000054 90000020300000053 90000020300000108 90000020300000052 1.11415056377 55.3539 253.186 197.634
11.3374 90000020300000053 90000020300000052 90000020300000108 90000020300000051 1.07445789455 56.9779 260.969 190.098
11.3426 90000020300000052 90000020300000051 90000020300000108 90000020300000050 1.03551044566 49.7178 254.628 164.326
11.3539 90000020300000051 90000020300000050 90000020300000108 90000020300000049 0.997294225782 55.4885 239.667 146.371
11.3647 90000020300000050 90000020300000049 90000020300000108 90000020300000048 0.987852810816 25.9085 217.638 132.265
11.3649 90000020300000049 90000020300000048 90000020300000108 90000020300000047 0.950531351585 49.2462 176.718 150.916
11.3756 90000020300000048 90000020300000047 90000020300000108 90000020300000046 0.923000816178 51.1883 169.306 148.961
11.3802 90000020300000047 90000020300000046 90000020300000108 90000020300000045 0.886896937575 63.6773 176.064 153.525
11.4001 90000020300000046 90000020300000045 90000020300000108 90000020300000044 0.851470900625 36.4397 134.973 112.886
11.4061 90000020300000045 90000020300000044 90000020300000108 90000020300000043 0.816709979012 15.2325 124.658 85.9494
11.4146 90000020300000044 90000020300000043 90000020300000108 90000020300000042 0.791068248946 13.7797 114.475 72.817
11.428 90000020300000043 90000020300000042 90000020300000108 90000020300000041 0.757441372616 -0.707629 100.327 81.6778
11.4362 90000020300000042 90000020300000041 90000020300000108 90000020300000040 0.732636182022 9.66259 115.493 81.7459
11.4421 90000020300000041 90000020300000040 90000020300000108 90000020300000039 0.700106353719 21.3167 138.09 102.884
11.455 90000020300000040 90000020300000039 90000020300000108 90000020300000038 0.676110411213 47.143 185.704 117.005
11.4666 90000020300000039 90000020300000038 90000020300000108 90000020300000037 0.644641840685 55.6231 195.357 113.648
11.475 90000020300000038 90000020300000037 90000020300000108 90000020300000036 0.621428745243 76.1789 232.389 124.693
11.4851 90000020300000037 90000020300000036 90000020300000108 90000020300000035 0.598543288188 64.2056 236.224 114.832
11.4908 90000020300000036 90000020300000035 90000020300000108 90000020300000034 0.575980845108 88.8211 279.839 134.905
11.493 90000020300000035 90000020300000034 90000020300000108 90000020300000033 0.546392183141 92.1263 324.604 149.711
11.4986 90000020300000034 90000020300000033 90000020300000108 90000020300000032 0.524565820434 114.923 361.394 162.992
11.4991 90000020300000033 90000020300000032 90000020300000108 90000020300000031 0.503047523245 109.279 363.659 173.655
11.5034 90000020300000032 90000020300000031 90000020300000108 90000020300000030 0.481832943421 104.173 365.555 165.426
11.5081 90000020300000031 90000020300000030 90000020300000108 90000020300000029 0.460917794181 115.987 371.177 176.369
11.5106 90000020300000030 90000020300000029 90000020300000108 90000020300000028 0.440297849248 111.069 365.457 165.673
11.5142 90000020300000029 90000020300000028 90000020300000108 90000020300000027 0.419968941997 98.4305 366.7 151.691
11.5173 90000020300000028 90000020300000027 90000020300000108 90000020300000026 0.399926964614 88.4861 362.567 140.275
11.5244 90000020300000027 90000020300000026 90000020300000108 90000020300000025 0.38016786726 102.019 364.709 145.757
11.5286 90000020300000026 90000020300000025 90000020300000108 90000020300000024 0.360687657262 88.3218 355.848 142.422
11.534 90000020300000025 90000020300000023 90000020300000108 90000020300000022 0.328829724206 81.4764 333.928 143.017
11.5397 90000020300000023 90000020300000022 90000020300000108 90000020300000021 0.310074120128 90.4153 339.293 135.225
11.5431 90000020300000022 90000020300000021 90000020300000108 90000020300000020 0.291583239722 80.9118 327.711 123.893
11.5524 90000020300000021 90000020300000020 90000020300000108 90000020300000019 0.273353346578 87.0751 337.777 132.64
11.5539 90000020300000020 90000020300000019 90000020300000108 90000020300000018 0.261343256161 84.9088 335.014 129.511
11.5567 90000020300000019 90000020300000018 90000020300000108 90000020300000017 0.243540181555 65.0608 338.108 131.871
11.561 90000020300000018 90000020300000017 90000020300000108 90000020300000016 0.22598838626 87.0967 366.206 129.201
11.564 90000020300000017 90000020300000016 90000020300000108 90000020300000015 0.214425035514 73.4006 348.331 140.639
11.565 90000020300000016 90000020300000015 90000020300000108 90000020300000014 0.197284182376 71.4231 332.165 127.735
11.5703 90000020300000015 90000020300000014 90000020300000108 90000020300000013 0.180385261706 55.1996 342.482 111.275
11.5731 90000020300000014 90000020300000012 90000020300000108 90000020300000011 0.152748768902 65.2923 351.629 109.056
11.5765 90000020300000012 90000020300000011 90000020300000108 90000020300000010 0.14187620397 61.3834 349.802 112.103
11.5782 90000020300000011 90000020300000010 90000020300000108 90000020300000009 0.125759332411 64.269 348.02 113.484
11.5844 90000020300000010 90000020300000008 90000020300000108 90000020300000007 0.0994018026302 68.4828 360.345 113.199
11.5864 90000020300000008 90000020300000006 90000020300000108 90000020300000005 0.0736613846564 67.3464 376.666 97.8157
11.5922 90000020300000006 90000020300000005 90000020300000108 90000020300000004 0.0585073227945 83.0658 369.678 107.463
11.5958 90000020300000005 90000020300000004 90000020300000108 90000020300000003 0.0485236299818 85.5814 403.515 95.6326
11.5985 90000020300000004 90000020300000003 90000020300000108 90000020300000002 0.0337243718735 84.6775 409.434 85.8217
11.6029 90000020300000003 90000020300000002 90000020300000108 90000020300000001 0.0239744283828 93.5917 418.334 85.7294
11.6034 90000020300000002 90000020300000001 90000020300000108 90000020300000000 0.00952166696794 145.091 469.449 95.5888
11.6056 90000020300000001 90000020300000000 90000020300000108 -1 2.22044604925e-16 103.993 413.387 101.164
9.00337 90000020300000140 90000020300000139 90000020300000147 90000020300000138 7.23627606617 8.0221 -7.1108 -8.24195
9.17729 90000020300000139 90000020300000138 90000020300000147 90000020300000137 7.00541704554 7.06076 1.00412 0.773733
9.28788 90000020300000138 90000020300000137 90000020300000147 90000020300000136 6.85511726265 6.80545 4.0798 4.84396
9.31083 90000020300000137 90000020300000136 90000020300000147 90000020300000135 6.49159774567 6.53225 -3.46406 1.34063
9.04653 90000020300000169 90000020300000168 90000020300000173 90000020300000167 8.9079991856 -4.60949 6.83983 -3.09335
9.23988 90000020300000168 90000020300000166 90000020300000173 90000020300000165 8.01217294887 -2.05928 8.53101 2.29838
9.4026 90000020300000166 90000020300000165 90000020300000173 90000020300000164 7.59510714987 -1.26707 0.468177 -5.96478
9.40646 90000020300000165 90000020300000164 90000020300000173 90000020300000163 7.23627606617 -11.0856 0.0574171 5.23915
9.48799 90000020300000164 90000020300000162 90000020300000173 90000020300000161 6.85511726265 1.71181 1.81991 0.365036
9.49536 90000020300000162 90000020300000159 90000020300000173 90000020300000158 6.01075739884 -9.43746 4.14168 2.93874
9.50055 90000020300000159 90000020300000158 90000020300000173 90000020300000157 5.84661374788 -6.73418 3.42297 1.69927
9.51575 90000020300000158 90000020300000157 90000020300000173 90000020300000156 5.52976580795 -7.64253 7.44574 -0.433906
9.1573 90000020300000198 90000020300000197 90000020300000205 90000020300000196 8.44947629437 -7.08729 2.68208 -2.15322
9.39871 90000020300000197 90000020300000196 90000020300000205 90000020300000195 8.01217294887 -0.140346 5.80099 -0.0339066
9.59227 90000020300000196 90000020300000195 90000020300000205 90000020300000194 7.59510714987 -26.2023 17.7531 -3.93102
9.61266 90000020300000195 90000020300000194 90000020300000205 90000020300000193 7.23627606617 -23.3601 15.0038 -4.11348
10.027 90000020300000194 90000020300000190 90000020300000205 90000020300000189 6.14490120342 -68.7096 65.8046 1.55521
10.068 90000020300000190 90000020300000189 90000020300000205 90000020300000188 6.01075739884 -68.1611 61.3397 2.95122
10.1488 90000020300000189 90000020300000188 90000020300000205 90000020300000187 5.84661374788 -61.9398 59.452 15.8
10.2012 90000020300000188 90000020300000187 90000020300000205 90000020300000186 5.52976580795 -70.1292 53.2053 14.7273
10.2921 90000020300000187 90000020300000186 90000020300000205 90000020300000185 5.22758097313 -57.5154 46.0632 8.11787
10.3194 90000020300000186 90000020300000184 90000020300000205 90000020300000183 4.93938066349 -56.5444 48.4437 9.49901
9.09637 90000020300000247 90000020300000246 90000020300000251 90000020300000245 9.38877127194 0.618366 1.18237 6.21559
9.21869 90000020300000246 90000020300000245 90000020300000251 90000020300000244 9.00233985416 0.828488 5.99346 -4.5158
9.27072 90000020300000245 90000020300000244 90000020300000251 90000020300000243 8.9079991856 0.424014 7.21226 -5.677
9.33111 90000020300000244 90000020300000242 90000020300000251 90000020300000241 8.01217294887 -1.3631 14.2516 -2.06143
9.44681 90000020300000242 90000020300000241 90000020300000251 90000020300000240 7.59510714987 0.396451 6.9729 -3.88958
9.55478 90000020300000241 90000020300000240 90000020300000251 90000020300000239 7.23627606617 -7.50998 7.94737 -12.2935
9.69712 90000020300000240 90000020300000239 90000020300000251 90000020300000238 7.00541704554 -8.00407 3.71653 -0.104145
9.14344 90000020300000354 90000020300000353 90000020300000355 90000020300000352 3.93726108473 2.82258 11.0833 -3.19181
9.08845 90000020300000486 90000020300000485 90000020300000490 90000020300000484 9.38877127194 -9.15079 7.40159 -0.776731
9.12178 90000020300000485 90000020300000484 90000020300000490 90000020300000483 9.00233985416 5.08182 2.60013 -0.85669
9.30763 90000020300000484 90000020300000483 90000020300000490 90000020300000482 8.9079991856 -3.83914 9.54098 -5.19746
9.39871 90000020300000483 90000020300000482 90000020300000490 90000020300000481 8.44947629437 -7.00379 15.591 -3.01244
9.49951 90000020300000482 90000020300000481 90000020300000490 90000020300000480 8.01217294887 -11.0706 16.5156 -4.23152
9.53044 90000020300000481 90000020300000479 90000020300000490 90000020300000478 7.23627606617 -12.5715 11.6972 4.07306
9.56999 90000020300000479 90000020300000478 90000020300000490 90000020300000477 7.00541704554 -9.0377 3.59579 11.7739
9.63061 90000020300000478 90000020300000477 90000020300000490 90000020300000476 6.85511726265 -11.6381 -1.41633 8.95368
9.71887 90000020300000477 90000020300000476 90000020300000490 90000020300000475 6.49159774567 -3.35901 -3.04082 9.06334
9.83958 90000020300000476 90000020300000475 90000020300000490 90000020300000474 6.14490120342 -25.626 -12.8163 4.7362
9.86259 90000020300000475 90000020300000474 90000020300000490 90000020300000473 6.01075739884 -24.3486 -13.3972 3.81803
9.88101 90000020300000474 90000020300000473 90000020300000490 90000020300000472 5.84661374788 -30.0065 -13.0556 1.28584
9.94072 90000020300000473 90000020300000472 90000020300000490 90000020300000471 5.52976580795 -27.5092 -11.0249 9.111
9.97074 90000020300000472 90000020300000471 90000020300000490 90000020300000470 5.22758097313 -21.9143 -4.90297 -2.45624
10.0069 90000020300000471 90000020300000470 90000020300000490 90000020300000469 4.99593346816 -21.4183 -6.72887 0.896711
10.0385 90000020300000470 90000020300000469 90000020300000490 90000020300000468 4.93938066349 -33.7107 -22.6293 -10.1121
10.0518 90000020300000469 90000020300000467 90000020300000490 90000020300000466 4.42803373661 -14.7261 -16.4126 18.5646
10.0629 90000020300000467 90000020300000465 90000020300000490 90000020300000464 4.00794511147 -11.3728 -22.0042 15.7986
10.0919 90000020300000465 90000020300000464 90000020300000490 90000020300000463 3.93726108473 -5.77637 -23.3375 21.5998
10.1093 90000020300000464 90000020300000463 90000020300000490 90000020300000462 3.70877426464 -7.38209 -22.7652 9.02186
9.02239 90000020300000499 90000020300000498 90000020300000506 90000020300000497 6.85511726265 5.51445 -3.56096 -13.7929
9.09637 90000020300000659 90000020300000658 90000020300000664 90000020300000657 9.38877127194 4.2082 5.88035 4.13423
9.17729 90000020300000658 90000020300000657 90000020300000664 90000020300000656 9.00233985416 4.68158 5.1383 2.86439
9.18589 90000020300000657 90000020300000656 90000020300000664 90000020300000655 8.9079991856 3.2859 7.13404 3.60992
9.33716 90000020300000656 90000020300000655 90000020300000664 90000020300000654 8.44947629437 7.55544 -1.0277 8.03073
9.38681 90000020300000655 90000020300000654 90000020300000664 90000020300000653 8.01217294887 5.12433 2.39239 2.70794
9.50363 90000020300000654 90000020300000653 90000020300000664 90000020300000652 7.59510714987 6.37535 -2.09067 -2.53665
9.61106 90000020300000653 90000020300000652 90000020300000664 90000020300000651 7.23627606617 -0.986561 9.00357 -3.26472
9.79166 90000020300000652 90000020300000651 90000020300000664 90000020300000650 7.00541704554 -11.0682 10.7675 -16.6283
9.84334 90000020300000651 90000020300000650 90000020300000664 90000020300000649 6.85511726265 -12.4733 18.7079 -11.4892
9.90034 90000020300000650 90000020300000649 90000020300000664 90000020300000648 6.49159774567 -16.9447 20.9199 -10.1173
9.96758 90000020300000649 90000020300000648 90000020300000664 90000020300000647 6.14490120342 -20.9916 18.4466 -4.19021
9.99651 90000020300000648 90000020300000647 90000020300000664 90000020300000646 6.01075739884 -22.0401 17.6694 -3.28158
10.0177 90000020300000647 90000020300000646 90000020300000664 90000020300000645 5.84661374788 -24.2691 18.0354 -0.524107
10.061 90000020300000646 90000020300000645 90000020300000664 90000020300000644 5.52976580795 -23.9155 21.3443 -2.99545
10.093 90000020300000645 90000020300000644 90000020300000664 90000020300000643 5.22758097313 -22.0324 17.551 -1.25432
10.1052 90000020300000644 90000020300000643 90000020300000664 90000020300000642 4.99593346816 -10.8359 23.0521 5.34695
10.1133 90000020300000643 90000020300000642 90000020300000664 90000020300000641 4.93938066349 -10.9413 19.5645 2.38029
10.1215 90000020300000642 90000020300000641 90000020300000664 90000020300000640 4.66451770247 -6.30733 12.2934 -2.53552
10.1956 90000020300000641 90000020300000640 90000020300000664 90000020300000639 4.42803373661 3.76124 32.8153 -5.72607
10.2226 90000020300000640 90000020300000639 90000020300000664 90000020300000638 4.17683491473 11.0724 43.4724 -26.5327
10.2635 90000020300000639 90000020300000638 90000020300000664 90000020300000637 4.00794511147 3.12673 45.254 -27.1684
10.2775 90000020300000638 90000020300000637 90000020300000664 90000020300000636 3.93726108473 0.748556 41.3111 -20.6628
10.3297 90000020300000637 90000020300000636 90000020300000664 90000020300000635 3.70877426464 -8.82228 44.8765 -27.27
10.3733 90000020300000636 90000020300000635 90000020300000664 90000020300000634 3.49086136926 -21.565 30.0899 -28.2589
9.08845 90000020300000682 90000020300000681 90000020300000688 90000020300000680 9.00233985416 -5.93837 -0.13982 1.17632
9.1573 90000020300000681 90000020300000678 90000020300000688 90000020300000677 8.01217294887 -4.18526 0.527629 1.9202
9.25101 90000020300000678 90000020300000677 90000020300000688 90000020300000676 7.59510714987 -4.66303 3.56178 8.56637
9.09637 90000020300000705 90000020300000704 90000020300000710 90000020300000703 5.52976580795 -9.61418 7.56773 11.2218
9.10671 90000020300000704 90000020300000703 90000020300000710 90000020300000702 5.22758097313 -10.27 9.39869 8.86396
9.09375 90000020300000742 90000020300000741 90000020300000747 90000020300000740 6.14490120342 -9.65768 -0.592387 10.0266
9.10157 90000020300000741 90000020300000739 90000020300000747 90000020300000738 5.84661374788 -6.17108 0.371503 9.74898
9.19013 90000020300000739 90000020300000738 90000020300000747 90000020300000737 5.52976580795 -8.10162 -2.61871 5.34326
9.21472 90000020300000738 90000020300000737 90000020300000747 90000020300000736 5.22758097313 -12.7129 -3.8036 6.38616
9.24362 90000020300000737 90000020300000734 90000020300000747 90000020300000733 4.66451770247 -11.0667 -2.42674 6.03381
9.19013 90000020300000788 90000020300000787 90000020300000799 90000020300000786 4.66451770247 -9.96223 -0.627961 -15.9593
9.24362 90000020300000787 90000020300000785 90000020300000799 90000020300000784 4.17683491473 -5.38278 -9.04682 -8.50554
9.24362 90000020300000785 90000020300000783 90000020300000799 90000020300000782 3.93726108473 -11.4055 -4.57041 -17.4716
9.02239 90000020300000906 90000020300000905 90000020300000929 90000020300000904 2.73314261732 1.99823 0.413193 -11.3877
9.04945 90000020300001153 90000020300001152 90000020300001157 90000020300001151 9.38877127194 3.2056 0.104589 -5.15844
9.17073 90000020300001152 90000020300001151 90000020300001157 90000020300001150 9.00233985416 4.40967 12.6207 -13.0991
9.40001 90000020300001151 90000020300001149 90000020300001157 90000020300001148 8.44947629437 9.21001 10.6199 -7.68802
9.4026 90000020300001149 90000020300001148 90000020300001157 90000020300001147 8.01217294887 10.3511 3.20222 -3.56372
9.65442 90000020300001148 90000020300001147 90000020300001157 90000020300001146 7.59510714987 -11.0402 2.84099 -35.9958
9.75133 90000020300001147 90000020300001146 90000020300001157 90000020300001145 7.23627606617 -9.31668 3.61649 -29.6206
9.78849 90000020300001146 90000020300001145 90000020300001157 90000020300001144 7.00541704554 -5.51542 0.787408 -17.7078
9.83099 90000020300001145 90000020300001144 90000020300001157 90000020300001143 6.85511726265 -6.41756 2.09688 -20.4635
9.88059 90000020300001144 90000020300001143 90000020300001157 90000020300001142 6.49159774567 -5.03411 10.3165 -11.7161
9.90565 90000020300001143 90000020300001142 90000020300001157 90000020300001141 6.14490120342 3.38412 14.0702 -12.2663
9.90808 90000020300001142 90000020300001141 90000020300001157 90000020300001140 6.01075739884 4.92641 14.0422 -10.3727
9.9208 90000020300001141 90000020300001140 90000020300001157 90000020300001139 5.84661374788 6.40256 9.47942 -7.87481
9.97938 90000020300001140 90000020300001139 90000020300001157 90000020300001138 5.52976580795 9.70122 12.3837 -2.68356
10.0114 90000020300001139 90000020300001138 90000020300001157 90000020300001137 5.22758097313 4.62103 14.9937 -7.12031
10.0683 90000020300001138 90000020300001137 90000020300001157 90000020300001136 4.99593346816 -17.3989 18.007 -23.8221
10.0735 90000020300001137 90000020300001136 90000020300001157 90000020300001135 4.93938066349 -17.4856 15.9692 -27.5474
10.1166 90000020300001136 90000020300001135 90000020300001157 90000020300001134 4.66451770247 -49.81 16.7523 -30.1153
10.1455 90000020300001135 90000020300001132 90000020300001157 90000020300001131 4.00794511147 -25.1441 -2.43337 -32.8687
10.1602 90000020300001132 90000020300001126 90000020300001157 90000020300001125 3.00813107163 -21.2083 -4.62193 -24.1466
10.165 90000020300001126 90000020300001125 90000020300001157 90000020300001124 2.89578500573 -24.6795 -3.48531 -23.4375
10.1749 90000020300001125 90000020300001124 90000020300001157 90000020300001123 2.73314261732 -27.0134 -4.75302 -19.8266
10.1861 90000020300001124 90000020300001123 90000020300001157 90000020300001122 2.5772902716 -24.8604 -7.86586 -22.6382
10.1903 90000020300001123 90000020300001122 90000020300001157 90000020300001121 2.44422570455 -30.2495 -8.01443 -20.8269
10.1972 90000020300001122 90000020300001121 90000020300001157 90000020300001120 2.31611074396 -34.56 -5.21025 -21.7113
10.2131 90000020300001121 90000020300001120 90000020300001157 90000020300001119 2.20792547238 -36.0031 -4.25402 -22.0079
10.2242 90000020300001120 90000020300001119 90000020300001157 90000020300001118 2.1032696526 -33.5976 -5.85587 -20.8152
10.238 90000020300001119 90000020300001118 90000020300001157 90000020300001117 2.00202813925 -34.1495 -6.28833 -20.4297
10.2406 90000020300001118 90000020300001117 90000020300001157 90000020300001116 1.90408954353 -28.7827 -7.4971 -22.55
10.2651 90000020300001117 90000020300001114 90000020300001157 90000020300001113 1.66666955611 -34.7329 5.79482 -23.633
9.01614 90000020300001192 90000020300001191 90000020300001198 90000020300001190 6.14490120342 -2.24525 -2.68845 4.37626
9.03463 90000020300001191 90000020300001187 90000020300001198 90000020300001186 5.22758097313 -5.03322 1.08583 3.46769
9.01298 90000020300001455 90000020300001454 90000020300001461 90000020300001453 6.14490120342 -4.12816 0.496826 -0.570948
9.03763 90000020300001454 90000020300001453 90000020300001461 90000020300001452 6.01075739884 -3.7014 -0.110324 1.69013
9.04945 90000020300001453 90000020300001452 90000020300001461 90000020300001451 5.84661374788 -2.40624 -0.987706 0.169067
9.08038 90000020300001452 90000020300001451 90000020300001461 90000020300001450 5.52976580795 -5.04357 -3.06919 -1.00312
9.15042 90000020300001451 90000020300001450 90000020300001461 90000020300001449 5.22758097313 -3.35456 -4.32796 -1.88998
9.1663 90000020300001450 90000020300001449 90000020300001461 90000020300001448 4.99593346816 0.45517 -2.92774 0.151351
9.19013 90000020300001449 90000020300001448 90000020300001461 90000020300001447 4.93938066349 0.908911 -3.66424 -0.286311
9.23037 90000020300001448 90000020300001447 90000020300001461 90000020300001446 4.66451770247 2.08674 -1.32223 1.44133
9.23037 90000020300001447 90000020300001446 90000020300001461 90000020300001445 4.42803373661 1.40239 0.790071 1.60645
9.2845 90000020300001446 90000020300001444 90000020300001461 90000020300001443 4.00794511147 1.92012 -0.65783 1.5583
9.38948 90000020300001444 90000020300001441 90000020300001461 90000020300001440 3.49086136926 -18.7278 -10.3418 10.0762
9.57175 90000020300001441 90000020300001440 90000020300001461 90000020300001439 3.28303305796 -44.5893 13.6761 28.1365
9.07216 90000020300001467 90000020300001466 90000020300001474 90000020300001465 4.17683491473 1.73085 -10.8585 23.0727
9.17729 90000020300001466 90000020300001463 90000020300001474 90000020300001462 3.70877426464 -8.48385 -3.82642 16.0085
9.01614 90000020300001659 90000020300001658 90000020300001669 90000020300001657 5.22758097313 7.10989 -0.737376 -3.02051
9.02855 90000020300001658 90000020300001657 90000020300001669 90000020300001656 4.99593346816 6.47565 -1.57606 -2.76203
9.05235 90000020300001657 90000020300001656 90000020300001669 90000020300001655 4.93938066349 7.62751 -0.00431199 -2.01893
9.26008 90000020300001656 90000020300001655 90000020300001669 90000020300001654 4.66451770247 18.963 25.2512 8.71355
9.26365 90000020300001655 90000020300001654 90000020300001669 90000020300001653 4.42803373661 -2.50226 7.48879 15.7657
9.38277 90000020300001654 90000020300001653 90000020300001669 90000020300001652 4.17683491473 -8.03214 13.4912 15.3455
9.4606 90000020300001653 90000020300001651 90000020300001669 90000020300001650 3.93726108473 -3.46669 17.7368 17.8463
9.53713 90000020300001651 90000020300001650 90000020300001669 90000020300001649 3.70877426464 0.042045 6.77102 15.2878
9.56021 90000020300001650 90000020300001649 90000020300001669 90000020300001648 3.49086136926 2.42406 8.2563 7.08411
9.58807 90000020300001649 90000020300001648 90000020300001669 90000020300001647 3.28303305796 5.35489 18.1503 8.74373
9.64416 90000020300001648 90000020300001647 90000020300001669 90000020300001646 3.08482263583 3.69255 15.7612 10.3134
9.65802 90000020300001647 90000020300001645 90000020300001669 90000020300001644 2.89578500573 -10.2687 29.6295 -7.06483
9.77389 90000020300001645 90000020300001644 90000020300001669 90000020300001643 2.73314261732 -4.97558 27.9714 -2.49534
9.80721 90000020300001644 90000020300001643 90000020300001669 90000020300001642 2.5772902716 -5.83415 23.1973 -8.65514
9.81827 90000020300001643 90000020300001642 90000020300001669 90000020300001641 2.44422570455 -10.2066 30.5465 -20.809
9.84893 90000020300001642 90000020300001641 90000020300001669 90000020300001640 2.31611074396 -2.16594 51.3523 -35.8257
9.88101 90000020300001641 90000020300001640 90000020300001669 90000020300001639 2.20792547238 -4.24497 25.76 -17.6786
9.88614 90000020300001640 90000020300001639 90000020300001669 90000020300001638 2.1032696526 6.28932 9.35527 -17.6368
9.89663 90000020300001639 90000020300001638 90000020300001669 90000020300001637 2.00202813925 -2.92085 17.7087 -19.0898
9.90565 90000020300001638 90000020300001632 90000020300001669 90000020300001631 1.53123902916 21.856 43.1126 -19.8846
9.93469 90000020300001632 90000020300001630 90000020300001669 90000020300001629 1.41409822037 38.5478 32.003 -26.0997
9.9396 90000020300001630 90000020300001629 90000020300001669 90000020300001628 1.3575766674 36.8959 36.1429 -26.7893
9.9463 90000020300001629 90000020300001628 90000020300001669 90000020300001627 1.30237845991 30.7373 41.8665 -20.7609
9.99187 90000020300001628 90000020300001627 90000020300001669 90000020300001626 1.24847261425 29.9385 25.5057 -36.1149
10.0034 90000020300001627 90000020300001625 90000020300001669 90000020300001624 1.15460271236 32.7335 35.3893 -39.1614
10.0218 90000020300001625 90000020300001624 90000020300001669 90000020300001623 1.11415056377 39.546 41.4662 -40.4017
9.10415 90000020300001763 90000020300001762 90000020300001776 90000020300001761 3.28303305796 11.5777 -4.47001 -2.56842
9.2929 90000020300001762 90000020300001761 90000020300001776 90000020300001760 3.08482263583 -17.9181 -5.75778 -1.65609
