logMh | fpID | subhaloID | main leaf ID | descID |  z
9.03463 3229422 3229421 3229425 3229420 9.00233985416 4.31116 -2.65572 3.76493
9.21472 3229421 3229418 3229425 3229417 8.01217294887 6.23295 -0.824688 -1.69188
9.36056 3229418 3229417 3229425 3229416 7.59510714987 6.74479 8.65424 -5.56226
9.42033 3229417 3229416 3229425 3229415 7.23627606617 6.52855 4.68235 -2.61084
9.46844 3229416 3229414 3229425 3229413 6.85511726265 8.31007 7.07618 -7.80673
9.58553 3229414 3229413 3229425 3229412 6.49159774567 1.73258 5.84262 -3.90451
9.5931 3229413 3229412 3229425 3229411 6.14490120342 1.64102 6.59313 -5.44238
9.61026 3229412 3229411 3229425 3229410 6.01075739884 2.51572 4.73452 -4.4687
9.61977 3229411 3229410 3229425 3229409 5.84661374788 2.63776 2.23578 -3.22588
9.69712 3229410 3229409 3229425 3229408 5.52976580795 10.3136 12.2777 -19.0351
9.79482 3229409 3229408 3229425 3229407 5.22758097313 7.42401 11.2989 -31.5686
9.85581 3229408 3229407 3229425 3229406 4.99593346816 2.31594 8.25433 -30.0393
9.87886 3229407 3229406 3229425 3229405 4.93938066349 -3.05113 0.409497 -33.1275
9.93621 3229406 3229405 3229425 3229404 4.66451770247 -0.587158 -4.22462 -30.0079
9.9396 3229405 3229404 3229425 3229403 4.42803373661 -1.64073 -11.8452 -26.9803
10.003 3229404 3229403 3229425 3229402 4.17683491473 -14.3766 -9.66213 -25.4988
10.4612 3229403 3229397 3229425 3229396 3.08482263583 -44.9293 58.4109 -43.7987
10.4855 3229397 3229396 3229425 3229395 3.00813107163 -9.02757 52.1604 -58.5527
10.5239 3229396 3229395 3229425 3229394 2.89578500573 2.81808 53.635 -65.8564
10.6268 3229395 3229393 3229425 3229392 2.5772902716 55.055 1.36168 -83.5479
10.6735 3229393 3229392 3229425 3229391 2.44422570455 36.3916 0.255537 -81.6021
10.7052 3229392 3229391 3229425 3229390 2.31611074396 -39.2547 1.67609 -45.6167
10.724 3229391 3229390 3229425 3229389 2.20792547238 -50.1347 -1.20745 -35.1415
10.7578 3229390 3229389 3229425 3229388 2.1032696526 -70.7901 8.92711 -27.3935
10.7954 3229389 3229388 3229425 3229387 2.00202813925 -83.6313 -9.93437 -15.4621
10.8442 3229388 3229387 3229425 3229386 1.90408954353 -37.9638 21.2036 9.80273
11.472 3229387 3229381 3229425 3229380 1.47197484527 -349.231 -82.8118 -162.912
11.4778 3229381 3229380 3229425 3229379 1.41409822037 -368.969 -80.2665 -166.336
11.5278 3229380 3229379 3229425 3229378 1.3575766674 -377.446 -53.0502 -204.861
11.5391 3229379 3229378 3229425 3229377 1.30237845991 -366.08 -30.3814 -209.349
11.5485 3229378 3229366 3229425 3229365 0.851470900625 216.783 -220.343 -242.995
11.556 3229366 3229365 3229425 3229364 0.816709979012 206.714 -223.214 -272.785
11.5662 3229365 3229364 3229425 3229363 0.791068248946 231.21 -226.733 -289.936
11.5722 3229364 3229363 3229425 3229362 0.757441372616 199.511 -207.669 -310.976
11.5812 3229363 3229362 3229425 3229361 0.732636182022 187.28 -195.969 -336.956
11.6105 3229362 3229354 3229425 3229353 0.524565820434 -205.472 2.06808 -469.644
11.6186 3229354 3229353 3229425 3229352 0.503047523245 -191.389 1.388 -436.096
11.625 3229353 3229352 3229425 3229351 0.481832943421 -149.245 -10.4182 -453.239
11.6314 3229352 3229351 3229425 3229350 0.460917794181 -144.868 -5.95373 -465.824
11.6337 3229351 3229350 3229425 3229349 0.440297849248 -166.347 33.2215 -462.135
9.00012 3229451 3229450 3229460 3229449 6.14490120342 -0.552315 1.41446 -5.70215
9.02855 3229450 3229447 3229460 3229446 5.52976580795 -3.76446 -4.88493 -4.81293
9.01928 3229483 3229482 3229490 3229481 7.00541704554 -2.34374 0.727807 -7.40767
9.1193 3229482 3229481 3229490 3229480 6.85511726265 -0.367531 0.291804 -5.6903
9.21869 3229481 3229480 3229490 3229479 6.49159774567 -0.218233 -0.687562 -4.50117
9.29951 3229480 3229479 3229490 3229478 6.14490120342 -5.41465 6.43713 -2.22479
9.33263 3229479 3229478 3229490 3229477 6.01075739884 -3.43627 6.26504 -0.928029
9.38412 3229478 3229477 3229490 3229476 5.84661374788 -5.14078 10.4853 -1.72479
9.46285 3229477 3229476 3229490 3229475 5.52976580795 1.85049 4.54497 -0.586867
9.54185 3229476 3229475 3229490 3229474 5.22758097313 -0.613215 16.8675 -4.51816
9.56468 3229475 3229474 3229490 3229473 4.99593346816 2.29508 14.9867 3.04589
9.64785 3229474 3229472 3229490 3229471 4.66451770247 -1.32879 12.1105 2.18745
9.72012 3229472 3229471 3229490 3229470 4.42803373661 5.72965 22.3251 13.6512
9.82857 3229471 3229470 3229490 3229469 4.17683491473 28.3614 17.5411 10.9263
9.91369 3229470 3229469 3229490 3229468 4.00794511147 16.1764 6.03231 12.5469
9.95797 3229469 3229468 3229490 3229467 3.93726108473 5.08302 -0.775678 18.515
10.0564 3229468 3229467 3229490 3229466 3.70877426464 -4.0945 -28.9835 6.9849
10.1497 3229467 3229466 3229490 3229465 3.49086136926 -18.0436 -2.68898 -2.67747
10.2453 3229466 3229465 3229490 3229397 3.28303305796 -27.8533 34.4 -12.8209
9.08038 3229573 3229572 3229582 3229571 5.22758097313 -1.3035 17.7336 -7.77251
9.08038 3229572 3229571 3229582 3229570 4.99593346816 -2.52882 -10.0571 -3.45779
9.17293 3229571 3229570 3229582 3229569 4.93938066349 -8.15099 -16.7002 -4.31004
9.3044 3229570 3229569 3229582 3229568 4.66451770247 -9.13637 -15.9147 -7.49165
9.42033 3229569 3229568 3229582 3229567 4.42803373661 2.02229 -38.7883 12.2631
9.42404 3229568 3229567 3229582 3229566 4.17683491473 3.16687 -35.811 8.43005
9.52948 3229567 3229566 3229582 3229565 4.00794511147 10.1186 -33.4537 17.2505
10.6015 3229566 3229559 3229582 3229393 2.73314261732 39.8166 23.919 -86.6441
9.07766 3229587 3229586 3229595 3229585 5.52976580795 -16.7305 -6.1392 -4.68957
9.26008 3229606 3229605 3229615 3229604 5.84661374788 22.8886 -22.1799 10.4031
9.01614 3229758 3229757 3229764 3229756 6.49159774567 -3.39413 -13.7572 -4.10524
9.0316 3229757 3229756 3229764 3229755 6.14490120342 1.04416 -14.4752 -2.71317
9.05811 3229756 3229755 3229764 3229754 6.01075739884 1.20544 -11.1419 -5.08653
9.08845 3229755 3229754 3229764 3229753 5.84661374788 -0.895077 -7.71741 -5.04865
9.11431 3229754 3229753 3229764 3229752 5.52976580795 -1.40069 -6.88495 -1.72259
9.11681 3229753 3229751 3229764 3229750 4.99593346816 -5.07839 -3.50424 2.13154
9.12912 3229751 3229750 3229764 3229749 4.93938066349 -0.623415 -3.58417 1.03558
9.1573 3229750 3229749 3229764 3229748 4.66451770247 -3.61881 -2.10739 -4.00932
9.16407 3229749 3229747 3229764 3229746 4.17683491473 -11.1623 -1.29208 1.65421
9.2361 3229747 3229746 3229764 3229745 4.00794511147 -7.9889 -2.44548 1.85401
9.34902 3229746 3229744 3229764 3229743 3.70877426464 2.47186 -0.881136 0.804169
9.37181 3229744 3229743 3229764 3229742 3.49086136926 -2.42453 -5.36735 2.5765
9.45376 3229743 3229742 3229764 3229741 3.28303305796 -14.3906 -3.14674 0.74609
9.46172 3229742 3229741 3229764 3229740 3.08482263583 -17.297 -3.46363 0.898686
11.4659 3229784 3229783 3229804 3229381 1.53123902916 -346.637 -94.2557 -161.731
9.24548 3229889 3229888 3229892 3229887 6.14490120342 8.21577 -3.16415 0.823262
9.25828 3229888 3229887 3229892 3229886 6.01075739884 2.27495 -2.4413 0.0645366
9.41909 3229887 3229886 3229892 3229885 5.84661374788 0.338453 8.79727 -11.8877
9.50973 3229886 3229885 3229892 3229884 5.52976580795 -6.5235 8.90761 -7.58279
9.51175 3229885 3229884 3229892 3229883 5.22758097313 -2.77775 9.6636 -7.13167
9.55841 3229884 3229883 3229892 3229882 4.99593346816 -5.25189 11.9547 -6.06804
9.56557 3229883 3229882 3229892 3229881 4.93938066349 -3.93554 9.23731 -7.08257
9.65586 3229882 3229881 3229892 3229880 4.66451770247 -5.01915 0.128557 5.75652
9.72813 3229881 3229880 3229892 3229879 4.42803373661 -8.024 0.363791 0.410002
9.73299 3229880 3229878 3229892 3229877 4.00794511147 -0.768108 1.30597 -14.4968
9.75822 3229878 3229877 3229892 3229876 3.93726108473 -1.34473 0.273661 -13.1691
9.79429 3229877 3229876 3229892 3229875 3.70877426464 -0.213599 10.4182 -12.0551
9.80003 3229876 3229875 3229892 3229874 3.49086136926 3.91704 5.97777 -5.22746
9.15042 3229968 3229967 3229984 3229966 2.20792547238 -4.00957 -19.7859 5.74207
9.15956 3229967 3229966 3229984 3229965 2.1032696526 -3.3421 -20.1384 7.04986
9.19433 3229966 3229964 3229984 3229963 1.90408954353 -6.61211 -11.9772 5.10764
9.2026 3229964 3229963 3229984 3229962 1.82268925262 -6.24617 -13.6254 4.91372
9.20668 3229963 3229961 3229984 3229960 1.66666955611 -4.96284 -10.5116 5.83996
9.02239 3230077 3230076 3230088 3230075 4.99593346816 -1.81164 -0.991601 2.03172
9.04358 3230076 3230075 3230088 3230074 4.93938066349 -2.78277 -0.794336 0.762068
9.20055 3230075 3230074 3230088 3230073 4.66451770247 3.56906 -2.31248 2.84786
9.30278 3230074 3230073 3230088 3230072 4.42803373661 -0.410424 -7.41972 7.12029
9.32187 3230073 3230072 3230088 3230071 4.17683491473 -1.14698 -5.99025 4.64619
9.34902 3230072 3230070 3230088 3230069 3.93726108473 -0.950511 -6.71876 4.14212
9.39871 3230070 3230069 3230088 3230068 3.70877426464 -0.492109 -6.68114 8.26856
9.40518 3230069 3230064 3230088 3230063 2.89578500573 -5.51812 0.321394 6.62093
9.44447 3230064 3230063 3230088 3230062 2.73314261732 -7.53858 -6.07007 7.18673
9.54928 3230063 3230062 3230088 3230061 2.5772902716 -24.734 -12.4941 16.6909
9.62985 3230062 3230061 3230088 3230060 2.44422570455 -31.2938 -19.7839 -1.67502
9.64564 3230061 3230060 3230088 3230059 2.31611074396 -27.1437 -18.1497 6.74155
9.66372 3230060 3230059 3230088 3230058 2.20792547238 -36.7299 -16.4504 7.59537
9.03763 3230119 3230118 3230131 3230117 3.70877426464 -15.636 0.974259 12.1377
9.05524 3230118 3230117 3230131 3230116 3.49086136926 -13.569 4.35903 4.97756
9.02548 3230237 3230236 3230247 3230235 9.00233985416 -1.77409 4.18633 -2.79915
9.07216 3230236 3230234 3230247 3230233 8.44947629437 -0.600573 3.6068 -2.86056
9.10671 3230234 3230233 3230247 3230232 8.01217294887 -0.728315 3.75521 0.19089
9.14108 3230233 3230232 3230247 3230231 7.59510714987 -1.96942 3.21773 3.5444
9.31717 3230232 3230228 3230247 3230227 6.49159774567 -5.45903 -4.68255 9.33641
9.48799 3230228 3230227 3230247 3230226 6.14490120342 -1.46397 -9.57945 10.1842
9.53713 3230227 3230225 3230247 3230224 5.84661374788 -2.07669 -11.6338 8.29785
9.57436 3230225 3230224 3230247 3230223 5.52976580795 -2.23123 -11.1067 11.2318
9.64416 3230224 3230223 3230247 3230222 5.22758097313 -5.8073 -1.44607 11.9953
9.66795 3230223 3230222 3230247 3230221 4.99593346816 -3.82541 -0.0343253 10.1803
9.6804 3230222 3230221 3230247 3230220 4.93938066349 -2.4196 -12.2819 13.3579
9.73118 3230221 3230220 3230247 3230219 4.66451770247 -5.72236 -4.64987 9.6244
9.81578 3230220 3230219 3230247 3230218 4.42803373661 -6.09909 -4.99445 5.72823
9.83673 3230219 3230218 3230247 3230217 4.17683491473 0.261863 -9.51121 -8.46687
9.95833 3230218 3230217 3230247 3230216 4.00794511147 15.1698 -27.8795 -12.8848
10.0152 3230217 3230216 3230247 3230215 3.93726108473 18.2164 -40.3944 -14.6832
10.2804 3230216 3230215 3230247 3230214 3.70877426464 130.385 -173.218 -67.5076
10.355 3230215 3230210 3230247 3230209 2.73314261732 59.1161 -113.473 -53.2017
10.4422 3230210 3230209 3230247 3230208 2.5772902716 71.517 -147.683 -65.174
10.5385 3230209 3230208 3230247 3230207 2.44422570455 56.6146 -125.44 -53.308
10.5859 3230208 3230207 3230247 3230206 2.31611074396 51.3923 -94.6262 -61.6992
10.7575 3230207 3230206 3230247 3230205 2.20792547238 69.2236 119.523 -33.9473
10.8989 3230206 3230205 3230247 3230204 2.1032696526 51.9046 176.223 14.7914
10.955 3230205 3230204 3230247 3230203 2.00202813925 30.2956 161.798 26.6681
11.0001 3230204 3230203 3230247 3230202 1.90408954353 34.7322 103.308 28.8701
11.0883 3230203 3230202 3230247 3230201 1.82268925262 -81.0028 22.7465 15.0879
11.1992 3230202 3230201 3230247 3230200 1.74357057433 -295.404 -157.2 -3.41973
11.2818 3230201 3230200 3230247 3230199 1.66666955611 -328.054 -140.455 -4.6725
11.3494 3230200 3230199 3230247 3230198 1.60423452207 -342.56 -130.283 -98.3759
9.04062 3230258 3230257 3230260 3230256 9.38877127194 12.3623 -0.0621033 -1.77448
9.04653 3230257 3230253 3230260 3230252 8.01217294887 8.5294 8.24246 0.0454074
9.09111 3230253 3230252 3230260 3230251 7.59510714987 3.51538 2.24508 -1.72303
9.19433 3230252 3230251 3230260 3230250 7.23627606617 1.00693 1.26651 4.09704
9.27072 3230251 3230250 3230260 3230249 7.00541704554 -3.51849 -3.98993 8.86755
9.16852 3230282 3230281 3230285 3230280 7.00541704554 6.91854 4.37115 7.84422
9.19433 3230281 3230280 3230285 3230279 6.85511726265 9.20006 4.23784 7.26478
9.24175 3230280 3230279 3230285 3230278 6.49159774567 7.12532 6.07814 4.34262
9.30923 3230279 3230277 3230285 3230276 6.01075739884 8.28708 9.92458 4.08515
9.32031 3230277 3230276 3230285 3230275 5.84661374788 3.61852 9.45221 6.06392
9.33415 3230276 3230271 3230285 3230270 4.66451770247 -1.63086 2.24434 8.44391
10.1777 3230271 3230263 3230285 3230212 3.08482263583 -2.38253 -37.0606 -40.0218
9.00337 3230312 3230311 3230323 3230310 6.01075739884 -5.64733 -4.14048 2.23503
9.02548 3230311 3230309 3230323 3230308 5.52976580795 -2.47714 -3.7659 5.77323
9.05524 3230309 3230307 3230323 3230306 4.99593346816 -8.43519 -5.24068 7.74341
9.09375 3230307 3230304 3230323 3230303 4.42803373661 -7.4632 -7.64648 13.5443
9.05235 3230369 3230368 3230374 3230367 8.44947629437 5.25209 6.72097 -2.78885
9.09375 3230368 3230367 3230374 3230366 8.01217294887 5.23773 3.18899 -1.64539
9.15956 3230367 3230366 3230374 3230365 7.59510714987 3.75174 3.78896 -2.69675
9.22651 3230366 3230365 3230374 3230364 7.23627606617 -0.807367 -0.352186 -3.57601
9.24175 3230365 3230364 3230374 3230363 7.00541704554 -2.21362 -1.20076 -2.79072
9.33866 3230364 3230362 3230374 3230361 6.49159774567 0.285329 -0.00687865 0.921872
9.41784 3230362 3230361 3230374 3230360 6.14490120342 -2.06506 0.543369 -3.72522
9.42527 3230361 3230360 3230374 3230359 6.01075739884 -3.35152 2.50184 2.15584
9.43617 3230360 3230359 3230374 3230358 5.84661374788 -3.93215 2.00974 4.92484
9.4549 3230359 3230358 3230374 3230357 5.52976580795 -7.62355 -4.44372 8.80106
9.51972 3230358 3230355 3230374 3230354 4.93938066349 -4.03293 -3.7393 8.92362
9.65224 3230355 3230354 3230374 3230353 4.66451770247 20.9487 -12.0127 -5.75079
9.70492 3230354 3230352 3230374 3230351 4.17683491473 18.6977 -12.0712 -13.716
9.96793 3230352 3230349 3230374 3230348 3.49086136926 -27.2915 -5.86569 -8.57738
9.99121 3230349 3230348 3230374 3230347 3.28303305796 -13.3114 -12.5671 -16.7253
9.19848 3230405 3230404 3230406 3230403 7.23627606617 4.16631 6.15332 -1.31266
9.37319 3230404 3230401 3230406 3230400 6.49159774567 9.06051 -0.638008 0.753558
9.40131 3230401 3230397 3230406 3230396 5.52976580795 -2.98438 -8.56094 -2.80615
9.46733 3230397 3230396 3230406 3230395 5.22758097313 -0.78437 -6.6291 0.201383
9.04358 3230482 3230481 3230502 3230480 3.08482263583 1.15317 -3.03645 4.8018
9.08578 3230481 3230480 3230502 3230479 3.00813107163 10.8294 -1.62819 14.5825
9.14344 3230616 3230615 3230619 3230614 9.99659046619 2.10369 -9.82354 1.51475
9.2361 3230615 3230610 3230619 3230609 8.44947629437 3.79325 -5.23947 0.808425
9.36763 3230610 3230609 3230619 3230608 8.01217294887 -0.520248 -17.7027 -1.14832
9.43617 3230609 3230608 3230619 3230607 7.59510714987 -4.49106 -17.7753 -3.62521
9.46285 3230608 3230606 3230619 3230605 7.00541704554 -1.16408 -14.2017 0.236827
9.49326 3230606 3230604 3230619 3230603 6.49159774567 2.62311 -10.1313 1.84818
9.51675 3230604 3230603 3230619 3230602 6.14490120342 3.38523 -13.7683 0.411933
9.52754 3230603 3230602 3230619 3230601 6.01075739884 4.59093 -7.17003 6.07324
9.59477 3230602 3230601 3230619 3230600 5.84661374788 8.79096 -12.1703 3.27547
9.59972 3230601 3230600 3230619 3230599 5.52976580795 7.36501 -7.2125 6.97179
9.61584 3230600 3230599 3230619 3230598 5.22758097313 0.367669 -3.76943 5.21509
9.7519 3230599 3230598 3230619 3230597 4.99593346816 -12.1302 5.46649 11.7484
9.76332 3230598 3230597 3230619 3230596 4.93938066349 -11.4578 5.54266 12.0978
9.79429 3230597 3230596 3230619 3230595 4.66451770247 -14.7211 -1.85902 19.8162
9.848 3230596 3230595 3230619 3230594 4.42803373661 -7.32279 7.55821 25.0103
9.90565 3230595 3230594 3230619 3230593 4.17683491473 0.873477 13.1254 21.5827
9.96191 3230594 3230593 3230619 3230592 4.00794511147 4.71534 19.4881 32.7183
9.97039 3230593 3230592 3230619 3230591 3.93726108473 7.25106 23.4098 27.4579
10.066 3230592 3230591 3230619 3230590 3.70877426464 4.95404 41.9038 22.8007
10.1816 3230591 3230590 3230619 3230589 3.49086136926 5.50482 66.8235 23.77
10.241 3230590 3230589 3230619 3230588 3.28303305796 10.3546 74.2273 27.3036
10.2684 3230589 3230588 3230619 3230587 3.08482263583 17.1072 73.9131 23.6491
10.2909 3230588 3230587 3230619 3230586 3.00813107163 13.8717 70.9097 37.8316
10.3765 3230587 3230585 3230619 3230584 2.73314261732 -23.7572 71.4248 40.3628
10.3973 3230585 3230584 3230619 3230583 2.5772902716 -34.6178 49.0983 47.8792
9.03463 3230694 3230693 3230699 3230692 4.99593346816 -8.72104 18.6566 -2.60656
9.04945 3230693 3230692 3230699 3230691 4.93938066349 -9.78938 18.0417 -5.25161
9.07492 3230692 3230690 3230699 3230689 4.42803373661 -9.09317 19.3281 -7.56893
9.0666 3230720 3230719 3230731 3230718 5.84661374788 1.783 -12.6111 13.7351
9.09375 3230719 3230717 3230731 3230716 5.22758097313 -4.36479 -4.71668 16.8789
9.17946 3230717 3230716 3230731 3230715 4.99593346816 4.31022 -7.02806 20.985
9.21869 3230716 3230715 3230731 3230714 4.93938066349 1.02691 -2.92337 19.1672
9.32651 3230715 3230714 3230731 3230713 4.66451770247 12.0506 -7.32026 23.0502
9.47615 3230714 3230712 3230731 3230711 4.17683491473 -9.48254 -10.1875 21.5853
9.57087 3230712 3230711 3230731 3230710 4.00794511147 -33.0577 -21.9946 26.5836
9.63214 3230711 3230709 3230731 3230708 3.70877426464 -30.9922 -23.2263 33.3386
9.19223 3230769 3230768 3230780 3230767 5.84661374788 2.1506 -10.8909 13.1115
9.22845 3230768 3230767 3230780 3230766 5.52976580795 15.801 -15.3628 21.3035
9.26896 3230767 3230765 3230780 3230764 4.99593346816 12.7313 -8.57315 18.4963
9.00337 3230846 3230845 3230863 3230844 2.89578500573 -7.79136 -5.4241 0.977137
9.06378 3230845 3230843 3230863 3230842 2.5772902716 -2.98286 1.6665 -4.25055
9.00012 3230901 3230900 3230925 3230899 2.20792547238 -4.5299 -2.72797 16.1547
9.12912 3230900 3230899 3230925 3230898 2.1032696526 -4.04246 -6.32992 17.6144
9.04653 3230993 3230992 3231001 3230991 4.17683491473 1.81761 -12.329 1.9307
9.08309 3230992 3230991 3231001 3230990 4.00794511147 3.07924 -11.0922 0.790721
9.08845 3230991 3230990 3231001 3230989 3.93726108473 2.37651 -11.5586 1.14215
9.17512 3230990 3230988 3231001 3230987 3.49086136926 4.19659 -22.4466 -4.33255
9.32805 3230988 3230986 3231001 3230985 3.08482263583 3.17203 -32.1963 -17.6379
9.42893 3230986 3230982 3231001 3230981 2.5772902716 5.74423 -31.565 -8.47368
9.19848 3231003 3231002 3231022 3230986 3.28303305796 3.19173 -36.4061 -5.62098
9.0098 3231089 3231088 3231097 3231087 8.44947629437 1.9918 -7.08022 5.87898
9.20668 3231088 3231087 3231097 3231086 8.01217294887 8.26526 2.38051 0.859019
9.2828 3231087 3231086 3231097 3231085 7.59510714987 8.86126 3.93049 -1.54053
9.29951 3231086 3231085 3231097 3231084 7.23627606617 8.66149 2.31434 -3.95613
9.38948 3231085 3231084 3231097 3231083 7.00541704554 7.75174 4.30287 1.77605
9.53808 3231084 3231082 3231097 3231081 6.49159774567 5.41406 -6.76578 11.477
9.55931 3231082 3231081 3231097 3231080 6.14490120342 3.47118 -3.72485 6.18603
9.6623 3231081 3231080 3231097 3231079 6.01075739884 -2.16525 -14.3161 6.96329
9.71385 3231080 3231079 3231097 3231078 5.84661374788 4.03684 -5.64532 12.9274
9.76049 3231079 3231078 3231097 3231077 5.52976580795 2.74068 -11.0622 10.2461
9.85989 3231078 3231077 3231097 3231076 5.22758097313 1.91856 -11.9981 11.4815
9.89078 3231077 3231076 3231097 3231075 4.99593346816 2.51344 -9.55066 7.74603
9.89246 3231076 3231075 3231097 3231074 4.93938066349 3.00702 -9.65207 7.04431
9.94371 3231075 3231074 3231097 3231073 4.66451770247 -4.51115 -11.1591 10.5818
10.0088 3231074 3231073 3231097 3231072 4.42803373661 -1.27871 -9.64065 -0.548385
10.0352 3231073 3231072 3231097 3231071 4.17683491473 5.6757 -6.91553 10.2609
10.0436 3231072 3231071 3231097 3231070 4.00794511147 2.17679 -5.57123 8.08171
10.0809 3231071 3231068 3231097 3231067 3.49086136926 -0.219664 -1.4427 8.47219
10.1156 3231068 3231067 3231097 3231066 3.28303305796 -5.31221 10.3949 8.26597
10.1311 3231067 3231066 3231097 3231065 3.08482263583 -11.8825 6.11025 6.04173
10.1511 3231066 3231063 3231097 3231062 2.73314261732 -3.59749 -2.166 -3.9872
10.1541 3231063 3231062 3231097 3231061 2.5772902716 1.30375 -0.977342 -7.83855
10.1878 3231062 3231061 3231097 3231060 2.44422570455 -10.8378 5.9272 -12.4527
10.1987 3231061 3231060 3231097 3231059 2.31611074396 -18.3091 3.87988 -12.8233
10.2127 3231060 3231058 3231097 3231057 2.1032696526 -19.4301 9.64653 -2.05688
10.2298 3231058 3231057 3231097 3231056 2.00202813925 -24.7079 11.3197 -2.38908
9.0316 3231273 3231272 3231278 3231271 8.44947629437 10.2544 2.02461 3.68298
9.14578 3231272 3231271 3231278 3231270 8.01217294887 7.66476 -1.26161 5.56857
9.18802 3231271 3231269 3231278 3231268 7.23627606617 7.72862 1.11747 3.99948
9.21869 3231269 3231268 3231278 3231267 7.00541704554 7.30757 1.43669 2.76334
9.46955 3231268 3231266 3231278 3231265 6.49159774567 10.1737 -2.34736 1.65998
9.61106 3231266 3231265 3231278 3231264 6.14490120342 11.1137 -3.24096 -4.04293
9.69581 3231265 3231262 3231278 3231261 5.52976580795 1.13169 1.24919 -11.5371
9.72935 3231262 3231260 3231278 3231259 4.99593346816 10.656 -7.80451 -11.3939
9.73239 3231260 3231259 3231278 3231258 4.93938066349 9.96865 -7.44025 -10.9514
9.78902 3231259 3231258 3231278 3231257 4.66451770247 5.04733 -1.51122 -18.6228
9.86079 3231258 3231257 3231278 3231256 4.42803373661 6.20415 12.4182 -27.6194
9.92587 3231257 3231256 3231278 3231255 4.17683491473 3.57496 2.04598 -22.7389
9.95035 3231256 3231255 3231278 3231254 4.00794511147 -3.95723 6.09 -28.2314
10.0024 3231255 3231253 3231278 3231252 3.70877426464 -11.355 -1.55834 -27.6964
10.003 3231253 3231252 3231278 3231251 3.49086136926 -0.555234 0.955847 -22.8296
10.076 3231252 3231251 3231278 3231250 3.28303305796 -4.20343 -4.54521 -31.528
10.1191 3231251 3231250 3231278 3231249 3.08482263583 -8.54511 -24.191 -30.2572
10.2806 3231250 3231249 3231278 3231248 3.00813107163 -73.8446 -53.5128 -34.7233
10.4009 3231249 3231246 3231278 3231245 2.5772902716 -92.3456 -46.3811 -93.0016
10.4443 3231246 3231245 3231278 3231244 2.44422570455 -91.362 -47.3916 -87.8247
10.4731 3231245 3231244 3231278 3231243 2.31611074396 -106.445 -66.8779 -76.9978
10.4919 3231244 3231243 3231278 3231242 2.20792547238 -99.9751 -49.8613 -101.262
10.526 3231243 3231242 3231278 3231241 2.1032696526 -113.036 -55.1255 -105.459
9.15502 3231291 3231290 3231299 3231289 6.85511726265 -26.2819 4.77976 -14.8397
9.0316 3231345 3231344 3231356 3231343 4.66451770247 2.16016 -3.81444 3.10748
9.67767 3231358 3231357 3231364 3231246 2.89578500573 14.0014 -0.176669 -41.6977
9.14344 3231379 3231378 3231388 3231377 4.00794511147 -3.70698 -0.623433 15.5218
9.64785 3231378 3231375 3231388 3231374 3.49086136926 43.9188 -12.4047 -44.0982
9.82517 3231375 3231374 3231388 3231373 3.28303305796 12.3913 -9.41326 -87.2113
9.01614 3231441 3231440 3231454 3231439 4.42803373661 -0.366945 -0.0798855 -2.27271
9.05524 3231440 3231439 3231454 3231438 4.17683491473 1.17759 -1.70697 -4.24097
9.08578 3231439 3231437 3231454 3231436 3.93726108473 2.04183 -2.91697 -2.41458
9.14811 3231437 3231436 3231454 3231435 3.70877426464 -1.10097 -0.712315 -1.31593
9.0066 3231476 3231475 3231481 3231474 4.93938066349 -11.9424 5.04572 2.05713
9.01928 3231475 3231473 3231481 3231472 4.42803373661 -1.46056 -8.48645 -0.817792
9.04358 3231473 3231467 3231481 3231466 3.28303305796 -5.12239 5.6283 -0.778447
9.06096 3231467 3231466 3231481 3231465 3.08482263583 -4.42322 0.778089 -1.74163
9.07492 3231466 3231465 3231481 3231464 3.00813107163 -3.94708 3.0801 -1.26199
9.01928 3231623 3231622 3231634 3231621 4.17683491473 -1.12254 6.77775 -2.52403
9.11179 3231622 3231621 3231634 3231620 4.00794511147 2.26901 -8.10716 -10.1612
9.15502 3231621 3231619 3231634 3231618 3.70877426464 3.39377 -10.535 -7.00758
9.17946 3231619 3231618 3231634 3231617 3.49086136926 3.67346 -9.42924 -1.77004
9.2811 3231618 3231617 3231634 3231616 3.28303305796 17.1849 -26.5649 -4.12213
9.3044 3231617 3231616 3231634 3231615 3.08482263583 16.3738 -29.3047 -2.0489
9.30763 3231616 3231610 3231634 3231609 2.31611074396 11.7981 -12.1975 12.0892
9.31243 3231610 3231607 3231634 3231606 2.00202813925 14.1563 -14.7753 3.92201
9.00337 3231672 3231671 3231699 3231670 2.00202813925 -1.74248 0.200943 17.0014
9.01298 3231671 3231670 3231699 3231669 1.90408954353 -4.80738 -2.58847 19.1643
9.03463 3231940 3231939 3231957 3231938 2.1032696526 4.06762 -8.00264 -13.0127
9.06939 3231939 3231936 3231957 3231935 1.82268925262 3.15414 -10.4948 -14.0037
9.08309 3231936 3231935 3231957 3231934 1.74357057433 3.89435 -9.73529 -13.4317
9.08845 3231935 3231933 3231957 3231932 1.60423452207 4.0249 -7.00687 -13.1729
9.09375 3231933 3231932 3231957 3231931 1.53123902916 1.75091 -5.40738 -11.0113
