logMh | fpID | subhaloID | main leaf ID | descID |  z
9.05524 90000068900000109 90000068900000108 90000068900000112 90000068900000107 12.6747021048 0.905342 -4.64724 -5.51504
9.07766 90000068900000108 90000068900000107 90000068900000112 90000068900000106 12.0418635439 1.35121 -4.93012 -5.07505
9.22066 90000068900000107 90000068900000106 90000068900000112 90000068900000105 11.4973879548 8.81878 -5.90246 1.75517
9.32342 90000068900000106 90000068900000105 90000068900000112 90000068900000104 10.9190331982 -4.56669 -1.52313 -6.41658
9.41534 90000068900000105 90000068900000104 90000068900000112 90000068900000103 10.3674435724 -3.34427 -1.61789 -8.39308
9.46397 90000068900000104 90000068900000103 90000068900000112 90000068900000102 9.99659046619 -3.9336 -1.83199 -6.06295
9.48479 90000068900000103 90000068900000102 90000068900000112 90000068900000101 9.84138043947 -2.29682 -4.11183 -6.44252
9.71068 90000068900000102 90000068900000101 90000068900000112 90000068900000100 9.38877127194 10.7187 -16.0636 1.08065
9.74667 90000068900000101 90000068900000100 90000068900000112 90000068900000099 9.00233985416 8.19815 -17.9789 1.98989
9.75479 90000068900000100 90000068900000099 90000068900000112 90000068900000098 8.9079991856 7.85793 -17.8007 2.91872
9.80925 90000068900000099 90000068900000098 90000068900000112 90000068900000097 8.44947629437 7.78064 -19.4043 3.07824
9.94482 90000068900000098 90000068900000097 90000068900000112 90000068900000096 8.01217294887 4.78646 -16.647 6.6723
10.0199 90000068900000097 90000068900000096 90000068900000112 90000068900000095 7.59510714987 8.55319 -9.6829 7.38294
10.0641 90000068900000096 90000068900000095 90000068900000112 90000068900000094 7.23627606617 6.20805 -4.49582 10.1875
10.1049 90000068900000095 90000068900000094 90000068900000112 90000068900000093 7.00541704554 5.49093 -2.57221 14.4772
10.1368 90000068900000094 90000068900000093 90000068900000112 90000068900000092 6.85511726265 7.02708 -3.88645 16.2266
10.2061 90000068900000093 90000068900000092 90000068900000112 90000068900000091 6.49159774567 4.79298 -10.5674 15.3437
10.2395 90000068900000092 90000068900000091 90000068900000112 90000068900000090 6.14490120342 1.96726 -10.511 10.2509
10.2536 90000068900000091 90000068900000090 90000068900000112 90000068900000089 6.01075739884 3.58855 -8.41168 12.0987
10.2739 90000068900000090 90000068900000089 90000068900000112 90000068900000088 5.84661374788 2.52442 -10.8123 11.2724
10.2864 90000068900000089 90000068900000088 90000068900000112 90000068900000087 5.52976580795 -10.1163 -7.16452 3.62637
10.3254 90000068900000088 90000068900000087 90000068900000112 90000068900000086 5.22758097313 -4.13516 -11.1778 9.82832
10.356 90000068900000087 90000068900000086 90000068900000112 90000068900000085 4.99593346816 -3.91783 -11.7529 11.6546
10.359 90000068900000086 90000068900000085 90000068900000112 90000068900000084 4.93938066349 -6.35525 -13.4103 14.9123
10.3949 90000068900000085 90000068900000084 90000068900000112 90000068900000083 4.66451770247 -8.71121 -13.5044 18.3452
10.4306 90000068900000084 90000068900000083 90000068900000112 90000068900000082 4.42803373661 -9.51662 -24.3143 17.7723
10.4593 90000068900000083 90000068900000082 90000068900000112 90000068900000081 4.17683491473 10.1971 -24.86 16.7092
10.474 90000068900000082 90000068900000081 90000068900000112 90000068900000080 4.00794511147 -6.78571 -29.0317 17.9986
10.4939 90000068900000081 90000068900000080 90000068900000112 90000068900000079 3.93726108473 -5.73795 -31.4311 17.2741
10.5262 90000068900000080 90000068900000079 90000068900000112 90000068900000078 3.70877426464 -4.35491 -39.1469 17.0814
10.5534 90000068900000079 90000068900000078 90000068900000112 90000068900000077 3.49086136926 -17.6013 -33.5165 15.4045
10.5716 90000068900000078 90000068900000077 90000068900000112 90000068900000076 3.28303305796 -27.3548 -32.6425 4.9355
10.5752 90000068900000077 90000068900000076 90000068900000112 90000068900000075 3.08482263583 -30.8311 -25.4103 7.92692
10.5803 90000068900000076 90000068900000074 90000068900000112 90000068900000073 2.89578500573 -14.9134 -35.6992 4.58701
10.5989 90000068900000074 90000068900000073 90000068900000112 90000068900000072 2.73314261732 -20.2691 -36.3289 11.4758
10.6265 90000068900000073 90000068900000070 90000068900000112 90000068900000069 2.31611074396 -3.48779 -34.1415 1.93887
10.6382 90000068900000070 90000068900000069 90000068900000112 90000068900000068 2.20792547238 -12.8158 -32.4285 -6.07135
10.6405 90000068900000069 90000068900000068 90000068900000112 90000068900000067 2.1032696526 -10.6495 -33.9751 -8.25583
10.6496 90000068900000068 90000068900000067 90000068900000112 90000068900000066 2.00202813925 -17.7664 -32.2034 6.86519
10.6795 90000068900000067 90000068900000066 90000068900000112 90000068900000065 1.90408954353 -23.2834 -35.4514 16.1898
10.6924 90000068900000066 90000068900000065 90000068900000112 90000068900000064 1.82268925262 -16.5536 -34.3645 21.9703
10.7163 90000068900000065 90000068900000064 90000068900000112 90000068900000063 1.74357057433 -26.0857 -34.6892 31.2151
10.7358 90000068900000064 90000068900000063 90000068900000112 90000068900000062 1.66666955611 -31.8853 -30.2858 23.7942
10.7566 90000068900000063 90000068900000061 90000068900000112 90000068900000060 1.53123902916 -27.3347 -45.3214 33.9701
10.7746 90000068900000061 90000068900000060 90000068900000112 90000068900000059 1.47197484527 -30.7466 -58.4149 30.7419
10.7754 90000068900000060 90000068900000059 90000068900000112 90000068900000058 1.41409822037 -52.4373 -53.2669 33.9501
10.8029 90000068900000059 90000068900000058 90000068900000112 90000068900000057 1.3575766674 -92.6325 -93.3152 26.7414
10.8162 90000068900000058 90000068900000057 90000068900000112 90000068900000056 1.30237845991 -86.595 -70.8134 37.7134
10.8402 90000068900000057 90000068900000056 90000068900000112 90000068900000055 1.24847261425 -105.102 -92.0781 56.7847
10.8592 90000068900000056 90000068900000055 90000068900000112 90000068900000054 1.20625808078 -102.539 -98.9711 81.1212
10.8832 90000068900000055 90000068900000054 90000068900000112 90000068900000053 1.15460271236 -90.8587 -97.5345 115.736
10.9097 90000068900000054 90000068900000053 90000068900000112 90000068900000052 1.11415056377 -68.7772 -81.6629 169.151
10.9221 90000068900000053 90000068900000052 90000068900000112 90000068900000051 1.07445789455 -39.0274 -54.16 222.715
10.9263 90000068900000052 90000068900000050 90000068900000112 90000068900000049 0.997294225782 -31.5128 -52.1598 204.462
10.9343 90000068900000050 90000068900000048 90000068900000112 90000068900000047 0.950531351585 -63.1324 -60.4239 198.997
10.9391 90000068900000048 90000068900000047 90000068900000112 90000068900000046 0.923000816178 -69.2848 -59.6919 210.029
10.9539 90000068900000047 90000068900000046 90000068900000112 90000068900000045 0.886896937575 -84.059 -40.9643 213.881
10.9579 90000068900000046 90000068900000044 90000068900000112 90000068900000043 0.816709979012 -83.2448 -21.3456 202.001
10.9631 90000068900000044 90000068900000043 90000068900000112 90000068900000042 0.791068248946 -76.5867 -12.571 221.827
10.9702 90000068900000043 90000068900000042 90000068900000112 90000068900000041 0.757441372616 -104.589 -8.25824 204.943
10.9709 90000068900000042 90000068900000033 90000068900000112 90000068900000032 0.524565820434 -130.696 -58.9089 151.343
10.9795 90000068900000033 90000068900000032 90000068900000112 90000068900000031 0.503047523245 -120.077 -58.8057 152.631
10.9873 90000068900000032 90000068900000031 90000068900000112 90000068900000030 0.481832943421 -126.464 -64.8812 168.999
10.9954 90000068900000031 90000068900000030 90000068900000112 90000068900000029 0.460917794181 -131.92 -50.3159 192.755
10.9965 90000068900000030 90000068900000029 90000068900000112 90000068900000028 0.440297849248 -127.727 -65.0083 179.83
10.9984 90000068900000029 90000068900000028 90000068900000112 90000068900000027 0.419968941997 -137.596 -59.5021 185.727
11.0073 90000068900000028 90000068900000026 90000068900000112 90000068900000025 0.38016786726 -134.546 -74.6933 217.001
11.0244 90000068900000026 90000068900000023 90000068900000112 90000068900000022 0.328829724206 -134.552 -62.8631 234.554
11.0485 90000068900000023 90000068900000022 90000068900000112 90000068900000021 0.310074120128 -155.604 -47.6504 279.719
11.0521 90000068900000022 90000068900000021 90000068900000112 90000068900000020 0.291583239722 -171.736 -43.754 284.093
11.0701 90000068900000021 90000068900000020 90000068900000112 90000068900000019 0.273353346578 -194.932 -19.2235 334.673
11.0817 90000068900000020 90000068900000019 90000068900000112 90000068900000018 0.261343256161 -218.69 -39.0362 304.779
11.1002 90000068900000019 90000068900000018 90000068900000112 90000068900000017 0.243540181555 -235.015 -19.9783 353.034
11.1067 90000068900000018 90000068900000017 90000068900000112 90000068900000016 0.22598838626 -249.521 -40.3287 343.387
11.1214 90000068900000017 90000068900000016 90000068900000112 90000068900000015 0.214425035514 -288.951 -53.046 346.747
11.1467 90000068900000016 90000068900000015 90000068900000112 90000068900000014 0.197284182376 -330.058 34.8138 404.245
11.1715 90000068900000015 90000068900000014 90000068900000112 90000068900000013 0.180385261706 -353.151 82.926 431.079
11.1835 90000068900000014 90000068900000013 90000068900000112 90000068900000012 0.169252033244 -368.457 75.2857 417.65
11.1998 90000068900000013 90000068900000012 90000068900000112 90000068900000011 0.152748768902 -383.933 160.43 480.515
11.2126 90000068900000012 90000068900000011 90000068900000112 90000068900000010 0.14187620397 -407.674 125.464 469.812
11.2428 90000068900000011 90000068900000010 90000068900000112 90000068900000009 0.125759332411 -452.245 251.712 544.972
11.2493 90000068900000010 90000068900000009 90000068900000112 90000068900000008 0.109869940459 -452.496 205.174 532.547
11.2522 90000068900000009 90000068900000001 90000068900000112 90000068900000000 0.00952166696794 -473.867 98.6575 495.296
9.0098 90000068900000119 90000068900000118 90000068900000121 90000068900000117 12.0418635439 5.3927 -6.55745 3.6523
9.04653 90000068900000137 90000068900000136 90000068900000145 90000068900000135 8.01217294887 -5.75655 -1.44753 -0.333719
9.01298 90000068900000157 90000068900000156 90000068900000162 90000068900000155 8.44947629437 7.45994 -0.82926 -0.0200679
9.21869 90000068900000170 90000068900000169 90000068900000179 90000068900000168 4.99593346816 1.81305 10.7468 -11.8609
9.08578 90000068900000370 90000068900000369 90000068900000375 90000068900000368 6.85511726265 -8.42606 -3.73374 3.78487
9.21671 90000068900000369 90000068900000368 90000068900000375 90000068900000367 6.49159774567 -13.8684 -8.70758 -1.55845
9.23988 90000068900000368 90000068900000367 90000068900000375 90000068900000366 6.14490120342 -11.4209 -5.46791 -1.05858
9.26365 90000068900000367 90000068900000366 90000068900000375 90000068900000365 6.01075739884 -8.23051 -4.24706 -0.379279
9.62908 90000068900000366 90000068900000363 90000068900000375 90000068900000362 5.22758097313 -1.42945 -18.3609 -22.2849
9.7384 90000068900000363 90000068900000362 90000068900000375 90000068900000361 4.99593346816 -2.573 -21.6411 -21.7945
9.76444 90000068900000362 90000068900000361 90000068900000375 90000068900000360 4.93938066349 -5.16886 -20.2484 -24.5994
9.77718 90000068900000361 90000068900000360 90000068900000375 90000068900000359 4.66451770247 0.136947 -27.3113 -22.8538
9.81227 90000068900000360 90000068900000359 90000068900000375 90000068900000358 4.42803373661 -3.34105 -24.3833 -25.1643
9.84754 90000068900000359 90000068900000358 90000068900000375 90000068900000357 4.17683491473 -2.38047 -25.1947 -28.5328
9.8891 90000068900000358 90000068900000357 90000068900000375 90000068900000356 4.00794511147 -6.04303 -19.2035 -29.9784
9.89745 90000068900000357 90000068900000356 90000068900000375 90000068900000355 3.93726108473 -7.69321 -18.1766 -36.9211
9.90321 90000068900000356 90000068900000355 90000068900000375 90000068900000354 3.70877426464 -1.83719 -14.5303 -30.1987
9.91528 90000068900000355 90000068900000354 90000068900000375 90000068900000353 3.49086136926 -3.82742 -12.7951 -24.4377
9.94147 90000068900000354 90000068900000353 90000068900000375 90000068900000352 3.28303305796 -2.35567 -17.2565 -26.3177
9.9644 90000068900000353 90000068900000352 90000068900000375 90000068900000351 3.08482263583 -4.06265 -20.2646 -32.3761
9.97283 90000068900000352 90000068900000350 90000068900000375 90000068900000349 2.89578500573 -3.47269 -15.5779 -18.697
9.98381 90000068900000350 90000068900000349 90000068900000375 90000068900000348 2.73314261732 -6.84484 -21.8474 -25.4223
9.99486 90000068900000349 90000068900000348 90000068900000375 90000068900000347 2.5772902716 0.747458 -18.1658 -16.4308
10.0021 90000068900000348 90000068900000347 90000068900000375 90000068900000346 2.44422570455 3.3976 -15.7912 -13.7578
10.0424 90000068900000347 90000068900000346 90000068900000375 90000068900000345 2.31611074396 10.8105 -10.4785 -17.0997
10.0451 90000068900000346 90000068900000345 90000068900000375 90000068900000344 2.20792547238 1.34945 -2.58238 -26.2072
10.0465 90000068900000345 90000068900000344 90000068900000375 90000068900000343 2.1032696526 -3.71246 -9.61621 -29.1026
10.0877 90000068900000344 90000068900000343 90000068900000375 90000068900000342 2.00202813925 -1.54695 -8.52236 -34.4533
10.1034 90000068900000343 90000068900000342 90000068900000375 90000068900000341 1.90408954353 4.51032 -0.716116 -29.5888
10.1198 90000068900000342 90000068900000341 90000068900000375 90000068900000340 1.82268925262 8.0601 -10.9788 -30.371
10.1267 90000068900000341 90000068900000339 90000068900000375 90000068900000338 1.66666955611 14.8495 -4.52289 -24.1619
10.1451 90000068900000339 90000068900000337 90000068900000375 90000068900000336 1.53123902916 5.0626 -8.25326 -27.3949
10.1516 90000068900000337 90000068900000334 90000068900000375 90000068900000333 1.3575766674 -1.74175 -16.4318 -29.2464
9.20668 90000068900000388 90000068900000387 90000068900000397 90000068900000386 6.14490120342 -11.0709 -4.42953 3.20562
9.33716 90000068900000387 90000068900000386 90000068900000397 90000068900000385 6.01075739884 -7.35416 0.97409 9.54416
9.40902 90000068900000386 90000068900000385 90000068900000397 90000068900000384 5.84661374788 -2.66664 -0.732315 13.2459
9.0066 90000068900000486 90000068900000485 90000068900000530 90000068900000484 0.399926964614 6.31306 -15.3532 9.48771
9.00012 90000068900000614 90000068900000613 90000068900000625 90000068900000612 4.93938066349 -0.111922 0.934715 4.01075
9.01614 90000068900000613 90000068900000611 90000068900000625 90000068900000610 4.42803373661 0.904756 2.03228 2.38934
9.18376 90000068900000611 90000068900000610 90000068900000625 90000068900000609 4.17683491473 -0.790607 1.3279 3.20314
9.24175 90000068900000610 90000068900000609 90000068900000625 90000068900000608 4.00794511147 0.595386 0.0554589 4.2088
9.3156 90000068900000609 90000068900000606 90000068900000625 90000068900000605 3.49086136926 1.7344 -4.81012 7.41269
9.48479 90000068900000606 90000068900000605 90000068900000625 90000068900000604 3.28303305796 3.17405 -7.84535 1.28937
9.55841 90000068900000605 90000068900000604 90000068900000625 90000068900000603 3.08482263583 -0.773025 -17.2651 -4.10249
9.57783 90000068900000604 90000068900000603 90000068900000625 90000068900000602 3.00813107163 0.973381 -19.6982 0.18882
9.61663 90000068900000603 90000068900000602 90000068900000625 90000068900000601 2.89578500573 -0.0176547 -15.5689 2.02754
9.63744 90000068900000602 90000068900000601 90000068900000625 90000068900000600 2.73314261732 3.13327 -15.6488 -0.646673
9.66372 90000068900000601 90000068900000600 90000068900000625 90000068900000599 2.5772902716 -0.072036 -14.2539 1.78095
9.69974 90000068900000600 90000068900000599 90000068900000625 90000068900000598 2.44422570455 -5.1071 -17.8737 1.80404
9.72384 90000068900000599 90000068900000598 90000068900000625 90000068900000597 2.31611074396 -11.1034 -11.2473 3.4249
9.73178 90000068900000598 90000068900000595 90000068900000625 90000068900000594 2.00202813925 -20.7154 -16.9995 6.83471
9.76388 90000068900000595 90000068900000594 90000068900000625 90000068900000593 1.90408954353 -17.5509 -10.8487 9.86054
9.77334 90000068900000594 90000068900000590 90000068900000625 90000068900000589 1.60423452207 -30.1089 -31.7986 -2.47926
9.81328 90000068900000590 90000068900000589 90000068900000625 90000068900000588 1.53123902916 -34.8996 -42.8789 -11.1474
9.0666 90000068900000629 90000068900000628 90000068900000641 90000068900000627 3.70877426464 4.41295 -7.6815 -9.58061
9.03463 90000068900000752 90000068900000751 90000068900000757 90000068900000750 3.49086136926 -11.3708 -8.83005 1.73506
9.09111 90000068900000751 90000068900000749 90000068900000757 90000068900000748 3.08482263583 -9.53455 -9.85373 3.45172
9.11179 90000068900000749 90000068900000746 90000068900000757 90000068900000745 2.73314261732 -14.1038 -17.584 0.521631
9.18802 90000068900000746 90000068900000742 90000068900000757 90000068900000741 2.20792547238 -7.903 -11.435 -11.3804
9.30278 90000068900000742 90000068900000741 90000068900000757 90000068900000740 2.1032696526 -3.60123 -7.88393 -10.6844
9.47176 90000068900000741 90000068900000740 90000068900000757 90000068900000739 2.00202813925 -5.84215 -16.419 -19.452
9.51375 90000068900000740 90000068900000739 90000068900000757 90000068900000738 1.90408954353 -10.34 -16.3352 -22.9924
9.55204 90000068900000739 90000068900000737 90000068900000757 90000068900000736 1.74357057433 -7.33517 -19.1338 -22.6705
9.58807 90000068900000737 90000068900000736 90000068900000757 90000068900000735 1.66666955611 -6.42334 -22.3073 -20.3793
9.0316 90000068900000765 90000068900000764 90000068900000776 90000068900000763 2.5772902716 5.49584 0.277831 6.95602
9.03763 90000068900000764 90000068900000762 90000068900000776 90000068900000761 2.31611074396 3.58468 1.8735 4.57653
