logMh | fpID | subhaloID | main leaf ID | descID |  z
9.11681 60000018100014036 60000018100014035 60000018100014038 60000018100014034 13.3382482898 1.24267 -4.1201 2.33178
9.29951 60000018100014035 60000018100014034 60000018100014038 60000018100014033 12.6747021048 5.3048 3.01776 2.95377
9.64785 60000018100014034 60000018100014032 60000018100014038 60000018100014031 11.4973879548 12.1587 7.82102 7.24622
9.80415 60000018100014032 60000018100014030 60000018100014038 60000018100014029 10.3674435724 10.4624 9.54234 3.90766
9.84147 60000018100014030 60000018100014027 60000018100014038 60000018100014026 9.38877127194 18.8426 10.4718 4.74615
10.0155 60000018100014027 60000018100014024 60000018100014038 60000018100014023 8.44947629437 -1.64875 3.8956 9.70081
10.1296 60000018100014024 60000018100014023 60000018100014038 60000018100014022 8.01217294887 12.5423 14.6341 9.58192
10.182 60000018100014023 60000018100014022 60000018100014038 60000018100014021 7.59510714987 2.36451 6.70194 4.66859
10.2406 60000018100014022 60000018100014021 60000018100014038 60000018100014020 7.23627606617 7.58325 11.4875 6.12145
10.249 60000018100014021 60000018100014020 60000018100014038 60000018100014019 7.00541704554 0.528144 1.25096 5.02802
10.2691 60000018100014020 60000018100014019 60000018100014038 60000018100014018 6.85511726265 6.82135 17.8272 11.0302
10.3092 60000018100014019 60000018100014018 60000018100014038 60000018100014017 6.49159774567 2.36874 5.4174 2.54253
10.3652 60000018100014018 60000018100014017 60000018100014038 60000018100014016 6.14490120342 0.619071 15.2412 3.96135
10.4018 60000018100014017 60000018100014016 60000018100014038 60000018100014015 6.01075739884 -0.718556 2.36953 -1.64722
10.4621 60000018100014016 60000018100014015 60000018100014038 60000018100014014 5.84661374788 12.9707 -0.282192 26.4995
10.7907 60000018100014015 60000018100014013 60000018100014038 60000018100014012 5.22758097313 -2.40817 -77.3115 -107.411
10.8538 60000018100014013 60000018100014012 60000018100014038 60000018100014011 4.99593346816 -14.6509 -82.5457 -134.089
10.8888 60000018100014012 60000018100014011 60000018100014038 60000018100014010 4.93938066349 -16.438 -121.687 -152.755
11.0418 60000018100014011 60000018100014010 60000018100014038 60000018100014009 4.66451770247 -84.216 -179.824 -157.138
11.1339 60000018100014010 60000018100014009 60000018100014038 60000018100014008 4.42803373661 -120.516 -185.353 -139.943
11.2313 60000018100014009 60000018100014008 60000018100014038 60000018100014007 4.17683491473 -165.202 -235.562 -223.786
11.2577 60000018100014008 60000018100014007 60000018100014038 60000018100014006 4.00794511147 -147.454 -251.138 -233.838
11.2764 60000018100014007 60000018100014006 60000018100014038 60000018100014005 3.93726108473 -150.265 -247.755 -237.315
11.3207 60000018100014006 60000018100014005 60000018100014038 60000018100014004 3.70877426464 -172.533 -256.289 -237.145
11.3375 60000018100014005 60000018100014004 60000018100014038 60000018100014003 3.49086136926 -157.701 -333.601 -191.737
11.41 60000018100014004 60000018100013999 60000018100014038 60000018100013998 2.73314261732 -74.9304 -378.6 -51.8923
11.4754 60000018100013999 60000018100013998 60000018100014038 60000018100013997 2.5772902716 -32.1314 -461.508 12.697
11.5828 60000018100013998 60000018100013997 60000018100014038 60000018100013996 2.44422570455 119.08 -737.021 125.037
11.6352 60000018100013997 60000018100013996 60000018100014038 60000018100013995 2.31611074396 44.5561 -640.135 -0.170917
11.7287 60000018100013996 60000018100013995 60000018100014038 60000018100013994 2.20792547238 89.0231 -873.202 -124.776
11.7874 60000018100013995 60000018100013994 60000018100014038 60000018100013993 2.1032696526 52.3574 -914.078 -216.177
11.8082 60000018100013994 60000018100013993 60000018100014038 60000018100013992 2.00202813925 86.8477 -966.618 -209.36
11.8433 60000018100013993 60000018100013992 60000018100014038 60000018100013991 1.90408954353 106.875 -959.333 -223.861
11.8758 60000018100013992 60000018100013991 60000018100014038 60000018100013990 1.82268925262 205.309 -916.792 -396.494
11.8891 60000018100013991 60000018100013990 60000018100014038 60000018100013989 1.74357057433 139.745 -910.804 -432.974
11.8924 60000018100013990 60000018100013989 60000018100014038 60000018100013988 1.66666955611 106.099 -864.443 -413.721
11.9049 60000018100013989 60000018100013988 60000018100014038 60000018100013987 1.60423452207 -60.0989 -710.939 -433.188
11.915 60000018100013988 60000018100013987 60000018100014038 60000018100013986 1.53123902916 -234.857 -623.926 -435.834
11.9169 60000018100013987 60000018100013986 60000018100014038 60000018100013985 1.47197484527 -236.181 -561.6 -481.907
11.9386 60000018100013986 60000018100013985 60000018100014038 60000018100013984 1.41409822037 -380.437 -466.252 -572.549
11.9481 60000018100013985 60000018100013984 60000018100014038 60000018100013983 1.3575766674 -489.421 -377.222 -616.605
11.9757 60000018100013984 60000018100013983 60000018100014038 60000018100013982 1.30237845991 -723.836 -201.569 -697.151
12.0139 60000018100013983 60000018100013982 60000018100014038 60000018100013981 1.24847261425 -901.225 -64.0896 -745.622
12.0411 60000018100013982 60000018100013980 60000018100014038 60000018100013979 1.15460271236 -882.479 -17.4618 -753.928
12.0634 60000018100013980 60000018100013979 60000018100014038 60000018100013978 1.11415056377 -835.157 -20.0274 -704.198
12.0769 60000018100013979 60000018100013978 60000018100014038 60000018100013977 1.07445789455 -729.524 -27.5954 -642.092
12.0816 60000018100013978 60000018100013977 60000018100014038 60000018100013976 1.03551044566 -638.297 -106.352 -594.026
12.0824 60000018100013977 60000018100013976 60000018100014038 60000018100013975 0.997294225782 -537.619 -145.085 -534.792
12.084 60000018100013976 60000018100013975 60000018100014038 60000018100013974 0.987852810816 -517.986 -156.506 -534.086
12.0853 60000018100013975 60000018100013974 60000018100014038 60000018100013973 0.950531351585 -492.121 -187.13 -541.997
12.0867 60000018100013974 60000018100013973 60000018100014038 60000018100013972 0.923000816178 -446.688 -253.783 -509.523
12.0867 60000018100013973 60000018100013968 60000018100014038 60000018100013967 0.757441372616 -382.297 -299.694 -436.666
12.0876 60000018100013968 60000018100013967 60000018100014038 60000018100013966 0.732636182022 -427.135 -313.587 -418.754
12.0949 60000018100013967 60000018100013966 60000018100014038 60000018100013965 0.700106353719 -440.743 -358.632 -386.43
12.108 60000018100013966 60000018100013964 60000018100014038 60000018100013963 0.644641840685 -292.492 -258.943 -640.322
12.1113 60000018100013964 60000018100013963 60000018100014038 60000018100013962 0.621428745243 -323.284 -245.16 -646.819
12.1176 60000018100013963 60000018100013962 60000018100014038 60000018100013961 0.598543288188 -354.797 -280.577 -567.55
12.1243 60000018100013962 60000018100013961 60000018100014038 60000018100013960 0.575980845108 -396.444 -263.317 -604.41
12.1338 60000018100013961 60000018100013960 60000018100014038 60000018100013959 0.546392183141 -379.594 -233.592 -622.511
12.1388 60000018100013960 60000018100013959 60000018100014038 60000018100013958 0.524565820434 -387.097 -170.981 -656.199
12.1446 60000018100013959 60000018100013958 60000018100014038 60000018100013957 0.503047523245 -388.277 -124.139 -640.242
12.1468 60000018100013958 60000018100013957 60000018100014038 60000018100013956 0.481832943421 -413.229 -170.29 -579.554
12.1581 60000018100013957 60000018100013956 60000018100014038 60000018100013955 0.460917794181 -402.662 -35.5664 -739.171
12.1664 60000018100013956 60000018100013955 60000018100014038 60000018100013954 0.440297849248 -379.547 26.7085 -818.497
12.1734 60000018100013955 60000018100013954 60000018100014038 60000018100013953 0.419968941997 -385.082 48.0054 -806.614
12.1753 60000018100013954 60000018100013953 60000018100014038 60000018100013952 0.399926964614 -407.384 57.5421 -930.976
12.1852 60000018100013953 60000018100013952 60000018100014038 60000018100013951 0.38016786726 -364.726 131.078 -1019.11
12.1909 60000018100013952 60000018100013951 60000018100014038 60000018100013950 0.360687657262 -348.031 172.625 -1100.77
12.1946 60000018100013951 60000018100013950 60000018100014038 60000018100013949 0.347853841858 -383.506 154.874 -999.113
12.199 60000018100013950 60000018100013949 60000018100014038 60000018100013948 0.328829724206 -421.885 166.78 -1048.0
12.2004 60000018100013949 60000018100013948 60000018100014038 60000018100013947 0.310074120128 -412.756 196.567 -1192.23
12.2057 60000018100013948 60000018100013947 60000018100014038 60000018100013946 0.291583239722 -421.015 260.48 -1330.06
12.2113 60000018100013947 60000018100013946 60000018100014038 60000018100013945 0.273353346578 -433.323 307.093 -1386.72
12.2155 60000018100013946 60000018100013945 60000018100014038 60000018100013944 0.261343256161 -428.718 342.276 -1409.33
12.2234 60000018100013945 60000018100013944 60000018100014038 60000018100013943 0.243540181555 -390.11 450.059 -1509.49
12.2265 60000018100013944 60000018100013943 60000018100014038 60000018100013942 0.22598838626 -403.182 440.691 -1481.87
12.2283 60000018100013943 60000018100013942 60000018100014038 60000018100013941 0.214425035514 -384.233 445.374 -1453.54
12.232 60000018100013942 60000018100013941 60000018100014038 60000018100013940 0.197284182376 -370.133 459.839 -1506.69
12.2327 60000018100013941 60000018100013940 60000018100014038 60000018100013939 0.180385261706 -388.328 477.563 -1552.46
12.2342 60000018100013940 60000018100013939 60000018100014038 60000018100013938 0.169252033244 -413.904 459.791 -1555.74
12.2367 60000018100013939 60000018100013938 60000018100014038 60000018100013937 0.152748768902 -455.148 458.102 -1509.43
12.2379 60000018100013938 60000018100013937 60000018100014038 60000018100013936 0.14187620397 -459.806 463.109 -1480.38
12.2436 60000018100013937 60000018100013936 60000018100014038 60000018100013935 0.125759332411 -482.789 431.658 -1465.67
12.246 60000018100013936 60000018100013935 60000018100014038 60000018100013934 0.109869940459 -476.685 425.772 -1419.08
12.2498 60000018100013935 60000018100013934 60000018100014038 60000018100013933 0.0994018026302 -486.344 424.806 -1424.22
9.09111 60000018100014048 60000018100014047 60000018100014051 60000018100014046 13.3382482898 -6.29199 0.388181 -3.96464
9.24175 60000018100014047 60000018100014045 60000018100014051 60000018100014044 12.0418635439 -2.75737 2.639 -1.43093
9.30278 60000018100014045 60000018100014043 60000018100014051 60000018100014042 9.99659046619 -3.9127 3.01653 1.53618
9.91963 60000018100014043 60000018100014040 60000018100014051 60000018100014039 9.00233985416 9.6995 10.2992 7.414
10.5009 60000018100014089 60000018100014088 60000018100014104 60000018100014013 5.52976580795 -5.32858 -16.6286 -24.6731
9.0098 60000018100014150 60000018100014149 60000018100014157 60000018100014148 8.01217294887 -5.88801 -3.74877 4.59414
9.08578 60000018100014149 60000018100014148 60000018100014157 60000018100014147 7.59510714987 -7.44235 -0.266592 1.33272
9.10415 60000018100014148 60000018100014147 60000018100014157 60000018100014146 7.23627606617 -6.79397 -0.208971 0.294827
9.14344 60000018100014147 60000018100014146 60000018100014157 60000018100014145 7.00541704554 -6.24488 1.9612 2.48411
9.14344 60000018100014146 60000018100014145 60000018100014157 60000018100014144 6.85511726265 -7.7181 1.40972 3.01809
9.34313 60000018100014145 60000018100014144 60000018100014157 60000018100014143 6.49159774567 -17.3741 0.105381 15.3759
9.99914 60000018100014144 60000018100014141 60000018100014157 60000018100014140 5.84661374788 -20.0692 -53.6592 -78.2499
9.22066 60000018100014167 60000018100014166 60000018100014173 60000018100014165 6.85511726265 -4.76441 -19.7746 -12.9337
9.41282 60000018100014166 60000018100014164 60000018100014173 60000018100014142 6.14490120342 -10.1624 -5.12984 0.176879
9.03763 60000018100014223 60000018100014222 60000018100014228 60000018100014221 9.00233985416 0.959174 1.08441 -1.92918
9.20464 60000018100014222 60000018100014220 60000018100014228 60000018100014219 8.44947629437 -2.92816 -0.590322 -2.35375
9.45946 60000018100014220 60000018100014219 60000018100014228 60000018100014218 8.01217294887 4.5026 7.75273 12.5968
9.56646 60000018100014219 60000018100014218 60000018100014228 60000018100014217 7.59510714987 10.4858 8.65266 16.6496
9.61742 60000018100014218 60000018100014217 60000018100014228 60000018100014216 7.23627606617 8.8886 7.97241 14.293
9.62368 60000018100014217 60000018100014216 60000018100014228 60000018100014215 7.00541704554 8.04835 9.46049 13.7285
9.71132 60000018100014216 60000018100014215 60000018100014228 60000018100014214 6.85511726265 21.3706 8.05753 13.6454
9.83435 60000018100014215 60000018100014214 60000018100014228 60000018100014213 6.49159774567 23.299 6.68646 15.8491
9.91089 60000018100014214 60000018100014213 60000018100014228 60000018100014212 6.14490120342 17.0829 11.2991 2.00863
9.09375 60000018100014261 60000018100014260 60000018100014267 60000018100014259 8.44947629437 -2.54638 -5.27173 3.95478
9.46621 60000018100014260 60000018100014259 60000018100014267 60000018100014258 8.01217294887 -11.9843 2.31133 7.43071
9.54558 60000018100014259 60000018100014258 60000018100014267 60000018100014257 7.59510714987 -4.9531 -0.548822 5.59236
9.56201 60000018100014258 60000018100014257 60000018100014267 60000018100014256 7.23627606617 -15.2741 -2.30859 0.836749
9.64712 60000018100014257 60000018100014256 60000018100014267 60000018100014255 7.00541704554 -9.85392 3.09238 -7.09836
9.07766 60000018100014332 60000018100014331 60000018100014333 60000018100014330 6.01075739884 -12.7437 13.6325 7.68304
9.04358 60000018100014364 60000018100014363 60000018100014372 60000018100014362 8.44947629437 -3.11816 -1.03834 -1.46616
9.07766 60000018100014363 60000018100014362 60000018100014372 60000018100014361 8.01217294887 -4.36222 -1.85389 1.02846
9.08309 60000018100014362 60000018100014359 60000018100014372 60000018100014358 7.00541704554 1.42831 -0.296344 0.1983
9.04358 60000018100014387 60000018100014386 60000018100014397 60000018100014385 8.01217294887 -4.50885 -0.497897 7.99029
9.10415 60000018100014386 60000018100014385 60000018100014397 60000018100014384 7.59510714987 -2.07 -0.886946 2.96725
9.19013 60000018100014385 60000018100014384 60000018100014397 60000018100014383 7.23627606617 -6.25867 -3.04076 0.802331
9.24733 60000018100014384 60000018100014383 60000018100014397 60000018100014382 7.00541704554 -3.1304 -4.03221 0.342772
9.01298 60000018100014517 60000018100014516 60000018100014520 60000018100014515 10.9190331982 1.06223 1.04647 -4.03396
9.21671 60000018100014516 60000018100014515 60000018100014520 60000018100014514 10.3674435724 0.0705958 -2.34702 -5.00539
9.55478 60000018100014515 60000018100014514 60000018100014520 60000018100014513 9.99659046619 -4.47086 -14.7172 -17.3906
9.56999 60000018100014514 60000018100014513 60000018100014520 60000018100014512 9.84138043947 1.1429 -21.5927 -14.9796
9.60543 60000018100014513 60000018100014511 60000018100014520 60000018100014510 9.00233985416 5.38254 -9.54832 -8.31211
9.64193 60000018100014511 60000018100014510 60000018100014520 60000018100014509 8.9079991856 -1.50667 -7.58167 -13.2829
9.74255 60000018100014510 60000018100014509 60000018100014520 60000018100014508 8.44947629437 -8.80215 -29.7129 -36.2502
9.96793 60000018100014509 60000018100014508 60000018100014520 60000018100014507 8.01217294887 -4.58628 -26.7991 -32.7357
10.0295 60000018100014508 60000018100014507 60000018100014520 60000018100014506 7.59510714987 29.6424 -16.9764 -24.0995
10.0578 60000018100014507 60000018100014506 60000018100014520 60000018100014505 7.23627606617 13.5452 -16.7248 -29.5704
10.0834 60000018100014506 60000018100014505 60000018100014520 60000018100014504 7.00541704554 15.1707 -21.7028 -22.0159
10.133 60000018100014505 60000018100014504 60000018100014520 60000018100014503 6.85511726265 14.856 -34.4662 -24.5964
10.1749 60000018100014504 60000018100014503 60000018100014520 60000018100014502 6.49159774567 62.3863 -21.8957 -4.14048
10.2989 60000018100014503 60000018100014502 60000018100014520 60000018100014501 6.14490120342 29.7302 -19.1085 -32.1363
10.3644 60000018100014502 60000018100014500 60000018100014520 60000018100014499 5.84661374788 7.96667 -22.115 -35.5778
10.3768 60000018100014500 60000018100014499 60000018100014520 60000018100014498 5.52976580795 -7.9955 -19.8992 -38.8502
10.4415 60000018100014499 60000018100014498 60000018100014520 60000018100014497 5.22758097313 9.9468 -8.22483 -37.7882
9.27938 60000018100014669 60000018100014668 60000018100014674 60000018100014667 7.23627606617 -12.1308 2.32389 -13.6446
9.38547 60000018100014668 60000018100014665 60000018100014674 60000018100014664 6.49159774567 -29.3802 12.8479 8.54484
9.51675 60000018100014665 60000018100014664 60000018100014674 60000018100014663 6.14490120342 -8.48462 5.76587 -10.1319
9.61977 60000018100014664 60000018100014663 60000018100014674 60000018100014662 6.01075739884 -9.74003 -0.0844693 1.53991
9.21272 60000018100014687 60000018100014686 60000018100014690 60000018100014685 7.59510714987 -20.9722 6.11924 8.74473
9.0066 60000018100014709 60000018100014708 60000018100014720 60000018100014707 4.93938066349 -6.09287 1.36019 -0.135336
9.14344 60000018100014841 60000018100014840 60000018100014844 60000018100014839 11.4973879548 -3.6647 6.06747 -2.42759
9.16852 60000018100014840 60000018100014839 60000018100014844 60000018100014838 10.9190331982 -0.602639 10.2182 2.37482
9.40131 60000018100014839 60000018100014838 60000018100014844 60000018100014837 10.3674435724 1.12172 10.8991 -3.7029
9.60054 60000018100014838 60000018100014837 60000018100014844 60000018100014836 9.99659046619 0.607121 4.86043 0.318049
9.61899 60000018100014837 60000018100014836 60000018100014844 60000018100014835 9.84138043947 2.41469 3.63017 0.188612
9.7348 60000018100014836 60000018100014835 60000018100014844 60000018100014834 9.38877127194 1.28157 0.906075 3.61205
9.78475 60000018100014835 60000018100014834 60000018100014844 60000018100014833 9.00233985416 -0.30197 4.04131 1.78269
9.80209 60000018100014834 60000018100014833 60000018100014844 60000018100014832 8.9079991856 -1.19659 9.57801 4.68265
9.82468 60000018100014833 60000018100014832 60000018100014844 60000018100014831 8.44947629437 -2.04539 3.30746 -4.41023
9.90524 60000018100014832 60000018100014831 60000018100014844 60000018100014830 8.01217294887 2.6238 11.3811 3.30023
9.98853 60000018100014831 60000018100014830 60000018100014844 60000018100014829 7.59510714987 3.38614 1.97083 9.03412
10.0227 60000018100014830 60000018100014829 60000018100014844 60000018100014828 7.23627606617 -1.64255 9.6892 11.0626
10.0635 60000018100014829 60000018100014828 60000018100014844 60000018100014827 7.00541704554 3.09362 8.43363 2.59016
10.0719 60000018100014828 60000018100014827 60000018100014844 60000018100014826 6.85511726265 2.68091 3.23312 5.01503
10.1013 60000018100014827 60000018100014826 60000018100014844 60000018100014825 6.49159774567 3.31381 6.2784 6.10423
10.142 60000018100014826 60000018100014825 60000018100014844 60000018100014824 6.14490120342 14.3239 0.153456 4.99728
10.1513 60000018100014825 60000018100014824 60000018100014844 60000018100014823 6.01075739884 8.29035 5.78866 0.520673
10.1634 60000018100014824 60000018100014823 60000018100014844 60000018100014822 5.84661374788 12.7372 6.78736 -0.69214
9.07492 60000018100014911 60000018100014910 60000018100014917 60000018100014909 8.01217294887 6.30938 -12.0666 -7.45844
9.1193 60000018100014910 60000018100014909 60000018100014917 60000018100014908 7.59510714987 4.93245 -8.93201 -5.61218
9.27072 60000018100014909 60000018100014907 60000018100014917 60000018100014906 7.00541704554 5.98317 -7.16291 2.77009
9.42404 60000018100014907 60000018100014905 60000018100014917 60000018100014904 6.49159774567 -8.95816 -0.657167 -0.994237
9.53523 60000018100014905 60000018100014899 60000018100014917 60000018100014898 4.99593346816 -7.89625 0.987396 -11.2449
9.59394 60000018100014899 60000018100014898 60000018100014917 60000018100014897 4.93938066349 -5.50987 2.26571 -15.6644
9.626 60000018100014898 60000018100014897 60000018100014917 60000018100014896 4.66451770247 -2.02142 -3.62763 -14.876
9.62831 60000018100014897 60000018100014896 60000018100014917 60000018100014895 4.42803373661 -7.5513 -1.85018 -12.2483
9.69712 60000018100014896 60000018100014895 60000018100014917 60000018100014894 4.17683491473 -4.42603 -1.43253 -6.6978
9.12668 60000018100014937 60000018100014936 60000018100014937 60000018100014935 9.00233985416 -14.2718 -3.94451 8.26692
9.23799 60000018100014936 60000018100014934 60000018100014937 60000018100014933 8.44947629437 -19.7605 -3.10029 6.11303
9.43377 60000018100014934 60000018100014926 60000018100014937 60000018100014925 5.84661374788 -3.24575 -2.17751 -21.3005
9.44093 60000018100014926 60000018100014925 60000018100014937 60000018100014924 5.52976580795 -4.84899 3.5523 -14.4743
9.6229 60000018100014925 60000018100014924 60000018100014937 60000018100014923 5.22758097313 -10.4486 9.50819 -25.0996
9.10415 60000018100014939 60000018100014938 60000018100014940 60000018100014934 8.9079991856 -7.84914 8.94619 -8.79198
9.09637 60000018100014942 60000018100014941 60000018100014942 60000018100014932 7.59510714987 -3.30919 -3.32434 8.77625
9.41534 60000018100015021 60000018100015020 60000018100015027 60000018100015019 5.52976580795 0.711506 12.0023 -5.92071
9.41909 60000018100015020 60000018100015019 60000018100015027 60000018100015018 5.22758097313 -4.8281 5.1365 -2.95038
9.43737 60000018100015019 60000018100015014 60000018100015027 60000018100015013 4.00794511147 -14.0699 2.53425 -11.1071
9.44211 60000018100015014 60000018100015011 60000018100015027 60000018100015010 3.49086136926 -6.21359 10.6529 -1.08607
9.22651 60000018100015042 60000018100015041 60000018100015046 60000018100015040 4.93938066349 1.58219 6.36873 8.49454
9.27072 60000018100015041 60000018100015040 60000018100015046 60000018100015039 4.66451770247 -2.5832 7.5417 -0.34984
9.42771 60000018100015040 60000018100015039 60000018100015046 60000018100015038 4.42803373661 7.39079 13.1732 -14.7107
9.0098 60000018100015070 60000018100015069 60000018100015079 60000018100015068 6.01075739884 -7.12966 -3.32357 1.18816
9.03763 60000018100015069 60000018100015068 60000018100015079 60000018100015067 5.84661374788 -5.97913 -3.51012 -0.0982373
9.05811 60000018100015068 60000018100015067 60000018100015079 60000018100015066 5.52976580795 -6.64164 -4.23723 0.874416
9.07766 60000018100015067 60000018100015066 60000018100015079 60000018100015065 5.22758097313 -5.33462 -3.60138 0.891629
9.12668 60000018100015066 60000018100015064 60000018100015079 60000018100015063 4.93938066349 -7.95403 -7.45138 -8.98175
9.19223 60000018100015064 60000018100015063 60000018100015079 60000018100015062 4.66451770247 -4.06812 -16.3213 -2.04682
9.2026 60000018100015100 60000018100015099 60000018100015106 60000018100015098 6.14490120342 -8.71447 20.4731 28.8479
9.05811 60000018100015172 60000018100015171 60000018100015180 60000018100015170 4.99593346816 6.14112 2.51738 9.40116
9.11179 60000018100015171 60000018100015170 60000018100015180 60000018100015169 4.93938066349 6.99171 7.34658 -1.56659
9.20464 60000018100015170 60000018100015169 60000018100015180 60000018100015168 4.66451770247 3.87505 -11.5255 8.90372
9.2361 60000018100015169 60000018100015168 60000018100015180 60000018100015167 4.42803373661 0.157136 -19.8537 10.6299
9.0098 60000018100015213 60000018100015212 60000018100015222 60000018100015211 6.14490120342 6.53782 -7.77612 -19.1205
9.0098 60000018100015212 60000018100015211 60000018100015222 60000018100015210 6.01075739884 -0.602793 -2.21563 -8.98287
9.03463 60000018100015211 60000018100015209 60000018100015222 60000018100015208 5.52976580795 9.79967 -4.18467 -19.2529
9.04945 60000018100015209 60000018100015207 60000018100015222 60000018100015206 4.99593346816 6.65849 2.99977 -10.6645
9.04945 60000018100015207 60000018100015206 60000018100015222 60000018100015205 4.93938066349 9.28329 0.516561 -11.1338
9.06939 60000018100015206 60000018100015205 60000018100015222 60000018100015204 4.66451770247 9.5708 3.01176 -9.89374
9.05811 60000018100015716 60000018100015715 60000018100015721 60000018100015714 8.01217294887 -3.19318 7.60063 -2.63676
9.08038 60000018100015715 60000018100015714 60000018100015721 60000018100015713 7.59510714987 -1.14153 9.81305 -2.79048
9.2742 60000018100015714 60000018100015713 60000018100015721 60000018100015712 7.23627606617 4.23531 9.37688 -3.61012
9.31083 60000018100015713 60000018100015712 60000018100015721 60000018100015711 7.00541704554 7.19566 10.1848 1.15535
9.31401 60000018100015712 60000018100015711 60000018100015721 60000018100015710 6.85511726265 7.81239 10.4957 0.2626
9.3634 60000018100015711 60000018100015710 60000018100015721 60000018100015709 6.49159774567 8.3253 12.8851 -0.284873
9.38547 60000018100015710 60000018100015709 60000018100015721 60000018100015708 6.14490120342 8.44293 10.7507 -0.963475
9.38948 60000018100015709 60000018100015706 60000018100015721 60000018100015705 5.52976580795 4.28272 3.01639 0.332307
9.47066 60000018100015706 60000018100015705 60000018100015721 60000018100015704 5.22758097313 2.08903 12.9443 -6.59575
9.56557 60000018100015705 60000018100015702 60000018100015721 60000018100015701 4.66451770247 -16.7785 18.6166 -4.55094
9.59642 60000018100015702 60000018100015700 60000018100015721 60000018100015699 4.17683491473 -14.2729 9.92655 -12.3358
9.67353 60000018100015700 60000018100015699 60000018100015721 60000018100015698 4.00794511147 -5.60199 5.65559 -4.44773
10.1323 60000018100015699 60000018100015697 60000018100015721 60000018100015696 3.70877426464 34.6872 35.5559 7.95371
10.3412 60000018100015697 60000018100015696 60000018100015721 60000018100015695 3.49086136926 13.2959 8.10792 -20.4125
10.4699 60000018100015696 60000018100015695 60000018100015721 60000018100015694 3.28303305796 32.0928 -7.3807 4.407
10.5349 60000018100015695 60000018100015694 60000018100015721 60000018100015693 3.08482263583 28.4373 -25.9365 6.49959
10.5644 60000018100015694 60000018100015693 60000018100015721 60000018100015692 3.00813107163 30.5032 -33.4763 1.27288
10.5991 60000018100015693 60000018100015692 60000018100015721 60000018100015691 2.89578500573 52.0198 -36.5066 17.0529
9.04062 60000018100015763 60000018100015762 60000018100015773 60000018100015761 7.00541704554 -1.03451 0.612106 1.06896
9.05235 60000018100015762 60000018100015761 60000018100015773 60000018100015760 6.85511726265 -1.56126 4.45516 0.138802
9.14578 60000018100015761 60000018100015760 60000018100015773 60000018100015759 6.49159774567 8.44812 7.29289 1.13209
9.2929 60000018100015760 60000018100015759 60000018100015773 60000018100015758 6.14490120342 -3.99376 15.6911 11.6089
9.30278 60000018100015759 60000018100015758 60000018100015773 60000018100015757 6.01075739884 -1.58458 14.6554 12.1531
9.35194 60000018100015758 60000018100015757 60000018100015773 60000018100015756 5.84661374788 -3.0206 15.1021 17.1431
9.36056 60000018100015757 60000018100015756 60000018100015773 60000018100015755 5.52976580795 0.245608 15.6693 13.4046
9.42157 60000018100015756 60000018100015755 60000018100015773 60000018100015754 5.22758097313 -5.98664 12.7819 17.4041
9.5256 60000018100015755 60000018100015754 60000018100015773 60000018100015753 4.99593346816 1.72278 11.2639 6.58689
9.5256 60000018100015754 60000018100015753 60000018100015773 60000018100015752 4.93938066349 -3.32496 10.1282 10.809
9.57869 60000018100015753 60000018100015752 60000018100015773 60000018100015751 4.66451770247 8.62541 8.65754 -10.2181
9.717 60000018100015752 60000018100015750 60000018100015773 60000018100015749 4.17683491473 8.80074 7.60479 -6.97364
9.85444 60000018100015750 60000018100015749 60000018100015773 60000018100015748 4.00794511147 14.3921 8.77711 0.836331
9.90402 60000018100015749 60000018100015748 60000018100015773 60000018100015747 3.93726108473 19.5387 -3.1749 3.22571
9.07492 60000018100015802 60000018100015801 60000018100015809 60000018100015800 7.23627606617 12.117 1.93287 -6.08871
9.1193 60000018100015801 60000018100015797 60000018100015809 60000018100015796 6.14490120342 1.28817 4.88856 1.37978
9.14578 60000018100015797 60000018100015793 60000018100015809 60000018100015792 5.22758097313 5.51038 2.14933 -5.88301
9.09898 60000018100015843 60000018100015842 60000018100015852 60000018100015841 5.52976580795 -3.20003 1.34384 -3.7829
9.1193 60000018100015842 60000018100015841 60000018100015852 60000018100015840 5.22758097313 -4.41976 -4.05731 -2.26114
9.14811 60000018100015841 60000018100015840 60000018100015852 60000018100015839 4.99593346816 -3.53218 -1.4392 1.50643
9.17073 60000018100015840 60000018100015839 60000018100015852 60000018100015838 4.93938066349 -3.58884 0.50753 0.425243
9.22066 60000018100015839 60000018100015838 60000018100015852 60000018100015837 4.66451770247 -4.00454 -0.630153 -2.73786
9.35771 60000018100015838 60000018100015837 60000018100015852 60000018100015836 4.42803373661 -7.66778 5.00837 1.49395
9.37319 60000018100015837 60000018100015836 60000018100015852 60000018100015835 4.17683491473 -12.4689 4.33108 1.47077
9.35483 60000018100015859 60000018100015858 60000018100015876 60000018100015857 4.00794511147 -9.12962 8.08191 0.527826
9.11179 60000018100015920 60000018100015919 60000018100015928 60000018100015918 8.01217294887 -6.19828 -3.99807 1.89579
9.17729 60000018100015919 60000018100015918 60000018100015928 60000018100015917 7.59510714987 -7.92186 -1.51683 0.892039
9.2361 60000018100015918 60000018100015917 60000018100015928 60000018100015916 7.23627606617 -5.23525 -0.861023 -0.824604
9.27594 60000018100015917 60000018100015916 60000018100015928 60000018100015915 7.00541704554 -4.84341 0.858708 -0.407265
9.2929 60000018100015916 60000018100015915 60000018100015928 60000018100015914 6.85511726265 -4.63161 -0.269485 -0.32668
9.33866 60000018100015915 60000018100015914 60000018100015928 60000018100015913 6.49159774567 -6.03428 3.02866 -1.2524
9.39214 60000018100015914 60000018100015913 60000018100015928 60000018100015912 6.14490120342 -5.126 2.89972 -1.1077
9.43737 60000018100015913 60000018100015912 60000018100015928 60000018100015911 6.01075739884 -8.95717 8.48088 -5.17381
9.44681 60000018100015912 60000018100015911 60000018100015928 60000018100015910 5.84661374788 -7.79189 7.5396 -5.66637
9.48905 60000018100015911 60000018100015910 60000018100015928 60000018100015909 5.52976580795 -9.78958 6.54777 -7.52336
9.51873 60000018100015910 60000018100015909 60000018100015928 60000018100015908 5.22758097313 -11.8995 6.88356 -7.09583
9.56911 60000018100015909 60000018100015908 60000018100015928 60000018100015907 4.99593346816 -15.6667 6.29971 -9.5512
9.56911 60000018100015908 60000018100015907 60000018100015928 60000018100015906 4.93938066349 -16.6519 7.93887 -8.29552
9.63061 60000018100015907 60000018100015906 60000018100015928 60000018100015905 4.66451770247 -18.9384 6.74965 -22.7088
9.69118 60000018100015906 60000018100015905 60000018100015928 60000018100015904 4.42803373661 -20.0698 9.67998 -39.865
9.70492 60000018100015905 60000018100015904 60000018100015928 60000018100015903 4.17683491473 -25.3569 13.46 -43.8076
9.0066 60000018100015944 60000018100015943 60000018100015948 60000018100015942 6.14490120342 -1.33638 -0.634098 -6.23027
9.01298 60000018100015943 60000018100015942 60000018100015948 60000018100015941 6.01075739884 0.288034 -1.23379 -7.81641
9.04062 60000018100015942 60000018100015941 60000018100015948 60000018100015940 5.84661374788 0.518151 1.15368 -5.40114
9.09637 60000018100015941 60000018100015940 60000018100015948 60000018100015939 5.52976580795 0.194505 0.139067 -7.55175
9.12424 60000018100015940 60000018100015939 60000018100015948 60000018100015938 5.22758097313 0.705517 1.90201 -5.73312
9.13154 60000018100016065 60000018100016064 60000018100016071 60000018100016063 9.84138043947 -0.912099 7.98766 -5.84486
9.18802 60000018100016064 60000018100016063 60000018100016071 60000018100016062 9.38877127194 6.11081 2.07228 0.99104
9.35914 60000018100016063 60000018100016062 60000018100016071 60000018100016061 9.00233985416 -2.20072 5.94 -7.17078
9.36763 60000018100016062 60000018100016061 60000018100016071 60000018100016060 8.9079991856 -1.20417 5.10377 -5.63602
9.43377 60000018100016061 60000018100016060 60000018100016071 60000018100016059 8.44947629437 -3.6191 4.62708 -5.56808
9.66655 60000018100016060 60000018100016059 60000018100016071 60000018100016058 8.01217294887 9.07229 5.15296 3.31509
9.74018 60000018100016059 60000018100016058 60000018100016071 60000018100016057 7.59510714987 17.2099 17.0874 -0.544568
10.1036 60000018100016058 60000018100016057 60000018100016071 60000018100016056 7.23627606617 20.473 3.30294 2.34974
10.2712 60000018100016057 60000018100016056 60000018100016071 60000018100016055 7.00541704554 17.4503 -24.9283 23.7885
10.3458 60000018100016056 60000018100016054 60000018100016071 60000018100016053 6.49159774567 19.1103 -21.9574 29.9948
10.4095 60000018100016054 60000018100016053 60000018100016071 60000018100016052 6.14490120342 10.8154 -17.4402 32.2047
10.4521 60000018100016053 60000018100016052 60000018100016071 60000018100016051 6.01075739884 6.87623 -17.2246 44.7508
10.4902 60000018100016052 60000018100016051 60000018100016071 60000018100016050 5.84661374788 14.6539 -14.5651 45.4166
10.4951 60000018100016051 60000018100016050 60000018100016071 60000018100016049 5.52976580795 3.14408 -3.11339 59.8794
10.5446 60000018100016050 60000018100016049 60000018100016071 60000018100016048 5.22758097313 23.8208 4.62452 67.2586
10.5799 60000018100016049 60000018100016048 60000018100016071 60000018100016047 4.99593346816 12.4237 10.3606 66.5798
10.5871 60000018100016048 60000018100016047 60000018100016071 60000018100016046 4.93938066349 19.4062 7.6355 64.6357
10.6381 60000018100016047 60000018100016045 60000018100016071 60000018100016044 4.42803373661 9.19129 -64.6053 59.6891
10.689 60000018100016045 60000018100016044 60000018100016071 60000018100016043 4.17683491473 13.3111 -126.504 59.9965
10.7477 60000018100016044 60000018100016043 60000018100016071 60000018100016042 4.00794511147 -5.08613 -142.425 69.2755
10.7986 60000018100016043 60000018100016042 60000018100016071 60000018100016041 3.93726108473 -18.9801 -162.151 71.0279
10.8636 60000018100016042 60000018100016041 60000018100016071 60000018100016040 3.70877426464 -14.9029 -197.976 71.7641
10.929 60000018100016041 60000018100016040 60000018100016071 60000018100016039 3.49086136926 4.99566 -226.485 54.5942
10.9634 60000018100016040 60000018100016039 60000018100016071 60000018100016038 3.28303305796 -4.79153 -177.203 50.3416
10.9995 60000018100016039 60000018100016038 60000018100016071 60000018100016037 3.08482263583 -39.7776 -208.987 24.58
11.0053 60000018100016038 60000018100016036 60000018100016071 60000018100016035 2.89578500573 -52.2527 -163.253 21.6747
9.14811 60000018100016108 60000018100016107 60000018100016110 60000018100016106 10.9190331982 4.6948 -0.0435379 4.95091
9.22651 60000018100016107 60000018100016106 60000018100016110 60000018100016105 10.3674435724 4.68224 0.799323 3.00326
9.42157 60000018100016106 60000018100016105 60000018100016110 60000018100016104 9.99659046619 7.54248 4.65888 -3.27237
9.50055 60000018100016105 60000018100016103 60000018100016110 60000018100016102 9.38877127194 11.75 3.86177 6.83892
9.54465 60000018100016103 60000018100016102 60000018100016110 60000018100016101 9.00233985416 6.39574 2.4417 3.2565
9.61346 60000018100016102 60000018100016101 60000018100016110 60000018100016100 8.9079991856 10.7409 10.6096 -2.09643
9.70428 60000018100016101 60000018100016100 60000018100016110 60000018100016099 8.44947629437 10.4064 7.35957 9.11212
9.05235 60000018100016141 60000018100016140 60000018100016143 60000018100016139 9.00233985416 -18.9983 3.32642 -1.45008
9.13154 60000018100016140 60000018100016138 60000018100016143 60000018100016137 8.44947629437 -15.7468 4.34056 -0.333524
9.0098 60000018100016162 60000018100016161 60000018100016171 60000018100016160 6.85511726265 -5.68458 3.54 8.43304
9.03763 60000018100016161 60000018100016160 60000018100016171 60000018100016159 6.49159774567 -4.25591 6.2381 8.1734
9.0316 60000018100016201 60000018100016200 60000018100016204 60000018100016199 9.99659046619 3.47536 -5.55642 8.61974
9.06378 60000018100016200 60000018100016199 60000018100016204 60000018100016198 9.84138043947 2.23199 -3.92004 8.55285
9.30278 60000018100016199 60000018100016197 60000018100016204 60000018100016196 9.00233985416 -2.49525 -8.72403 -27.995
9.37319 60000018100016197 60000018100016191 60000018100016204 60000018100016190 7.00541704554 -12.0502 10.2235 -25.6302
9.42649 60000018100016191 60000018100016190 60000018100016204 60000018100016189 6.85511726265 0.232453 -3.8949 -32.1095
9.05524 60000018100016213 60000018100016212 60000018100016217 60000018100016211 8.01217294887 -5.26851 -5.57572 -0.217155
9.22457 60000018100016212 60000018100016211 60000018100016217 60000018100016210 7.59510714987 -5.30009 -1.52641 -15.2546
9.17512 60000018100016270 60000018100016269 60000018100016274 60000018100016268 5.22758097313 -33.4649 -14.2767 0.0783706
9.02239 60000018100016317 60000018100016316 60000018100016324 60000018100016315 7.23627606617 4.61184 -5.67951 2.53078
9.10415 60000018100016316 60000018100016314 60000018100016324 60000018100016313 6.85511726265 7.03575 -9.24085 5.56919
9.13394 60000018100016314 60000018100016312 60000018100016324 60000018100016311 6.14490120342 1.91932 -4.42721 1.72309
9.17073 60000018100016312 60000018100016311 60000018100016324 60000018100016310 6.01075739884 2.42547 -8.75267 7.38384
9.23037 60000018100016311 60000018100016310 60000018100016324 60000018100016309 5.84661374788 1.80647 -9.86482 7.2347
9.01614 60000018100016375 60000018100016374 60000018100016383 60000018100016373 8.9079991856 5.33653 -8.64933 2.18946
9.26008 60000018100016374 60000018100016373 60000018100016383 60000018100016372 8.44947629437 8.76246 -20.4272 3.01048
9.42033 60000018100016373 60000018100016371 60000018100016383 60000018100016370 7.59510714987 -4.15415 -15.9741 12.3474
9.52948 60000018100016371 60000018100016370 60000018100016383 60000018100016369 7.23627606617 -11.8434 -4.80477 13.0319
9.58041 60000018100016370 60000018100016369 60000018100016383 60000018100016368 7.00541704554 -11.3508 -3.56786 19.7341
9.64416 60000018100016369 60000018100016368 60000018100016383 60000018100016367 6.85511726265 -12.2432 0.82591 21.7106
9.67005 60000018100016368 60000018100016367 60000018100016383 60000018100016366 6.49159774567 -11.1687 -2.18288 16.8839
9.72198 60000018100016367 60000018100016363 60000018100016383 60000018100016362 5.52976580795 -30.4126 14.6829 23.1065
9.38681 60000018100016388 60000018100016387 60000018100016395 60000018100016386 8.01217294887 -10.7637 -7.84581 24.7844
9.00337 60000018100016491 60000018100016490 60000018100016498 60000018100016489 6.85511726265 -3.30298 1.60691 -1.51623
9.20055 60000018100016490 60000018100016489 60000018100016498 60000018100016488 6.49159774567 5.88059 17.424 12.5121
9.25466 60000018100016489 60000018100016488 60000018100016498 60000018100016487 6.14490120342 4.18263 14.7064 12.5142
9.26543 60000018100016488 60000018100016487 60000018100016498 60000018100016486 6.01075739884 1.11245 10.4431 10.9681
9.32031 60000018100016487 60000018100016483 60000018100016498 60000018100016482 4.99593346816 6.9576 19.2606 7.70892
9.36902 60000018100016483 60000018100016482 60000018100016498 60000018100016481 4.93938066349 8.79625 20.8659 9.99091
9.24733 60000018100016542 60000018100016541 60000018100016549 60000018100016540 7.59510714987 -18.999 4.29293 -4.10829
9.27246 60000018100016541 60000018100016540 60000018100016549 60000018100016539 7.23627606617 -18.0098 -0.747932 -4.03185
9.52365 60000018100016540 60000018100016538 60000018100016549 60000018100016537 6.85511726265 -4.8031 11.1721 -24.8523
9.57783 60000018100016538 60000018100016535 60000018100016549 60000018100016534 6.01075739884 -12.5815 18.105 -26.7638
9.66302 60000018100016535 60000018100016532 60000018100016549 60000018100016531 5.22758097313 -24.508 10.4845 -22.7899
9.72691 60000018100016532 60000018100016531 60000018100016549 60000018100016530 4.99593346816 -15.7679 1.36893 -38.0938
9.77718 60000018100016531 60000018100016530 60000018100016549 60000018100016529 4.93938066349 -22.6966 -0.884486 -41.6303
9.88316 60000018100016530 60000018100016529 60000018100016549 60000018100016528 4.66451770247 -32.07 -9.3625 -52.7573
9.08578 60000018100016561 60000018100016560 60000018100016565 60000018100016559 8.44947629437 -0.155299 -0.962431 8.14363
9.13394 60000018100016560 60000018100016559 60000018100016565 60000018100016558 8.01217294887 2.65037 -2.46002 5.22444
9.14811 60000018100016559 60000018100016558 60000018100016565 60000018100016557 7.59510714987 4.07486 -2.5436 4.48601
9.1663 60000018100016558 60000018100016557 60000018100016565 60000018100016556 7.23627606617 0.88961 1.2745 11.3515
9.00337 60000018100016605 60000018100016604 60000018100016613 60000018100016603 6.14490120342 -9.75186 -3.49605 10.622
9.20055 60000018100016604 60000018100016602 60000018100016613 60000018100016601 5.84661374788 -4.3507 -5.35242 10.4025
9.2811 60000018100016602 60000018100016601 60000018100016613 60000018100016600 5.52976580795 -9.64916 6.72789 10.2086
9.32805 60000018100016601 60000018100016600 60000018100016613 60000018100016599 5.22758097313 0.191733 1.14051 7.36945
9.36902 60000018100016600 60000018100016599 60000018100016613 60000018100016598 4.99593346816 -7.91718 1.43452 7.86129
9.48479 60000018100016599 60000018100016598 60000018100016613 60000018100016597 4.93938066349 -14.7183 7.82514 10.6028
9.49011 60000018100016598 60000018100016597 60000018100016613 60000018100016596 4.66451770247 -7.38015 3.00312 8.20992
9.51074 60000018100016597 60000018100016596 60000018100016613 60000018100016595 4.42803373661 -6.40949 3.62877 10.6923
9.07766 60000018100016651 60000018100016650 60000018100016659 60000018100016649 6.85511726265 -0.921774 -11.3851 -4.51854
9.12178 60000018100016650 60000018100016649 60000018100016659 60000018100016648 6.49159774567 -2.06639 -11.4901 -3.66553
9.13394 60000018100016649 60000018100016636 60000018100016659 60000018100016635 3.70877426464 1.42178 -9.11888 1.15072
9.13871 60000018100016636 60000018100016635 60000018100016659 60000018100016634 3.49086136926 -0.779245 -10.7137 4.82672
9.18376 60000018100016635 60000018100016634 60000018100016659 60000018100016633 3.28303305796 -14.1548 -8.66347 -13.1109
9.18376 60000018100016634 60000018100016633 60000018100016659 60000018100016632 3.08482263583 -7.57613 -7.51729 -13.2875
9.00337 60000018100016688 60000018100016687 60000018100016702 60000018100016686 3.93726108473 5.50534 8.12813 -17.5664
9.09375 60000018100016687 60000018100016686 60000018100016702 60000018100016685 3.70877426464 5.91698 9.86724 -12.2883
9.01298 60000018100016721 60000018100016720 60000018100016735 60000018100016719 4.17683491473 -4.76747 -8.2593 -6.54242
9.01928 60000018100016720 60000018100016719 60000018100016735 60000018100016718 4.00794511147 -5.09169 -7.92128 -4.70394
9.01928 60000018100016719 60000018100016718 60000018100016735 60000018100016717 3.93726108473 -3.32737 -8.6901 -4.81448
9.07216 60000018100016829 60000018100016828 60000018100016831 60000018100016827 7.00541704554 3.30906 -9.51073 -2.14926
9.12912 60000018100016828 60000018100016820 60000018100016831 60000018100016819 4.99593346816 -0.506617 -16.4563 -3.0985
9.15956 60000018100016820 60000018100016819 60000018100016831 60000018100016818 4.93938066349 1.60054 -10.3828 -0.608981
9.21472 60000018100016923 60000018100016922 60000018100016927 60000018100016921 8.01217294887 10.2045 10.4975 1.26401
9.39081 60000018100016922 60000018100016921 60000018100016927 60000018100016920 7.59510714987 21.4386 3.29795 13.8278
9.49848 60000018100016921 60000018100016920 60000018100016927 60000018100016919 7.23627606617 35.3847 -4.97508 15.8153
9.51675 60000018100016920 60000018100016919 60000018100016927 60000018100016918 7.00541704554 26.1775 3.59657 14.1105
9.67767 60000018100016919 60000018100016917 60000018100016927 60000018100016916 6.49159774567 25.9396 -6.15962 27.8558
9.70039 60000018100016917 60000018100016916 60000018100016927 60000018100016915 6.14490120342 19.4826 -8.37584 23.8271
9.7372 60000018100016916 60000018100016915 60000018100016927 60000018100016914 6.01075739884 15.7895 -6.86821 20.1822
9.8517 60000018100016915 60000018100016913 60000018100016927 60000018100016912 5.52976580795 30.2598 -16.7217 20.6444
9.90443 60000018100016913 60000018100016912 60000018100016927 60000018100016911 5.22758097313 30.5321 -14.3723 17.4018
9.94147 60000018100016912 60000018100016911 60000018100016927 60000018100016910 4.99593346816 31.9305 -18.0344 22.9329
10.0092 60000018100016911 60000018100016909 60000018100016927 60000018100016908 4.66451770247 25.7884 -34.0998 21.6448
10.0774 60000018100016909 60000018100016907 60000018100016927 60000018100016906 4.17683491473 -8.69998 -53.2267 27.7769
10.1161 60000018100016907 60000018100016906 60000018100016927 60000018100016905 4.00794511147 -5.12426 -58.2022 28.9761
10.1361 60000018100016906 60000018100016905 60000018100016927 60000018100016904 3.93726108473 -11.9663 -65.5293 37.9296
10.1562 60000018100016905 60000018100016904 60000018100016927 60000018100016903 3.70877426464 -18.166 -70.707 36.3844
10.192 60000018100016904 60000018100016903 60000018100016927 60000018100016902 3.49086136926 -16.7357 -60.3809 33.2622
10.2191 60000018100016903 60000018100016902 60000018100016927 60000018100016901 3.28303305796 -11.5282 -51.4248 30.1563
10.2414 60000018100016902 60000018100016901 60000018100016927 60000018100016900 3.08482263583 -13.5246 -39.4386 24.638
10.264 60000018100016901 60000018100016900 60000018100016927 60000018100016899 3.00813107163 -9.44223 -30.3805 24.6968
10.2656 60000018100016900 60000018100016899 60000018100016927 60000018100016898 2.89578500573 -8.8214 -27.254 17.6692
9.19223 60000018100016991 60000018100016990 60000018100016998 60000018100016989 6.49159774567 11.1382 2.76939 -20.9272
9.22262 60000018100016990 60000018100016981 60000018100016998 60000018100016980 4.42803373661 4.47118 -8.34712 0.59182
9.08578 60000018100017166 60000018100017165 60000018100017173 60000018100017164 5.52976580795 16.7752 14.8743 14.2494
9.08845 60000018100017165 60000018100017163 60000018100017173 60000018100017162 4.99593346816 2.3627 4.63835 6.98804
9.2361 60000018100017163 60000018100017161 60000018100017173 60000018100017160 4.66451770247 -16.3255 0.924651 5.7906
9.25828 60000018100017161 60000018100017158 60000018100017173 60000018100017157 4.00794511147 -7.38319 -1.46657 8.01557
9.2742 60000018100017158 60000018100017156 60000018100017173 60000018100017155 3.70877426464 -7.785 12.0621 6.76785
9.00012 60000018100017199 60000018100017198 60000018100017218 60000018100017197 3.08482263583 -4.97964 -8.94635 -7.91872
10.0133 60000018100017311 60000018100017310 60000018100017320 60000018100017309 2.5772902716 -38.1131 -8.57974 4.76233
9.13634 60000018100017393 60000018100017392 60000018100017408 60000018100017391 3.70877426464 9.65138 27.9755 9.77152
9.30763 60000018100017392 60000018100017389 60000018100017408 60000018100017388 3.08482263583 7.40795 22.46 8.34869
9.32497 60000018100017389 60000018100017387 60000018100017408 60000018100017386 2.89578500573 13.3125 17.4474 7.3635
9.44211 60000018100017387 60000018100017386 60000018100017408 60000018100017385 2.73314261732 1.15539 22.7627 9.76363
9.3156 60000018100017410 60000018100017409 60000018100017424 60000018100017389 3.28303305796 8.59241 25.0254 10.6999
9.19433 60000018100017429 60000018100017428 60000018100017445 60000018100017427 3.49086136926 -5.58595 15.717 14.4463
9.01928 60000018100017502 60000018100017501 60000018100017510 60000018100017500 2.73314261732 -11.5786 9.55716 9.99657
9.0316 60000018100017501 60000018100017500 60000018100017510 60000018100017499 2.5772902716 -8.66981 10.5292 6.50892
9.04358 60000018100017500 60000018100017499 60000018100017510 60000018100017498 2.44422570455 -8.95138 8.94668 3.60103
9.02239 60000018100017634 60000018100017633 60000018100017641 60000018100017632 7.59510714987 0.22004 0.843065 -2.46676
9.08578 60000018100017633 60000018100017632 60000018100017641 60000018100017631 7.23627606617 -2.20577 3.18071 3.1377
9.24548 60000018100017632 60000018100017631 60000018100017641 60000018100017630 7.00541704554 0.863239 4.6962 2.07323
9.26896 60000018100017631 60000018100017630 60000018100017641 60000018100017629 6.85511726265 -1.94807 14.1138 10.359
9.49848 60000018100017630 60000018100017629 60000018100017641 60000018100017628 6.49159774567 1.25274 -2.25315 -4.97863
9.5314 60000018100017629 60000018100017624 60000018100017641 60000018100017623 5.22758097313 3.7336 4.17946 -12.7723
9.54185 60000018100017624 60000018100017618 60000018100017641 60000018100017617 4.00794511147 4.62234 3.78771 -18.4232
9.5566 60000018100017618 60000018100017616 60000018100017641 60000018100017615 3.70877426464 -0.742959 -0.210036 -17.034
9.23037 60000018100017891 60000018100017890 60000018100017898 60000018100017889 6.01075739884 -5.519 -21.4221 -8.01486
9.2811 60000018100017890 60000018100017882 60000018100017898 60000018100017881 4.17683491473 -13.801 -8.38063 -4.9068
9.31083 60000018100017882 60000018100017880 60000018100017898 60000018100017879 3.93726108473 -11.3444 -8.97236 -4.79387
9.33263 60000018100017880 60000018100017879 60000018100017898 60000018100017878 3.70877426464 -13.1337 -10.6854 -3.73353
9.33866 60000018100017879 60000018100017876 60000018100017898 60000018100017875 3.08482263583 -7.48775 -14.83 -2.90927
9.37181 60000018100017876 60000018100017874 60000018100017898 60000018100017873 2.89578500573 -11.6638 -11.6676 -2.89625
9.41534 60000018100017874 60000018100017870 60000018100017898 60000018100017869 2.31611074396 -18.1319 -17.8934 6.03226
9.10415 60000018100017903 60000018100017902 60000018100017913 60000018100017901 4.99593346816 -11.6633 -4.05292 -1.17815
9.37319 60000018100018074 60000018100018073 60000018100018082 60000018100018072 6.14490120342 -5.60172 18.8764 7.4604
9.43136 60000018100018073 60000018100018072 60000018100018082 60000018100018071 6.01075739884 -4.49559 17.671 1.72905
9.50771 60000018100018072 60000018100018071 60000018100018082 60000018100018070 5.84661374788 -7.51604 18.3811 5.41877
9.5761 60000018100018071 60000018100018069 60000018100018082 60000018100018068 5.22758097313 -3.7419 15.6111 5.14965
9.61026 60000018100018069 60000018100018067 60000018100018082 60000018100018066 4.93938066349 -3.24859 15.8377 10.5565
9.66443 60000018100018067 60000018100018066 60000018100018082 60000018100018065 4.66451770247 12.4814 26.8901 -5.87179
9.7336 60000018100018066 60000018100018065 60000018100018082 60000018100018064 4.42803373661 15.9852 28.8152 12.4419
9.7348 60000018100018065 60000018100018064 60000018100018082 60000018100018063 4.17683491473 16.1393 28.7672 13.1779
9.79008 60000018100018064 60000018100018063 60000018100018082 60000018100018062 4.00794511147 21.6177 29.2742 11.6718
9.81227 60000018100018063 60000018100018061 60000018100018082 60000018100018060 3.70877426464 18.0649 29.7901 16.7048
9.10926 60000018100018092 60000018100018091 60000018100018097 60000018100018090 6.49159774567 3.58299 -2.5665 1.59234
9.0098 60000018100018249 60000018100018248 60000018100018268 60000018100018247 2.00202813925 4.83484 3.49902 -4.831
9.02855 60000018100018248 60000018100018247 60000018100018268 60000018100018246 1.90408954353 9.48198 3.89351 -6.45082
9.04062 60000018100018247 60000018100018246 60000018100018268 60000018100018245 1.82268925262 8.58861 1.58198 -6.17586
9.04945 60000018100018246 60000018100018244 60000018100018268 60000018100018243 1.66666955611 3.15439 -1.00979 -9.54811
9.01298 60000018100018433 60000018100018432 60000018100018446 60000018100018431 3.70877426464 7.02238 2.23988 -0.538589
9.13154 60000018100018432 60000018100018429 60000018100018446 60000018100018428 3.08482263583 13.375 7.04763 -6.45415
9.13871 60000018100018429 60000018100018428 60000018100018446 60000018100018427 3.00813107163 15.0391 8.02029 -8.50091
9.14811 60000018100018428 60000018100018427 60000018100018446 60000018100018426 2.89578500573 14.6172 8.23796 -7.11751
9.1573 60000018100018427 60000018100018426 60000018100018446 60000018100018425 2.73314261732 12.0559 10.6025 -8.12619
9.20464 60000018100018426 60000018100018425 60000018100018446 60000018100018424 2.5772902716 15.4751 6.48312 -5.01137
9.21869 60000018100018425 60000018100018424 60000018100018446 60000018100018423 2.44422570455 17.1391 11.6725 -5.55459
9.25828 60000018100018424 60000018100018423 60000018100018446 60000018100018422 2.31611074396 15.177 7.78214 -3.80639
9.29622 60000018100018423 60000018100018422 60000018100018446 60000018100018421 2.20792547238 15.0314 3.79806 -0.883269
9.31243 60000018100018422 60000018100018421 60000018100018446 60000018100018420 2.1032696526 14.9415 -2.0021 2.94724
9.40518 60000018100018421 60000018100018420 60000018100018446 60000018100018419 2.00202813925 16.3891 -25.584 6.44512
9.09637 60000018100018529 60000018100018528 60000018100018544 60000018100018527 2.5772902716 11.6932 4.30781 11.9056
9.14344 60000018100018528 60000018100018527 60000018100018544 60000018100018526 2.44422570455 15.8246 5.37232 20.4498
9.17512 60000018100018527 60000018100018526 60000018100018544 60000018100018525 2.31611074396 13.6747 6.02597 18.1548
9.19848 60000018100018526 60000018100018524 60000018100018544 60000018100018523 2.1032696526 14.2144 7.715 18.2488
9.14108 60000018100018827 60000018100018826 60000018100018830 60000018100018825 9.99659046619 -1.16686 0.249077 -4.22312
9.17293 60000018100018826 60000018100018824 60000018100018830 60000018100018823 9.38877127194 -3.96012 1.86711 -3.22458
9.21472 60000018100018824 60000018100018823 60000018100018830 60000018100018822 9.00233985416 -1.91681 1.20452 -5.4007
9.2361 60000018100018823 60000018100018822 60000018100018830 60000018100018821 8.9079991856 0.295948 0.82414 -5.33503
9.32805 60000018100018822 60000018100018821 60000018100018830 60000018100018820 8.44947629437 1.53788 -1.53657 -15.5321
9.34461 60000018100018821 60000018100018820 60000018100018830 60000018100018819 8.01217294887 3.26095 0.103463 -6.78437
9.42893 60000018100018820 60000018100018819 60000018100018830 60000018100018818 7.59510714987 3.00479 -0.930457 -8.16328
9.54651 60000018100018819 60000018100018818 60000018100018830 60000018100018817 7.23627606617 1.7418 -13.071 -16.6096
9.58469 60000018100018818 60000018100018816 60000018100018830 60000018100018815 6.85511726265 4.88905 -16.8215 -19.3686
9.72384 60000018100018816 60000018100018815 60000018100018830 60000018100018814 6.49159774567 7.23801 -15.1374 -21.6427
9.8719 60000018100018815 60000018100018814 60000018100018830 60000018100018813 6.14490120342 16.5392 -12.7525 -28.4412
9.97801 60000018100018814 60000018100018813 60000018100018830 60000018100018812 6.01075739884 28.5042 -12.8992 -28.3908
10.0282 60000018100018813 60000018100018812 60000018100018830 60000018100018811 5.84661374788 30.5414 -17.8088 -28.6536
10.1327 60000018100018812 60000018100018811 60000018100018830 60000018100018810 5.52976580795 46.5349 -31.1573 -40.1756
10.2089 60000018100018811 60000018100018810 60000018100018830 60000018100018809 5.22758097313 38.15 -33.1418 -50.313
10.267 60000018100018810 60000018100018809 60000018100018830 60000018100018808 4.99593346816 42.5625 -32.8436 -48.8278
10.2927 60000018100018809 60000018100018808 60000018100018830 60000018100018807 4.93938066349 35.879 -40.7828 -51.5783
10.455 60000018100018808 60000018100018807 60000018100018830 60000018100018806 4.66451770247 -82.0279 -31.5509 -16.5461
10.5415 60000018100018807 60000018100018806 60000018100018830 60000018100018805 4.42803373661 -88.5834 -49.2597 16.2793
10.6434 60000018100018806 60000018100018805 60000018100018830 60000018100018804 4.17683491473 -120.346 -77.9541 70.1749
10.6971 60000018100018805 60000018100018804 60000018100018830 60000018100018803 4.00794511147 -121.823 -43.893 78.4514
10.7399 60000018100018804 60000018100018803 60000018100018830 60000018100018802 3.93726108473 -137.287 -21.1231 55.8655
10.869 60000018100018803 60000018100018802 60000018100018830 60000018100018801 3.70877426464 -164.189 17.6354 -125.493
10.9755 60000018100018802 60000018100018800 60000018100018830 60000018100018799 3.28303305796 -164.429 10.4449 -32.0652
10.9967 60000018100018800 60000018100018799 60000018100018830 60000018100018798 3.08482263583 -153.348 28.8891 12.972
10.9983 60000018100018799 60000018100018797 60000018100018830 60000018100018796 2.89578500573 -163.614 50.7033 11.3232
11.023 60000018100018797 60000018100018795 60000018100018830 60000018100018794 2.5772902716 -195.191 67.2171 -9.13022
11.0273 60000018100018795 60000018100018794 60000018100018830 60000018100018793 2.44422570455 -188.307 81.1482 -57.1239
11.0351 60000018100018794 60000018100018793 60000018100018830 60000018100018792 2.31611074396 -141.673 66.1463 -39.3332
11.0613 60000018100018793 60000018100018791 60000018100018830 60000018100018790 2.1032696526 -160.317 49.1417 3.48086
11.0664 60000018100018791 60000018100018788 60000018100018830 60000018100018787 1.82268925262 -175.784 10.258 -35.6086
11.0737 60000018100018788 60000018100018787 60000018100018830 60000018100018786 1.74357057433 -191.789 59.333 -15.9259
11.0758 60000018100018787 60000018100018786 60000018100018830 60000018100018785 1.66666955611 -171.886 43.6042 -33.0593
9.04062 60000018100018837 60000018100018836 60000018100018841 60000018100018835 8.01217294887 -3.72325 -13.5329 -1.28841
9.13634 60000018100018836 60000018100018835 60000018100018841 60000018100018834 7.59510714987 -4.80787 -2.71608 -1.94579
9.02239 60000018100018860 60000018100018859 60000018100018867 60000018100018858 9.38877127194 12.4261 -6.76591 8.75756
9.13154 60000018100018859 60000018100018858 60000018100018867 60000018100018857 9.00233985416 6.8348 -5.47439 5.48756
9.18802 60000018100018858 60000018100018857 60000018100018867 60000018100018856 8.9079991856 14.7724 -2.25116 2.11901
9.2672 60000018100018857 60000018100018856 60000018100018867 60000018100018855 8.44947629437 14.6455 -2.41508 2.53961
9.38948 60000018100018856 60000018100018855 60000018100018867 60000018100018854 8.01217294887 17.9308 -4.59108 4.25133
9.41156 60000018100018855 60000018100018854 60000018100018867 60000018100018853 7.59510714987 17.6479 -4.226 4.77878
9.44093 60000018100018854 60000018100018853 60000018100018867 60000018100018852 7.23627606617 16.0565 -6.11993 5.38654
9.46172 60000018100018853 60000018100018852 60000018100018867 60000018100018851 7.00541704554 14.5039 -8.48469 5.5474
9.46621 60000018100018852 60000018100018850 60000018100018867 60000018100018849 6.49159774567 9.84576 -7.91563 4.78991
9.00337 60000018100018923 60000018100018922 60000018100018934 60000018100018921 7.00541704554 -5.79286 -4.93668 1.94163
9.0098 60000018100018922 60000018100018921 60000018100018934 60000018100018920 6.85511726265 -4.23804 -3.68565 1.91689
9.1663 60000018100018921 60000018100018920 60000018100018934 60000018100018919 6.49159774567 -9.92466 -4.29432 6.52119
9.2811 60000018100018920 60000018100018919 60000018100018934 60000018100018918 6.14490120342 -14.5667 5.21136 15.647
9.30923 60000018100018919 60000018100018918 60000018100018934 60000018100018917 6.01075739884 -10.6743 6.5926 17.516
9.32342 60000018100018918 60000018100018917 60000018100018934 60000018100018916 5.84661374788 -10.4061 2.56928 12.6622
9.44914 60000018100018917 60000018100018916 60000018100018934 60000018100018915 5.52976580795 -23.4743 -3.1595 15.8974
9.00337 60000018100018984 60000018100018983 60000018100018988 60000018100018982 10.3674435724 -2.26435 5.82815 1.94205
9.09637 60000018100018983 60000018100018982 60000018100018988 60000018100018981 9.99659046619 -2.82205 5.2449 2.03096
9.15273 60000018100018982 60000018100018981 60000018100018988 60000018100018980 9.84138043947 1.54797 8.379 1.54802
9.19641 60000018100018981 60000018100018980 60000018100018988 60000018100018979 9.38877127194 1.53642 7.2197 2.7978
9.23988 60000018100018980 60000018100018979 60000018100018988 60000018100018978 9.00233985416 -1.47201 9.05022 1.29675
9.26896 60000018100018979 60000018100018978 60000018100018988 60000018100018977 8.9079991856 -1.25232 8.52663 3.03472
9.48799 60000018100018978 60000018100018977 60000018100018988 60000018100018976 8.44947629437 8.96662 1.13802 3.71585
9.52267 60000018100018977 60000018100018976 60000018100018988 60000018100018975 8.01217294887 2.2383 -3.11282 10.3396
9.5989 60000018100018976 60000018100018975 60000018100018988 60000018100018974 7.59510714987 11.344 6.70875 4.17107
9.81528 60000018100018975 60000018100018973 60000018100018988 60000018100018972 7.00541704554 10.3428 4.72532 0.985533
9.8767 60000018100018973 60000018100018971 60000018100018988 60000018100018970 6.49159774567 0.954917 12.4757 -6.98774
9.96191 60000018100018971 60000018100018970 60000018100018988 60000018100018969 6.14490120342 -7.94839 19.9813 -13.5398
9.97663 60000018100018970 60000018100018969 60000018100018988 60000018100018968 6.01075739884 -8.49497 21.9722 -14.4042
9.97835 60000018100018969 60000018100018968 60000018100018988 60000018100018967 5.84661374788 -7.44072 16.3983 -8.65425
10.0215 60000018100018968 60000018100018967 60000018100018988 60000018100018966 5.52976580795 -6.05063 20.6923 -14.757
10.1042 60000018100018967 60000018100018966 60000018100018988 60000018100018965 5.22758097313 -43.3494 17.9664 -66.9566
10.1218 60000018100018966 60000018100018964 60000018100018988 60000018100018963 4.93938066349 -12.069 27.8769 -49.9536
10.9183 60000018100018964 60000018100018957 60000018100018988 60000018100018800 3.49086136926 -171.288 13.5339 -98.2701
9.18802 60000018100018996 60000018100018995 60000018100018998 60000018100018994 9.00233985416 -2.66092 17.2203 -5.44007
9.67284 60000018100018995 60000018100018990 60000018100018998 60000018100018973 7.23627606617 8.40942 2.03354 5.81059
9.13634 60000018100019015 60000018100019014 60000018100019023 60000018100019013 7.23627606617 1.22046 1.51859 5.51619
9.08845 60000018100019258 60000018100019257 60000018100019265 60000018100019256 7.00541704554 2.81929 -8.17059 -8.69776
9.10671 60000018100019257 60000018100019256 60000018100019265 60000018100019255 6.85511726265 2.74128 -7.58032 -8.9257
9.29124 60000018100019256 60000018100019255 60000018100019265 60000018100019254 6.49159774567 5.47379 -4.7396 -8.70635
9.32187 60000018100019255 60000018100019254 60000018100019265 60000018100019253 6.14490120342 3.61619 -4.75486 -7.60802
9.33866 60000018100019254 60000018100019253 60000018100019265 60000018100019252 6.01075739884 6.82801 -3.65371 -9.6009
9.34016 60000018100019253 60000018100019252 60000018100019265 60000018100019251 5.84661374788 7.12762 -3.5223 -10.8167
9.43617 60000018100019252 60000018100019251 60000018100019265 60000018100019250 5.52976580795 8.63391 -3.11472 -24.8751
9.62445 60000018100019251 60000018100019248 60000018100019265 60000018100019247 4.93938066349 -0.124074 -23.68 -25.9486
9.7519 60000018100019248 60000018100019247 60000018100019265 60000018100019246 4.66451770247 -2.07823 -23.0381 -29.014
9.79899 60000018100019247 60000018100019246 60000018100019265 60000018100019245 4.42803373661 -1.72027 -20.7676 -29.8118
9.81026 60000018100019246 60000018100019245 60000018100019265 60000018100019244 4.17683491473 1.34598 -14.5683 -21.5388
10.0152 60000018100019245 60000018100019244 60000018100019265 60000018100019243 4.00794511147 -11.7937 -6.67251 -10.304
9.16407 60000018100019277 60000018100019276 60000018100019290 60000018100019275 6.01075739884 3.60336 -1.05792 -2.5835
9.24918 60000018100019276 60000018100019274 60000018100019290 60000018100019273 5.52976580795 -0.0396442 -4.31809 -1.84481
9.27072 60000018100019274 60000018100019273 60000018100019290 60000018100019272 5.22758097313 1.79886 -0.884755 -2.79315
9.7384 60000018100019273 60000018100019272 60000018100019290 60000018100019247 4.99593346816 -9.43023 -44.7002 -22.9547
9.00337 60000018100019315 60000018100019314 60000018100019326 60000018100019313 4.42803373661 -1.82025 -3.0986 1.11537
9.09375 60000018100019314 60000018100019313 60000018100019326 60000018100019312 4.17683491473 -6.86208 -12.2633 3.49381
9.05235 60000018100019349 60000018100019348 60000018100019358 60000018100019347 6.14490120342 4.32233 -6.40092 -2.33567
9.02855 60000018100019381 60000018100019380 60000018100019387 60000018100019379 6.14490120342 3.51522 -0.429878 6.8694
9.02855 60000018100019380 60000018100019379 60000018100019387 60000018100019378 6.01075739884 4.19799 0.443369 5.89429
9.05811 60000018100019379 60000018100019378 60000018100019387 60000018100019377 5.84661374788 3.89692 1.01925 3.88245
9.09637 60000018100019378 60000018100019377 60000018100019387 60000018100019376 5.52976580795 1.32049 2.29695 4.74817
9.19013 60000018100019377 60000018100019376 60000018100019387 60000018100019375 5.22758097313 -5.34915 5.26825 5.65348
9.34609 60000018100019376 60000018100019372 60000018100019387 60000018100019371 4.42803373661 0.512899 -36.7587 2.30623
9.07216 60000018100019419 60000018100019418 60000018100019426 60000018100019417 8.44947629437 -0.847317 -6.09038 -0.180909
9.09637 60000018100019418 60000018100019417 60000018100019426 60000018100019416 8.01217294887 3.36004 -9.48639 -2.57572
9.10415 60000018100019417 60000018100019416 60000018100019426 60000018100019415 7.59510714987 -3.20154 -6.65717 3.03902
9.11179 60000018100019416 60000018100019414 60000018100019426 60000018100019413 7.00541704554 2.13581 -6.44817 0.198805
9.12912 60000018100019414 60000018100019412 60000018100019426 60000018100019411 6.49159774567 -1.96523 -0.564719 -2.5082
9.24548 60000018100019412 60000018100019409 60000018100019426 60000018100019408 5.84661374788 0.327447 -2.95028 1.17639
9.31717 60000018100019409 60000018100019408 60000018100019426 60000018100019407 5.52976580795 -5.75018 -0.481025 2.36505
9.36902 60000018100019408 60000018100019407 60000018100019426 60000018100019406 5.22758097313 -2.08672 3.01941 7.06009
9.56379 60000018100019407 60000018100019406 60000018100019426 60000018100019405 4.99593346816 -4.16669 11.6682 30.7271
9.57523 60000018100019406 60000018100019405 60000018100019426 60000018100019404 4.93938066349 -4.49708 13.8778 30.4582
9.66795 60000018100019405 60000018100019404 60000018100019426 60000018100019403 4.66451770247 -5.09314 9.86684 35.6365
9.71511 60000018100019404 60000018100019402 60000018100019426 60000018100019401 4.17683491473 -3.97232 -9.20609 28.7116
9.38277 60000018100019484 60000018100019483 60000018100019490 60000018100019482 6.14490120342 -0.391877 -6.71992 -8.21872
9.40131 60000018100019483 60000018100019481 60000018100019490 60000018100019480 5.84661374788 -9.85732 -1.3213 -4.48464
9.40389 60000018100019481 60000018100019480 60000018100019490 60000018100019479 5.52976580795 1.19776 -1.68211 -7.7823
9.46285 60000018100019480 60000018100019476 60000018100019490 60000018100019475 4.66451770247 -16.3204 5.11846 -4.69791
9.05811 60000018100019508 60000018100019507 60000018100019510 60000018100019506 6.85511726265 -12.5361 12.214 -4.31227
9.0666 60000018100019622 60000018100019621 60000018100019632 60000018100019620 4.66451770247 -3.29834 0.989961 -11.5463
9.08845 60000018100019621 60000018100019620 60000018100019632 60000018100019619 4.42803373661 -4.82495 1.50028 -16.7604
9.12668 60000018100019620 60000018100019619 60000018100019632 60000018100019618 4.17683491473 -1.17091 0.503014 -14.7836
9.17293 60000018100019619 60000018100019618 60000018100019632 60000018100019617 4.00794511147 0.320515 -0.425795 -13.7138
9.17946 60000018100019618 60000018100019617 60000018100019632 60000018100019616 3.93726108473 0.160636 -2.43639 -14.7038
9.2342 60000018100019617 60000018100019616 60000018100019632 60000018100019615 3.70877426464 1.09401 -4.01407 -13.3459
9.24175 60000018100019616 60000018100019615 60000018100019632 60000018100019614 3.49086136926 0.898953 -3.91831 -15.3022
9.26365 60000018100019615 60000018100019610 60000018100019632 60000018100019609 2.73314261732 0.338173 -4.58616 -16.56
9.27594 60000018100019610 60000018100019608 60000018100019632 60000018100019607 2.44422570455 1.07214 -3.96923 -16.7937
9.31401 60000018100019608 60000018100019607 60000018100019632 60000018100019606 2.31611074396 0.862937 -7.45916 -14.1114
9.03463 60000018100019695 60000018100019694 60000018100019700 60000018100019693 4.00794511147 -12.3608 -5.66235 2.28723
9.03463 60000018100019694 60000018100019693 60000018100019700 60000018100019692 3.93726108473 -11.3956 -4.60345 2.73031
9.09637 60000018100019693 60000018100019691 60000018100019700 60000018100019690 3.49086136926 -12.1936 -4.60101 5.76161
9.11179 60000018100019691 60000018100019690 60000018100019700 60000018100019689 3.28303305796 -9.08187 0.671363 2.72614
9.15273 60000018100019690 60000018100019689 60000018100019700 60000018100019688 3.08482263583 -11.3501 -1.00391 3.73166
9.17729 60000018100019689 60000018100019688 60000018100019700 60000018100019687 3.00813107163 -11.2978 -0.232643 1.59777
9.2026 60000018100019688 60000018100019685 60000018100019700 60000018100019684 2.5772902716 -12.9911 5.59059 3.63763
9.07492 60000018100019735 60000018100019734 60000018100019753 60000018100019733 2.5772902716 -23.6352 14.9322 21.4918
9.19223 60000018100019734 60000018100019731 60000018100019753 60000018100019730 2.20792547238 -27.0436 15.8546 22.7129
9.00012 60000018100019895 60000018100019894 60000018100019904 60000018100019893 7.23627606617 8.87661 -3.77084 -0.967142
9.01614 60000018100019894 60000018100019892 60000018100019904 60000018100019891 6.85511726265 7.2899 -4.39361 -3.46764
9.07766 60000018100019892 60000018100019891 60000018100019904 60000018100019890 6.49159774567 2.54513 -4.87039 -2.97603
9.13871 60000018100019891 60000018100019890 60000018100019904 60000018100019889 6.14490120342 1.85716 -5.43953 -3.47198
9.13871 60000018100019890 60000018100019889 60000018100019904 60000018100019888 6.01075739884 2.49354 -4.2248 -2.20779
9.20055 60000018100019889 60000018100019887 60000018100019904 60000018100019886 5.52976580795 -0.86676 -5.74081 -0.512331
9.25101 60000018100019887 60000018100019886 60000018100019904 60000018100019885 5.22758097313 1.79408 -3.19523 4.01012
9.32342 60000018100019886 60000018100019885 60000018100019904 60000018100019884 4.99593346816 3.04133 -2.96721 2.50922
9.38815 60000018100019885 60000018100019883 60000018100019904 60000018100019882 4.66451770247 0.880649 -9.51059 6.21808
9.50973 60000018100019883 60000018100019882 60000018100019904 60000018100019881 4.42803373661 -0.791958 10.9878 3.83517
9.60299 60000018100019882 60000018100019881 60000018100019904 60000018100019880 4.17683491473 -0.324892 22.615 -12.2707
9.63593 60000018100019881 60000018100019880 60000018100019904 60000018100019879 4.00794511147 -3.21268 24.828 -12.8963
9.66159 60000018100019880 60000018100019879 60000018100019904 60000018100019878 3.93726108473 -0.582205 22.2187 -14.1561
9.69778 60000018100019879 60000018100019878 60000018100019904 60000018100019877 3.70877426464 -2.45261 22.3129 -10.3488
9.74255 60000018100019878 60000018100019877 60000018100019904 60000018100019876 3.49086136926 -8.10005 29.2695 -15.9905
9.77113 60000018100019877 60000018100019874 60000018100019904 60000018100019873 3.00813107163 -3.2361 20.1172 -25.4407
9.93317 60000018100019874 60000018100019872 60000018100019904 60000018100019871 2.73314261732 11.4885 15.9294 -64.8868
9.0098 60000018100019908 60000018100019907 60000018100019923 60000018100019906 4.66451770247 -1.83965 5.9053 -4.20505
9.10415 60000018100019951 60000018100019950 60000018100019958 60000018100019949 3.93726108473 -2.66603 -1.38237 -1.21928
9.22262 60000018100019950 60000018100019949 60000018100019958 60000018100019948 3.70877426464 -3.211 -5.64047 0.32985
9.29124 60000018100019949 60000018100019948 60000018100019958 60000018100019947 3.49086136926 -2.5642 -7.0029 5.69744
9.04062 60000018100020169 60000018100020168 60000018100020175 60000018100020167 7.00541704554 -9.76421 10.8772 1.17807
9.07216 60000018100020168 60000018100020167 60000018100020175 60000018100020166 6.85511726265 -10.22 9.4586 0.736896
9.31401 60000018100020167 60000018100020166 60000018100020175 60000018100020165 6.14490120342 -17.8584 6.47816 -23.2366
9.38815 60000018100020166 60000018100020165 60000018100020175 60000018100020164 6.01075739884 -15.4311 5.73141 -20.379
9.45833 60000018100020165 60000018100020164 60000018100020175 60000018100020163 5.84661374788 -10.9277 5.64013 -16.4682
9.58553 60000018100020164 60000018100020163 60000018100020175 60000018100020162 5.52976580795 -14.7613 -4.77753 -0.843673
9.61584 60000018100020163 60000018100020162 60000018100020175 60000018100020161 5.22758097313 -9.02247 7.20492 -19.5766
9.72752 60000018100020162 60000018100020161 60000018100020175 60000018100020160 4.99593346816 -4.8682 16.0536 -19.5
9.90361 60000018100020161 60000018100020159 60000018100020175 60000018100020158 4.66451770247 -18.1435 12.6483 -20.3206
10.0635 60000018100020159 60000018100020158 60000018100020175 60000018100020157 4.42803373661 29.563 44.2711 -7.83432
10.1584 60000018100020158 60000018100020157 60000018100020175 60000018100020156 4.17683491473 57.2331 42.7575 3.64005
10.2942 60000018100020157 60000018100020156 60000018100020175 60000018100020155 4.00794511147 72.4032 53.2817 10.6209
10.3607 60000018100020156 60000018100020154 60000018100020175 60000018100020153 3.70877426464 69.4156 47.9653 25.1267
10.3747 60000018100020154 60000018100020152 60000018100020175 60000018100020151 3.28303305796 57.3625 56.2157 11.4817
10.376 60000018100020152 60000018100020147 60000018100020175 60000018100020146 2.5772902716 30.1028 61.3498 45.9155
10.3766 60000018100020147 60000018100020146 60000018100020175 60000018100020145 2.44422570455 53.7205 60.8022 57.165
10.3965 60000018100020146 60000018100020145 60000018100020175 60000018100020144 2.31611074396 78.3958 62.7777 48.9978
10.4038 60000018100020145 60000018100020144 60000018100020175 60000018100020143 2.20792547238 76.1036 69.4432 46.1722
10.4394 60000018100020144 60000018100020143 60000018100020175 60000018100020142 2.1032696526 74.9195 68.1089 52.0906
10.4892 60000018100020143 60000018100020142 60000018100020175 60000018100020141 2.00202813925 115.504 52.9896 103.715
10.5184 60000018100020142 60000018100020141 60000018100020175 60000018100020140 1.90408954353 110.457 64.2566 84.4234
9.04945 60000018100020308 60000018100020307 60000018100020313 60000018100020306 8.01217294887 2.81865 -1.70495 -5.20729
9.15502 60000018100020307 60000018100020306 60000018100020313 60000018100020305 7.59510714987 2.90483 2.38291 -4.70821
9.16407 60000018100020306 60000018100020305 60000018100020313 60000018100020304 7.23627606617 6.65636 -5.87087 -2.07209
9.17073 60000018100020305 60000018100020304 60000018100020313 60000018100020303 7.00541704554 7.53075 -8.54171 -0.82221
9.19641 60000018100020304 60000018100020303 60000018100020313 60000018100020302 6.85511726265 5.77698 -6.21169 -3.71247
9.35627 60000018100020303 60000018100020302 60000018100020313 60000018100020301 6.49159774567 1.36411 8.05192 -9.11066
9.49536 60000018100020302 60000018100020298 60000018100020313 60000018100020297 5.52976580795 0.892658 14.5361 -13.1623
9.60054 60000018100020298 60000018100020296 60000018100020313 60000018100020295 4.99593346816 1.60792 19.6108 -15.6623
9.62677 60000018100020296 60000018100020295 60000018100020313 60000018100020294 4.93938066349 1.24147 23.7021 -15.9744
9.55296 60000018100020324 60000018100020323 60000018100020334 60000018100020296 5.22758097313 -1.65129 16.8588 -14.5647
9.0316 60000018100020377 60000018100020376 60000018100020394 60000018100020375 5.84661374788 -1.70754 -3.36938 10.6883
9.08309 60000018100020376 60000018100020375 60000018100020394 60000018100020374 5.52976580795 -4.48466 -4.02649 8.40013
9.12178 60000018100020375 60000018100020374 60000018100020394 60000018100020373 5.22758097313 -6.6913 -4.18911 5.73172
9.16852 60000018100020374 60000018100020372 60000018100020394 60000018100020371 4.93938066349 -3.53075 -6.27313 9.56086
9.17293 60000018100020372 60000018100020371 60000018100020394 60000018100020370 4.66451770247 0.877044 -1.01118 3.94765
9.18589 60000018100020371 60000018100020370 60000018100020394 60000018100020369 4.42803373661 -5.29257 -4.9239 5.3073
9.02239 60000018100020426 60000018100020425 60000018100020437 60000018100020424 5.52976580795 7.97667 1.3968 -4.1799
9.08578 60000018100020425 60000018100020424 60000018100020437 60000018100020423 5.22758097313 10.4165 1.29642 4.71064
9.20464 60000018100020424 60000018100020423 60000018100020437 60000018100020422 4.99593346816 14.4687 -5.19094 0.617518
9.22457 60000018100020423 60000018100020421 60000018100020437 60000018100020420 4.66451770247 13.8502 -5.00815 -1.79667
9.2361 60000018100020421 60000018100020420 60000018100020437 60000018100020419 4.42803373661 13.867 -4.32335 -2.28121
9.27072 60000018100020420 60000018100020419 60000018100020437 60000018100020418 4.17683491473 12.3556 -5.08679 -1.30962
9.12668 60000018100020501 60000018100020500 60000018100020511 60000018100020499 4.42803373661 11.0746 9.74545 -14.8212
9.14108 60000018100020500 60000018100020499 60000018100020511 60000018100020498 4.17683491473 11.0949 8.22021 -14.0942
9.1663 60000018100020499 60000018100020496 60000018100020511 60000018100020495 3.70877426464 9.85719 5.2732 -12.6666
9.2026 60000018100020496 60000018100020495 60000018100020511 60000018100020494 3.49086136926 10.0293 2.70742 -11.4393
9.21472 60000018100020495 60000018100020494 60000018100020511 60000018100020493 3.28303305796 8.99871 2.65312 -9.44289
9.2862 60000018100020494 60000018100020493 60000018100020511 60000018100020492 3.08482263583 9.17773 3.00569 -12.7383
9.29951 60000018100020493 60000018100020492 60000018100020511 60000018100020491 3.00813107163 10.8245 3.60169 -12.0559
9.29951 60000018100020492 60000018100020491 60000018100020511 60000018100020490 2.89578500573 8.82688 2.69525 -9.97922
9.30763 60000018100020491 60000018100020487 60000018100020511 60000018100020486 2.31611074396 19.0019 6.10408 -17.7321
9.33263 60000018100020487 60000018100020486 60000018100020511 60000018100020485 2.20792547238 21.5977 -5.21688 -14.0806
9.34609 60000018100020486 60000018100020485 60000018100020511 60000018100020484 2.1032696526 26.0464 -6.20805 -2.43905
9.07766 60000018100020551 60000018100020550 60000018100020562 60000018100020549 2.89578500573 26.8136 22.0261 -24.8462
9.22066 60000018100020550 60000018100020549 60000018100020562 60000018100020548 2.73314261732 28.2917 14.5725 -24.4678
9.25284 60000018100020549 60000018100020548 60000018100020562 60000018100020547 2.5772902716 30.2383 11.8467 -27.9672
9.27938 60000018100020548 60000018100020547 60000018100020562 60000018100020546 2.44422570455 28.483 8.51872 -21.7075
9.3044 60000018100020547 60000018100020546 60000018100020562 60000018100020545 2.31611074396 22.739 2.12912 -19.8171
9.04062 60000018100020608 60000018100020607 60000018100020625 60000018100020606 2.89578500573 -3.23727 12.2201 8.799
9.05524 60000018100020607 60000018100020606 60000018100020625 60000018100020605 2.73314261732 -12.2791 12.5784 7.16592
9.06096 60000018100020606 60000018100020605 60000018100020625 60000018100020604 2.5772902716 -6.61843 7.84059 1.7318
9.08578 60000018100020605 60000018100020603 60000018100020625 60000018100020602 2.31611074396 -1.53343 5.43631 3.70831
9.10415 60000018100020731 60000018100020730 60000018100020739 60000018100020729 4.99593346816 -15.8473 -8.41291 -2.37581
9.11681 60000018100020730 60000018100020727 60000018100020739 60000018100020726 4.42803373661 -8.92813 -4.75727 2.76601
9.26187 60000018100020727 60000018100020726 60000018100020739 60000018100020725 4.17683491473 -9.77481 -8.55573 5.6346
9.30602 60000018100020726 60000018100020725 60000018100020739 60000018100020724 4.00794511147 -12.0115 -10.7529 5.41094
9.33566 60000018100020725 60000018100020723 60000018100020739 60000018100020722 3.70877426464 -6.59775 -4.37943 5.88327
9.75993 60000018100020723 60000018100020721 60000018100020739 60000018100020720 3.28303305796 -47.9509 -0.769727 -30.5453
9.90727 60000018100020721 60000018100020720 60000018100020739 60000018100020719 3.08482263583 -59.8592 -6.99915 -38.405
10.0694 60000018100020720 60000018100020717 60000018100020739 60000018100020716 2.44422570455 -36.1596 -10.5903 -3.87641
10.0953 60000018100020717 60000018100020716 60000018100020739 60000018100020715 2.31611074396 -1.35952 -20.6042 21.0041
9.0066 60000018100020758 60000018100020757 60000018100020767 60000018100020756 5.22758097313 4.96577 0.87179 6.93337
9.0666 60000018100020757 60000018100020756 60000018100020767 60000018100020755 4.99593346816 6.40029 1.49746 2.82978
9.08038 60000018100020756 60000018100020755 60000018100020767 60000018100020754 4.93938066349 5.4783 2.40411 2.26118
9.10926 60000018100020755 60000018100020754 60000018100020767 60000018100020753 4.66451770247 4.37023 4.05484 4.17986
9.19013 60000018100020754 60000018100020753 60000018100020767 60000018100020752 4.42803373661 -3.81058 -6.49532 0.525696
9.40646 60000018100020753 60000018100020752 60000018100020767 60000018100020751 4.17683491473 -16.5362 -36.7746 -2.47026
9.06378 60000018100020772 60000018100020771 60000018100020782 60000018100020770 4.00794511147 1.8334 -14.3456 4.18953
9.41909 60000018100020790 60000018100020789 60000018100020809 60000018100020788 3.49086136926 -16.6484 -33.9649 2.75649
9.83958 60000018100020789 60000018100020785 60000018100020809 60000018100020784 2.89578500573 -61.2437 -9.30743 -47.9678
9.05811 60000018100020961 60000018100020960 60000018100020967 60000018100020959 6.01075739884 -9.68301 -2.5577 3.95433
9.11179 60000018100020960 60000018100020958 60000018100020967 60000018100020957 5.52976580795 -9.15936 -5.5074 0.42805
9.1573 60000018100020958 60000018100020957 60000018100020967 60000018100020956 5.22758097313 -7.14615 -4.65195 0.822328
9.23799 60000018100020957 60000018100020956 60000018100020967 60000018100020955 4.99593346816 -9.10911 -2.31918 -1.88262
9.26896 60000018100020956 60000018100020955 60000018100020967 60000018100020954 4.93938066349 -5.43681 -2.06779 1.66816
9.2845 60000018100020955 60000018100020954 60000018100020967 60000018100020953 4.66451770247 -4.40989 -2.51909 -2.79644
9.30763 60000018100020954 60000018100020953 60000018100020967 60000018100020952 4.42803373661 -5.51471 -2.50745 -3.66474
9.30763 60000018100020953 60000018100020952 60000018100020967 60000018100020951 4.17683491473 -4.96748 -2.86752 -1.90144
9.32805 60000018100020952 60000018100020950 60000018100020967 60000018100020949 3.93726108473 -9.43735 0.385601 -2.56389
9.33716 60000018100020950 60000018100020948 60000018100020967 60000018100020947 3.49086136926 -14.9299 1.83862 -0.198774
9.44329 60000018100020948 60000018100020947 60000018100020967 60000018100020946 3.28303305796 -21.4147 8.17632 -9.63557
9.48372 60000018100020947 60000018100020946 60000018100020967 60000018100020945 3.08482263583 -29.5483 15.464 -5.45449
9.48479 60000018100020946 60000018100020945 60000018100020967 60000018100020944 3.00813107163 -30.8736 12.7021 -2.37557
9.51774 60000018100020945 60000018100020943 60000018100020967 60000018100020942 2.73314261732 -22.7849 7.21794 -9.68318
9.55021 60000018100020943 60000018100020942 60000018100020967 60000018100020941 2.5772902716 -33.478 7.7356 -3.30366
9.56557 60000018100020942 60000018100020941 60000018100020967 60000018100020940 2.44422570455 -31.7581 4.86838 0.947363
9.01614 60000018100021058 60000018100021057 60000018100021066 60000018100021056 4.66451770247 3.43186 -3.12027 -13.1258
9.0666 60000018100021057 60000018100021056 60000018100021066 60000018100021055 4.42803373661 2.27083 -4.20302 -17.3013
9.12912 60000018100021056 60000018100021055 60000018100021066 60000018100021054 4.17683491473 3.40041 -3.27843 -21.6619
9.30923 60000018100021055 60000018100021054 60000018100021066 60000018100021053 4.00794511147 -11.1586 14.4611 -1.99064
9.41408 60000018100021054 60000018100021051 60000018100021066 60000018100021050 3.49086136926 -9.04554 10.4001 -13.1835
9.08845 60000018100021158 60000018100021157 60000018100021167 60000018100021156 6.14490120342 -1.70597 -2.4636 6.69717
9.09111 60000018100021157 60000018100021156 60000018100021167 60000018100021155 6.01075739884 -0.469206 -2.00284 6.88007
9.13634 60000018100021156 60000018100021155 60000018100021167 60000018100021154 5.84661374788 0.958277 -1.40515 5.45243
9.15502 60000018100021155 60000018100021154 60000018100021167 60000018100021153 5.52976580795 1.5155 1.03565 8.14129
9.21272 60000018100021154 60000018100021153 60000018100021167 60000018100021152 5.22758097313 2.78639 -0.824981 13.5623
9.22651 60000018100021153 60000018100021152 60000018100021167 60000018100021151 4.99593346816 3.16463 -2.04821 12.8324
9.22845 60000018100021152 60000018100021151 60000018100021167 60000018100021150 4.93938066349 2.66723 -2.70917 11.8874
9.26543 60000018100021151 60000018100021150 60000018100021167 60000018100021149 4.66451770247 -1.48759 -3.36797 8.84082
9.29787 60000018100021150 60000018100021149 60000018100021167 60000018100021148 4.42803373661 -5.44666 -2.28481 7.39657
9.04062 60000018100021219 60000018100021218 60000018100021233 60000018100021217 3.28303305796 2.87623 6.0054 5.50856
9.01928 60000018100021553 60000018100021552 60000018100021563 60000018100021551 3.28303305796 -10.557 -3.40209 5.10326
9.02548 60000018100021552 60000018100021551 60000018100021563 60000018100021550 3.08482263583 -9.7358 -3.00831 4.28496
9.03763 60000018100021551 60000018100021550 60000018100021563 60000018100021549 3.00813107163 -8.38018 -4.98424 5.30737
9.0666 60000018100021550 60000018100021548 60000018100021563 60000018100021547 2.73314261732 -4.32638 0.825617 -2.10628
9.16407 60000018100021548 60000018100021547 60000018100021563 60000018100021546 2.5772902716 -7.50506 -9.67563 1.35052
9.21272 60000018100021547 60000018100021546 60000018100021563 60000018100021545 2.44422570455 -10.8359 -4.05524 0.790167
9.30763 60000018100021546 60000018100021545 60000018100021563 60000018100021544 2.31611074396 -5.80365 0.361716 -2.37966
9.35048 60000018100021545 60000018100021544 60000018100021563 60000018100021543 2.20792547238 -6.04821 -0.892332 -5.05445
9.35048 60000018100021544 60000018100021543 60000018100021563 60000018100021542 2.1032696526 -7.13452 -2.59234 -4.94272
9.37457 60000018100021543 60000018100021542 60000018100021563 60000018100021541 2.00202813925 -6.51822 -2.30629 -4.86624
9.38547 60000018100021542 60000018100021541 60000018100021563 60000018100021540 1.90408954353 -8.8927 -3.05034 -1.38711
9.39081 60000018100021541 60000018100021540 60000018100021563 60000018100021539 1.82268925262 -11.517 -0.0354651 -1.90083
9.01614 60000018100021732 60000018100021731 60000018100021740 60000018100021730 7.23627606617 -12.5474 -1.82613 -12.4357
9.0666 60000018100021731 60000018100021729 60000018100021740 60000018100021728 6.85511726265 -7.07559 -2.25598 -2.97008
9.14108 60000018100021729 60000018100021728 60000018100021740 60000018100021727 6.49159774567 -7.20212 -4.37415 -0.335728
9.1663 60000018100021728 60000018100021727 60000018100021740 60000018100021726 6.14490120342 -9.07775 -0.323851 -4.07011
9.19013 60000018100021727 60000018100021725 60000018100021740 60000018100021724 5.84661374788 -8.2027 0.955974 -1.55271
9.22845 60000018100021725 60000018100021724 60000018100021740 60000018100021723 5.52976580795 -7.83755 0.955756 -1.98494
9.2811 60000018100021724 60000018100021723 60000018100021740 60000018100021722 5.22758097313 -12.1933 -3.02865 -10.0334
9.31874 60000018100021723 60000018100021720 60000018100021740 60000018100021719 4.66451770247 -14.7865 -6.66161 -9.85698
9.06939 60000018100021816 60000018100021815 60000018100021824 60000018100021814 6.14490120342 -2.18769 0.693425 11.7203
9.07766 60000018100021815 60000018100021814 60000018100021824 60000018100021813 6.01075739884 -5.83621 5.4213 9.55655
9.08845 60000018100021814 60000018100021813 60000018100021824 60000018100021812 5.84661374788 -4.42272 -0.826949 8.07017
9.35194 60000018100021813 60000018100021806 60000018100021824 60000018100021805 4.17683491473 -20.3027 -3.61139 19.6804
9.00012 60000018100022111 60000018100022110 60000018100022119 60000018100022109 5.22758097313 -0.667392 -1.97716 -1.16162
9.03463 60000018100022110 60000018100022109 60000018100022119 60000018100022108 4.99593346816 -2.57048 0.800623 -3.44652
9.04062 60000018100022109 60000018100022108 60000018100022119 60000018100022107 4.93938066349 -4.10208 -1.25956 -2.20635
9.17729 60000018100022108 60000018100022107 60000018100022119 60000018100022106 4.66451770247 -6.30671 -3.68081 -7.67804
9.26365 60000018100022107 60000018100022106 60000018100022119 60000018100022105 4.42803373661 -8.93113 -5.75973 -10.141
9.32031 60000018100022106 60000018100022105 60000018100022119 60000018100022104 4.17683491473 -8.12163 -5.01971 -7.27161
9.32342 60000018100022105 60000018100022104 60000018100022119 60000018100022103 4.00794511147 -5.6714 -0.840768 -9.49734
9.34313 60000018100022104 60000018100022102 60000018100022119 60000018100022101 3.70877426464 -4.34229 -4.11075 -6.36402
9.38547 60000018100022102 60000018100022101 60000018100022119 60000018100022100 3.49086136926 -10.6108 -8.16883 -4.71921
9.40001 60000018100022101 60000018100022100 60000018100022119 60000018100022099 3.28303305796 -16.0046 -5.48449 -5.37059
9.43856 60000018100022100 60000018100022099 60000018100022119 60000018100022098 3.08482263583 -16.5444 -7.16938 -7.6087
9.48372 60000018100022099 60000018100022097 60000018100022119 60000018100022096 2.89578500573 -23.4718 -10.7447 -8.93213
9.52754 60000018100022097 60000018100022096 60000018100022119 60000018100022095 2.73314261732 -27.7077 -13.2834 -5.18353
9.54744 60000018100022096 60000018100022095 60000018100022119 60000018100022094 2.5772902716 -31.2127 -11.8723 -10.0441
9.57349 60000018100022095 60000018100022094 60000018100022119 60000018100022093 2.44422570455 -25.7171 -12.6763 -8.72764
9.60946 60000018100022094 60000018100022093 60000018100022119 60000018100022092 2.31611074396 -24.3399 -11.5988 -9.27292
9.06939 60000018100022201 60000018100022200 60000018100022212 60000018100022199 3.08482263583 5.82428 -6.38838 10.8185
9.08038 60000018100022200 60000018100022198 60000018100022212 60000018100022197 2.89578500573 5.7243 -3.80512 7.0082
9.08845 60000018100022583 60000018100022582 60000018100022593 60000018100022581 3.00813107163 -18.3709 -15.2619 0.41642
9.0098 60000018100022827 60000018100022826 60000018100022840 60000018100022825 3.28303305796 -6.86522 -11.8124 -11.7554
9.01298 60000018100022826 60000018100022825 60000018100022840 60000018100022824 3.08482263583 -11.3704 -17.0894 -8.73448
9.02239 60000018100022825 60000018100022824 60000018100022840 60000018100022823 3.00813107163 -8.6426 -13.734 -8.237
9.09375 60000018100022824 60000018100022823 60000018100022840 60000018100022822 2.89578500573 -11.0765 -16.3633 -10.5315
9.13154 60000018100022823 60000018100022822 60000018100022840 60000018100022821 2.73314261732 -14.2457 -18.9505 -11.0777
9.1663 60000018100022822 60000018100022819 60000018100022840 60000018100022818 2.31611074396 -12.9217 -9.77885 -12.1215
9.18376 60000018100022819 60000018100022818 60000018100022840 60000018100022817 2.20792547238 -14.5044 -12.0483 -10.639
9.18802 60000018100022818 60000018100022815 60000018100022840 60000018100022814 1.90408954353 -15.6282 -14.2976 -8.99584
9.19013 60000018100022815 60000018100022811 60000018100022840 60000018100022810 1.60423452207 -14.1596 -9.40875 -5.41196
9.20464 60000018100022811 60000018100022809 60000018100022840 60000018100022808 1.47197484527 -14.0366 -9.14114 -4.32757
9.01614 60000018100022981 60000018100022980 60000018100022984 60000018100022979 6.49159774567 -27.3095 6.02791 4.0792
9.03463 60000018100022980 60000018100022977 60000018100022984 60000018100022976 5.84661374788 -2.76465 5.21679 -0.473617
9.10157 60000018100022977 60000018100022976 60000018100022984 60000018100022975 5.52976580795 1.97164 2.43208 0.525909
9.19641 60000018100022976 60000018100022975 60000018100022984 60000018100022974 5.22758097313 -18.9657 1.52429 1.30336
9.19641 60000018100022975 60000018100022973 60000018100022984 60000018100022972 4.93938066349 -15.4875 2.50679 7.62919
9.20055 60000018100022973 60000018100022972 60000018100022984 60000018100022971 4.66451770247 -18.9386 4.5108 5.17879
9.30763 60000018100022972 60000018100022971 60000018100022984 60000018100022970 4.42803373661 -13.0023 -0.364586 3.53292
9.33415 60000018100022971 60000018100022970 60000018100022984 60000018100022969 4.17683491473 -10.2924 -7.48249 2.13401
9.33415 60000018100022970 60000018100022969 60000018100022984 60000018100022968 4.00794511147 -11.3129 -8.50315 -1.21832
9.35048 60000018100022969 60000018100022968 60000018100022984 60000018100022967 3.93726108473 -7.39049 -8.16253 -6.78766
9.37732 60000018100022968 60000018100022967 60000018100022984 60000018100022966 3.70877426464 -7.40238 -4.84412 -4.53526
9.38412 60000018100022967 60000018100022964 60000018100022984 60000018100022963 3.08482263583 -5.01889 -6.53144 2.72962
9.40774 60000018100022964 60000018100022962 60000018100022984 60000018100022961 2.89578500573 -5.2138 -1.82775 3.39497
9.41784 60000018100022962 60000018100022961 60000018100022984 60000018100022960 2.73314261732 -6.10604 0.617265 6.89307
9.42281 60000018100022961 60000018100022960 60000018100022984 60000018100022959 2.5772902716 -7.08234 3.10987 9.47601
9.43974 60000018100022960 60000018100022958 60000018100022984 60000018100022957 2.31611074396 -3.89871 -0.796199 2.19963
9.44211 60000018100022958 60000018100022953 60000018100022984 60000018100022952 1.82268925262 0.0984443 -8.92995 15.1966
9.09637 60000018100023064 60000018100023063 60000018100023073 60000018100023062 3.49086136926 7.012 -10.5233 11.3483
