logMh | fpID | subhaloID | main leaf ID | descID |  z
9.27246 30000000002601902 30000000002601901 30000000002601907 30000000002601900 7.23627606617 -6.33391 1.83593 -1.45334
9.41408 30000000002601901 30000000002601900 30000000002601907 30000000002601899 7.00541704554 -11.1317 5.43187 4.57641
9.41534 30000000002601900 30000000002601899 30000000002601907 30000000002601898 6.85511726265 -6.5245 -1.1691 2.91794
9.53428 30000000002601899 30000000002601898 30000000002601907 30000000002601897 6.49159774567 2.36389 9.9009 -1.56412
9.69974 30000000002601898 30000000002601897 30000000002601907 30000000002601896 6.14490120342 -5.39939 0.0365167 13.0593
9.74373 30000000002601897 30000000002601896 30000000002601907 30000000002601895 6.01075739884 -7.36798 -0.067694 12.2663
9.76106 30000000002601896 30000000002601895 30000000002601907 30000000002601894 5.84661374788 -1.65767 4.76225 11.6448
9.90605 30000000002601895 30000000002601893 30000000002601907 30000000002601892 4.99593346816 -4.5888 10.8878 15.9326
9.92198 30000000002601893 30000000002601892 30000000002601907 30000000002601891 4.93938066349 -2.56681 10.7974 17.7789
9.95545 30000000002601892 30000000002601891 30000000002601907 30000000002601890 4.66451770247 1.8641 9.08077 21.7829
10.0111 30000000002601891 30000000002601890 30000000002601907 30000000002601889 4.42803373661 14.5614 28.6558 7.20528
10.12 30000000002601890 30000000002601889 30000000002601907 30000000002601888 4.17683491473 60.7437 41.477 -25.5458
10.2372 30000000002601889 30000000002601888 30000000002601907 30000000002601887 4.00794511147 90.8463 45.9211 -24.2965
10.3867 30000000002601888 30000000002601886 30000000002601907 30000000002601885 3.70877426464 112.344 46.0416 -23.6226
10.452 30000000002601886 30000000002601885 30000000002601907 30000000002601884 3.49086136926 119.735 22.185 -6.27024
10.5385 30000000002601885 30000000002601884 30000000002601907 30000000002601883 3.28303305796 91.7885 46.7295 19.831
10.6558 30000000002601884 30000000002601883 30000000002601907 30000000002601882 3.08482263583 48.9031 65.4037 38.1773
10.6721 30000000002601883 30000000002601882 30000000002601907 30000000002601881 3.00813107163 32.6967 72.5366 38.6299
10.6916 30000000002601882 30000000002601881 30000000002601907 30000000002601880 2.89578500573 27.7005 80.4639 38.4846
10.7286 30000000002601881 30000000002601880 30000000002601907 30000000002601879 2.73314261732 12.2741 96.7245 46.456
10.7547 30000000002601880 30000000002601879 30000000002601907 30000000002601878 2.5772902716 -6.70598 77.9152 33.5608
10.7721 30000000002601879 30000000002601878 30000000002601907 30000000002601877 2.44422570455 1.77095 73.9397 36.2879
10.7745 30000000002601878 30000000002601873 30000000002601907 30000000002601872 1.90408954353 52.106 -0.141282 25.3664
10.8265 30000000002601873 30000000002601872 30000000002601907 30000000002601871 1.82268925262 85.8492 47.4005 62.7466
10.8567 30000000002601872 30000000002601871 30000000002601907 30000000002601870 1.74357057433 90.0671 45.1728 80.5026
10.8984 30000000002601871 30000000002601870 30000000002601907 30000000002601869 1.66666955611 95.2315 63.248 73.0879
10.939 30000000002601870 30000000002601869 30000000002601907 30000000002601868 1.60423452207 102.094 74.2955 64.2116
10.9442 30000000002601869 30000000002601868 30000000002601907 30000000002601867 1.53123902916 72.6957 81.1596 63.8576
10.9672 30000000002601868 30000000002601867 30000000002601907 30000000002601866 1.47197484527 61.347 70.6541 66.5813
10.9768 30000000002601867 30000000002601866 30000000002601907 30000000002601865 1.41409822037 65.9014 74.2077 37.5869
10.9896 30000000002601866 30000000002601865 30000000002601907 30000000002601864 1.3575766674 68.0539 93.4475 4.68774
10.9985 30000000002601865 30000000002601864 30000000002601907 30000000002601863 1.30237845991 59.4306 74.3783 -12.9961
11.0109 30000000002601864 30000000002601863 30000000002601907 30000000002601862 1.24847261425 71.6501 83.3582 7.32152
11.0209 30000000002601863 30000000002601860 30000000002601907 30000000002601859 1.11415056377 78.4562 11.3004 -42.5438
11.036 30000000002601860 30000000002601859 30000000002601907 30000000002601858 1.07445789455 87.679 11.6628 -68.6504
11.0447 30000000002601859 30000000002601858 30000000002601907 30000000002601857 1.03551044566 116.185 -13.6384 -92.6106
11.0613 30000000002601858 30000000002601857 30000000002601907 30000000002601856 0.997294225782 132.53 -52.697 -107.012
11.069 30000000002601857 30000000002601855 30000000002601907 30000000002601854 0.950531351585 117.698 -69.7402 -109.508
11.0871 30000000002601855 30000000002601854 30000000002601907 30000000002601853 0.923000816178 106.864 -82.9673 -121.655
11.1057 30000000002601854 30000000002601853 30000000002601907 30000000002601852 0.886896937575 104.315 -116.636 -162.329
11.1193 30000000002601853 30000000002601852 30000000002601907 30000000002601851 0.851470900625 110.625 -136.164 -213.905
11.1284 30000000002601852 30000000002601851 30000000002601907 30000000002601850 0.816709979012 96.3507 -148.462 -205.066
11.1454 30000000002601851 30000000002601850 30000000002601907 30000000002601849 0.791068248946 86.3821 -167.504 -229.721
11.1657 30000000002601850 30000000002601849 30000000002601907 30000000002601848 0.757441372616 67.4207 -176.116 -272.592
11.1683 30000000002601849 30000000002601848 30000000002601907 30000000002601847 0.732636182022 78.8865 -180.518 -246.606
11.1805 30000000002601848 30000000002601846 30000000002601907 30000000002601845 0.676110411213 70.6436 -189.093 -240.103
11.1993 30000000002601846 30000000002601845 30000000002601907 30000000002601844 0.644641840685 71.2665 -222.631 -262.428
11.2058 30000000002601845 30000000002601844 30000000002601907 30000000002601843 0.621428745243 68.6238 -208.577 -263.2
11.2142 30000000002601844 30000000002601843 30000000002601907 30000000002601842 0.598543288188 81.2458 -206.66 -253.893
11.2145 30000000002601843 30000000002601840 30000000002601907 30000000002601839 0.524565820434 81.9538 -197.18 -234.891
11.2172 30000000002601840 30000000002601839 30000000002601907 30000000002601838 0.503047523245 87.5659 -194.934 -223.579
11.2208 30000000002601839 30000000002601837 30000000002601907 30000000002601836 0.460917794181 100.064 -188.268 -235.16
11.2234 30000000002601837 30000000002601836 30000000002601907 30000000002601835 0.440297849248 97.3787 -174.085 -232.992
11.228 30000000002601836 30000000002601835 30000000002601907 30000000002601834 0.419968941997 96.5988 -170.27 -233.566
11.2299 30000000002601835 30000000002601834 30000000002601907 30000000002601833 0.399926964614 96.6546 -165.999 -238.148
11.2333 30000000002601834 30000000002601832 30000000002601907 30000000002601831 0.360687657262 105.853 -146.548 -248.348
11.2378 30000000002601832 30000000002601831 30000000002601907 30000000002601830 0.347853841858 107.537 -149.85 -257.463
11.2391 30000000002601831 30000000002601829 30000000002601907 30000000002601828 0.310074120128 130.411 -139.628 -258.253
11.2436 30000000002601829 30000000002601827 30000000002601907 30000000002601826 0.273353346578 138.526 -114.525 -275.139
11.2464 30000000002601827 30000000002601826 30000000002601907 30000000002601825 0.261343256161 138.512 -108.602 -282.003
11.2532 30000000002601826 30000000002601825 30000000002601907 30000000002601824 0.243540181555 132.347 -92.4828 -271.833
11.2554 30000000002601825 30000000002601824 30000000002601907 30000000002601823 0.22598838626 136.613 -91.7927 -281.42
11.2598 30000000002601824 30000000002601823 30000000002601907 30000000002601822 0.214425035514 121.73 -96.6655 -289.505
11.26 30000000002601823 30000000002601821 30000000002601907 30000000002601820 0.180385261706 127.223 -82.5106 -288.147
11.2638 30000000002601821 30000000002601820 30000000002601907 30000000002601819 0.169252033244 130.593 -81.4989 -283.151
11.271 30000000002601820 30000000002601819 30000000002601907 30000000002601818 0.152748768902 127.427 -73.5702 -277.674
11.2756 30000000002601819 30000000002601818 30000000002601907 30000000002601817 0.14187620397 120.519 -68.4002 -276.311
11.2785 30000000002601818 30000000002601817 30000000002601907 30000000002601816 0.125759332411 124.164 -70.5068 -281.681
11.2798 30000000002601817 30000000002601815 30000000002601907 30000000002601814 0.0994018026302 114.963 -54.9778 -279.128
11.2874 30000000002601815 30000000002601814 30000000002601907 30000000002601813 0.0838844307975 105.316 -51.7594 -290.774
11.2875 30000000002601814 30000000002601813 30000000002601907 30000000002601812 0.0736613846564 94.5816 -59.3623 -289.906
11.2917 30000000002601813 30000000002601812 30000000002601907 30000000002601811 0.0585073227945 82.4591 -64.6589 -294.013
11.2919 30000000002601812 30000000002601811 30000000002601907 30000000002601810 0.0485236299818 76.0155 -66.7975 -280.25
11.2961 30000000002601811 30000000002601810 30000000002601907 30000000002601809 0.0337243718735 71.9498 -66.4143 -276.526
9.83721 30000000002601931 30000000002601930 30000000002601931 30000000002601893 5.22758097313 -0.71315 15.1415 16.2991
9.04062 30000000002601980 30000000002601979 30000000002601983 30000000002601978 7.59510714987 -5.16274 -6.03351 -0.123657
9.06939 30000000002601979 30000000002601977 30000000002601983 30000000002601976 7.00541704554 -8.29775 -5.24264 1.40623
9.16852 30000000002601977 30000000002601976 30000000002601983 30000000002601975 6.85511726265 -16.3974 -5.23252 0.918417
9.18802 30000000002601976 30000000002601975 30000000002601983 30000000002601974 6.49159774567 -13.0579 -7.59179 0.68856
9.23229 30000000002601975 30000000002601974 30000000002601983 30000000002601973 6.14490120342 -16.0039 -2.79591 -0.0973964
9.57523 30000000002601974 30000000002601972 30000000002601983 30000000002601971 5.84661374788 -2.31258 -36.4953 13.1064
9.7354 30000000002601972 30000000002601969 30000000002601983 30000000002601968 4.99593346816 -3.94071 -26.7825 -1.43879
9.76892 30000000002601969 30000000002601967 30000000002601983 30000000002601966 4.66451770247 -0.647607 -21.796 1.95277
10.2572 30000000002601967 30000000002601963 30000000002601983 30000000002601886 3.93726108473 94.2668 41.3778 -21.6212
9.29457 30000000002601986 30000000002601985 30000000002601991 30000000002601972 6.14490120342 -0.422468 -6.17135 9.11659
9.4964 30000000002601996 30000000002601995 30000000002601997 30000000002601994 5.52976580795 -0.496616 -15.753 7.58857
9.64193 30000000002601995 30000000002601994 30000000002601997 30000000002601969 5.22758097313 -1.55254 -30.3943 4.80678
9.02855 30000000002602049 30000000002602048 30000000002602056 30000000002602047 6.49159774567 -1.9693 -0.195637 -2.95243
9.07216 30000000002602048 30000000002602047 30000000002602056 30000000002602046 6.14490120342 -1.95917 -0.20227 -3.49466
9.57956 30000000002602047 30000000002602044 30000000002602056 30000000002602043 5.52976580795 8.36058 12.6186 -24.5917
9.71195 30000000002602044 30000000002602043 30000000002602056 30000000002602042 5.22758097313 8.95978 11.2424 -28.9958
9.71574 30000000002602043 30000000002602042 30000000002602056 30000000002602041 4.99593346816 8.37446 16.7162 -21.5855
9.74432 30000000002602042 30000000002602041 30000000002602056 30000000002602040 4.93938066349 13.2094 18.4994 -18.3531
9.80721 30000000002602041 30000000002602040 30000000002602056 30000000002602039 4.66451770247 6.00994 17.7365 -19.8754
9.88059 30000000002602040 30000000002602039 30000000002602056 30000000002602038 4.42803373661 -1.03574 9.6174 -18.3558
9.93088 30000000002602039 30000000002602038 30000000002602056 30000000002602037 4.17683491473 7.93475 2.11327 -21.2426
9.94998 30000000002602038 30000000002602037 30000000002602056 30000000002602036 4.00794511147 12.8408 12.6033 -26.6922
9.95254 30000000002602037 30000000002602035 30000000002602056 30000000002602034 3.70877426464 7.97123 6.35827 -22.214
9.05524 30000000002602077 30000000002602076 30000000002602086 30000000002602075 7.23627606617 -0.134254 -1.31327 2.016
9.09898 30000000002602076 30000000002602075 30000000002602086 30000000002602074 7.00541704554 1.66089 -1.29556 5.8256
9.13154 30000000002602075 30000000002602074 30000000002602086 30000000002602073 6.85511726265 -1.0919 -2.13693 5.46624
9.15956 30000000002602074 30000000002602073 30000000002602086 30000000002602072 6.49159774567 1.35329 1.43803 6.47757
9.17512 30000000002602073 30000000002602072 30000000002602086 30000000002602071 6.14490120342 2.37999 2.1599 7.14786
9.33415 30000000002602072 30000000002602071 30000000002602086 30000000002602070 6.01075739884 -0.0158928 4.80302 -1.09415
9.08578 30000000002602143 30000000002602142 30000000002602151 30000000002602141 4.17683491473 -4.63587 0.158327 -0.756299
9.23988 30000000002602171 30000000002602170 30000000002602171 30000000002602169 2.73314261732 -9.31998 10.8659 -3.73871
9.04358 30000000002602193 30000000002602192 30000000002602204 30000000002602191 3.70877426464 1.45944 19.3531 -14.9337
9.09111 30000000002602192 30000000002602191 30000000002602204 30000000002602190 3.49086136926 -1.12671 20.7558 -15.6026
9.03763 30000000002602268 30000000002602267 30000000002602272 30000000002602266 4.99593346816 -2.34137 -4.35366 -3.27728
9.04358 30000000002602267 30000000002602266 30000000002602272 30000000002602265 4.93938066349 -1.19483 -5.26622 -3.09766
9.29951 30000000002602266 30000000002602264 30000000002602272 30000000002602263 4.42803373661 5.26353 -11.1353 19.2811
9.31874 30000000002602264 30000000002602263 30000000002602272 30000000002602262 4.17683491473 11.746 -7.38661 17.9559
9.41784 30000000002602263 30000000002602262 30000000002602272 30000000002602261 4.00794511147 0.47567 -21.0387 -7.50045
9.44329 30000000002602262 30000000002602260 30000000002602272 30000000002602259 3.70877426464 -5.70839 -23.0929 -6.38363
9.47724 30000000002602260 30000000002602259 30000000002602272 30000000002602258 3.49086136926 -6.08445 -24.269 -8.98286
9.13634 30000000002602275 30000000002602274 30000000002602279 30000000002602264 4.66451770247 11.0032 -6.22753 19.7223
9.25648 30000000002602290 30000000002602289 30000000002602303 30000000002602288 3.93726108473 -3.85889 -26.3297 -24.5168
9.0098 30000000002602422 30000000002602421 30000000002602429 30000000002602420 6.01075739884 2.81552 3.48938 1.85633
9.24362 30000000002602421 30000000002602420 30000000002602429 30000000002602419 5.84661374788 -7.86446 2.16265 7.62159
9.3044 30000000002602420 30000000002602419 30000000002602429 30000000002602418 5.52976580795 -2.05218 9.47651 14.9239
9.34313 30000000002602419 30000000002602417 30000000002602429 30000000002602416 4.99593346816 -0.481008 9.36847 13.3735
9.55931 30000000002602417 30000000002602415 30000000002602429 30000000002602414 4.66451770247 31.8231 31.3405 28.4992
9.58638 30000000002602415 30000000002602413 30000000002602429 30000000002602412 4.17683491473 15.7737 14.6909 24.6701
9.61977 30000000002602413 30000000002602412 30000000002602429 30000000002602411 4.00794511147 17.9859 21.1875 25.6735
9.66372 30000000002602412 30000000002602409 30000000002602429 30000000002602408 3.49086136926 15.5137 4.11289 26.1311
9.66936 30000000002602409 30000000002602408 30000000002602429 30000000002602407 3.28303305796 17.8728 9.21724 21.5052
9.68312 30000000002602408 30000000002602407 30000000002602429 30000000002602406 3.08482263583 14.4777 16.0853 32.3395
9.70104 30000000002602407 30000000002602406 30000000002602429 30000000002602405 3.00813107163 19.2129 15.1036 35.917
9.76388 30000000002602406 30000000002602405 30000000002602429 30000000002602404 2.89578500573 27.7196 27.382 33.9601
9.76557 30000000002602405 30000000002602404 30000000002602429 30000000002602403 2.73314261732 27.3219 21.7944 21.8621
9.83291 30000000002602404 30000000002602403 30000000002602429 30000000002602402 2.5772902716 33.6176 27.5777 49.0484
9.89787 30000000002602403 30000000002602401 30000000002602429 30000000002602400 2.31611074396 42.5013 39.4856 44.4103
9.97629 30000000002602401 30000000002602400 30000000002602429 30000000002602399 2.20792547238 43.8788 36.412 48.9257
9.99881 30000000002602400 30000000002602398 30000000002602429 30000000002602397 2.00202813925 29.8358 21.9384 41.068
9.06378 30000000002602449 30000000002602448 30000000002602457 30000000002602447 4.99593346816 -16.0392 7.5152 -3.41848
9.02239 30000000002602482 30000000002602481 30000000002602490 30000000002602480 4.66451770247 10.5308 -6.76484 3.99126
9.13871 30000000002602481 30000000002602480 30000000002602490 30000000002602479 4.42803373661 4.28815 0.00776115 2.82391
9.23037 30000000002602480 30000000002602479 30000000002602490 30000000002602478 4.17683491473 6.65372 -0.0949744 5.53154
9.23229 30000000002602479 30000000002602478 30000000002602490 30000000002602477 4.00794511147 6.74948 -2.60611 2.05528
9.25828 30000000002602478 30000000002602477 30000000002602490 30000000002602476 3.93726108473 9.70937 -3.59005 5.68611
9.32031 30000000002602477 30000000002602476 30000000002602490 30000000002602475 3.70877426464 8.41464 -4.75857 2.50964
9.35483 30000000002602476 30000000002602474 30000000002602490 30000000002602473 3.28303305796 4.11325 -5.8256 5.76246
9.0098 30000000002602519 30000000002602518 30000000002602537 30000000002602517 3.49086136926 -12.506 -4.36321 13.4315
9.0316 30000000002602518 30000000002602517 30000000002602537 30000000002602516 3.28303305796 -11.1177 -6.94884 10.7982
9.09111 30000000002602517 30000000002602516 30000000002602537 30000000002602515 3.08482263583 -16.2955 -6.127 15.4514
9.09375 30000000002602516 30000000002602515 30000000002602537 30000000002602514 3.00813107163 -18.8495 -5.11019 16.3859
9.10415 30000000002602515 30000000002602514 30000000002602537 30000000002602513 2.89578500573 -16.0216 -3.67725 17.5745
9.11431 30000000002602514 30000000002602512 30000000002602537 30000000002602511 2.5772902716 -16.2945 -2.47872 19.7886
9.14108 30000000002602512 30000000002602511 30000000002602537 30000000002602510 2.44422570455 -16.9883 0.64489 26.7916
9.00337 30000000002602760 30000000002602759 30000000002602769 30000000002602758 7.59510714987 -2.54662 0.701923 1.61135
9.01928 30000000002602759 30000000002602757 30000000002602769 30000000002602756 7.00541704554 -3.54396 -0.0964595 2.27653
9.11681 30000000002602757 30000000002602751 30000000002602769 30000000002602750 5.52976580795 -1.23302 8.20751 8.63876
9.2811 30000000002602751 30000000002602750 30000000002602769 30000000002602749 5.22758097313 -1.92901 8.21592 -0.00190262
9.33111 30000000002602750 30000000002602748 30000000002602769 30000000002602747 4.93938066349 -6.20302 7.46403 -12.0292
9.38412 30000000002602748 30000000002602747 30000000002602769 30000000002602746 4.66451770247 -3.22365 7.83585 -7.15218
9.47505 30000000002602747 30000000002602746 30000000002602769 30000000002602745 4.42803373661 -1.15404 9.61632 -21.7572
9.54278 30000000002602746 30000000002602745 30000000002602769 30000000002602744 4.17683491473 -3.69036 11.8331 -30.7177
9.60543 30000000002602745 30000000002602744 30000000002602769 30000000002602743 4.00794511147 -1.9015 10.8094 -40.7855
9.62754 30000000002602744 30000000002602743 30000000002602769 30000000002602742 3.93726108473 -3.74599 12.8887 -34.6483
9.78582 30000000002602743 30000000002602742 30000000002602769 30000000002602741 3.70877426464 -13.1937 20.1476 -12.6278
9.83243 30000000002602742 30000000002602741 30000000002602769 30000000002602740 3.49086136926 -10.9992 15.9041 -0.0441305
9.88316 30000000002602741 30000000002602740 30000000002602769 30000000002602739 3.28303305796 -5.12697 24.3962 14.3165
10.031 30000000002602740 30000000002602739 30000000002602769 30000000002602738 3.08482263583 -8.51849 15.8199 71.9164
10.0711 30000000002602739 30000000002602738 30000000002602769 30000000002602737 3.00813107163 -12.2682 10.1002 73.7405
10.0793 30000000002602738 30000000002602737 30000000002602769 30000000002602736 2.89578500573 -14.9362 6.71153 64.8576
10.0974 30000000002602737 30000000002602736 30000000002602769 30000000002602735 2.73314261732 -13.172 6.52885 47.4169
10.1171 30000000002602736 30000000002602735 30000000002602769 30000000002602734 2.5772902716 -6.13747 11.4283 46.8913
10.1215 30000000002602735 30000000002602725 30000000002602769 30000000002602724 1.60423452207 5.0288 40.5314 35.5887
10.1488 30000000002602725 30000000002602723 30000000002602769 30000000002602722 1.47197484527 -0.11351 38.5999 46.4189
10.1593 30000000002602723 30000000002602722 30000000002602769 30000000002602721 1.41409822037 1.70115 37.73 46.8217
10.1687 30000000002602722 30000000002602721 30000000002602769 30000000002602720 1.3575766674 4.62322 39.7406 53.2603
10.1751 30000000002602721 30000000002602719 30000000002602769 30000000002602718 1.24847261425 4.61911 35.7163 44.3604
10.1777 30000000002602719 30000000002602718 30000000002602769 30000000002602717 1.20625808078 7.77128 29.2016 45.059
10.1805 30000000002602718 30000000002602717 30000000002602769 30000000002602716 1.15460271236 10.0267 32.6574 45.2529
10.1908 30000000002602717 30000000002602716 30000000002602769 30000000002602715 1.11415056377 2.17497 29.7969 45.0461
10.1966 30000000002602716 30000000002602715 30000000002602769 30000000002602714 1.07445789455 6.86059 33.2125 35.557
10.1997 30000000002602715 30000000002602712 30000000002602769 30000000002602711 0.987852810816 6.43711 32.1241 33.5979
9.02239 30000000002602809 30000000002602808 30000000002602818 30000000002602807 6.01075739884 -0.502333 0.685893 0.735622
9.09637 30000000002602808 30000000002602807 30000000002602818 30000000002602806 5.84661374788 2.88212 -3.24208 -0.538906
9.19223 30000000002602807 30000000002602806 30000000002602818 30000000002602805 5.52976580795 3.59014 -7.57693 5.33282
9.26896 30000000002602806 30000000002602805 30000000002602818 30000000002602804 5.22758097313 1.41108 -3.2046 6.80785
9.31401 30000000002602805 30000000002602804 30000000002602818 30000000002602803 4.99593346816 2.86544 -3.10574 4.73987
9.34609 30000000002602804 30000000002602802 30000000002602818 30000000002602801 4.66451770247 -0.0850351 -0.119132 8.8075
9.36622 30000000002602802 30000000002602801 30000000002602818 30000000002602800 4.42803373661 7.86852 -5.69071 17.7512
9.45833 30000000002602801 30000000002602800 30000000002602818 30000000002602799 4.17683491473 19.0532 -8.10619 15.8806
9.47615 30000000002602800 30000000002602799 30000000002602818 30000000002602798 4.00794511147 24.0248 -20.6075 17.6412
9.02548 30000000002602965 30000000002602964 30000000002602972 30000000002602963 5.22758097313 0.638951 -3.33374 -7.95961
9.05524 30000000002602964 30000000002602963 30000000002602972 30000000002602962 4.99593346816 -0.795029 0.756176 -12.3272
9.12912 30000000002602963 30000000002602962 30000000002602972 30000000002602961 4.93938066349 -7.52869 -1.20175 -7.55064
9.16182 30000000002602962 30000000002602961 30000000002602972 30000000002602960 4.66451770247 -9.17953 -3.14097 -8.13457
9.16852 30000000002602961 30000000002602960 30000000002602972 30000000002602959 4.42803373661 -8.99182 -2.7129 -7.08765
9.2845 30000000002602960 30000000002602959 30000000002602972 30000000002602958 4.17683491473 -9.68055 -4.24729 -3.41933
9.31083 30000000002602959 30000000002602958 30000000002602972 30000000002602957 4.00794511147 -9.99885 -6.61634 -0.936616
9.31401 30000000002602958 30000000002602957 30000000002602972 30000000002602956 3.93726108473 -9.87363 -5.93472 -0.0716244
9.34313 30000000002602957 30000000002602956 30000000002602972 30000000002602955 3.70877426464 -15.7794 -8.2717 2.56283
9.40774 30000000002602956 30000000002602954 30000000002602972 30000000002602953 3.28303305796 -11.6465 -8.8051 9.78033
9.42527 30000000002602954 30000000002602953 30000000002602972 30000000002602952 3.08482263583 -11.9812 -10.0222 1.99371
9.50158 30000000002602953 30000000002602950 30000000002602972 30000000002602949 2.73314261732 -28.7391 -13.4822 3.28672
9.0098 30000000002602995 30000000002602994 30000000002603000 30000000002602993 4.17683491473 -1.89981 8.4453 0.648915
9.04358 30000000002602994 30000000002602993 30000000002603000 30000000002602992 4.00794511147 -1.79337 5.54583 1.10609
9.05235 30000000002602993 30000000002602991 30000000002603000 30000000002602990 3.70877426464 -1.76471 -0.768032 0.480239
9.06939 30000000002603061 30000000002603060 30000000002603066 30000000002603059 4.00794511147 -34.1458 -3.51949 -0.319883
9.18162 30000000002603060 30000000002603050 30000000002603066 30000000002603049 2.44422570455 -21.7265 14.292 8.17739
9.24918 30000000002603050 30000000002603046 30000000002603066 30000000002603045 2.00202813925 -18.9492 14.9012 6.83394
9.25101 30000000002603046 30000000002603044 30000000002603066 30000000002603043 1.82268925262 -14.7668 10.5419 5.02007
9.26187 30000000002603044 30000000002603041 30000000002603066 30000000002603040 1.60423452207 -13.8043 15.9307 1.36537
9.2828 30000000002603041 30000000002603039 30000000002603066 30000000002603038 1.47197484527 -17.2564 17.6117 0.342896
9.29457 30000000002603039 30000000002603036 30000000002603066 30000000002603035 1.30237845991 -19.9209 15.5454 3.87453
9.02239 30000000002603146 30000000002603145 30000000002603167 30000000002603144 2.89578500573 0.820821 4.21393 1.61618
9.0316 30000000002603145 30000000002603144 30000000002603167 30000000002603143 2.73314261732 1.49662 1.88054 1.914
9.04945 30000000002603144 30000000002603141 30000000002603167 30000000002603140 2.31611074396 3.40726 -1.28941 -1.77669
9.07492 30000000002603141 30000000002603137 30000000002603167 30000000002603136 1.90408954353 3.43675 1.75038 5.33004
9.0066 30000000002603255 30000000002603254 30000000002603257 30000000002603253 6.49159774567 -3.97304 -0.924355 -11.2688
9.10157 30000000002603254 30000000002603252 30000000002603257 30000000002603251 6.01075739884 -4.48207 -0.917228 -15.058
9.15042 30000000002603252 30000000002603250 30000000002603257 30000000002603249 5.52976580795 1.93012 -1.26546 -10.4987
9.15042 30000000002603250 30000000002603249 30000000002603257 30000000002603248 5.22758097313 4.90119 -3.38298 -9.14288
9.34902 30000000002603249 30000000002603248 30000000002603257 30000000002603247 4.99593346816 3.62365 -9.03469 -17.5798
9.35338 30000000002603248 30000000002603247 30000000002603257 30000000002603246 4.93938066349 1.701 -7.79719 -20.1024
9.37042 30000000002603247 30000000002603246 30000000002603257 30000000002603245 4.66451770247 6.44727 -0.568931 -10.189
9.4503 30000000002603246 30000000002603245 30000000002603257 30000000002603244 4.42803373661 -0.548195 1.67806 -10.2488
9.63969 30000000002603245 30000000002603244 30000000002603257 30000000002603243 4.17683491473 3.21071 17.0339 -13.2209
9.74842 30000000002603244 30000000002603243 30000000002603257 30000000002603242 4.00794511147 3.22261 30.4279 -13.5452
9.76836 30000000002603243 30000000002603242 30000000002603257 30000000002603241 3.93726108473 2.59738 40.6548 -18.0656
9.82321 30000000002603242 30000000002603241 30000000002603257 30000000002603240 3.70877426464 -0.427539 41.2595 -19.384
9.84661 30000000002603241 30000000002603240 30000000002603257 30000000002603239 3.49086136926 2.90468 38.4295 -15.3015
9.85808 30000000002603240 30000000002603239 30000000002603257 30000000002603238 3.28303305796 3.93868 32.1826 -20.5324
9.88614 30000000002603239 30000000002603238 30000000002603257 30000000002603237 3.08482263583 7.43093 27.8939 -7.43027
9.8958 30000000002603238 30000000002603237 30000000002603257 30000000002603236 3.00813107163 4.44766 28.1763 -16.014
9.91169 30000000002603237 30000000002603234 30000000002603257 30000000002603233 2.5772902716 3.89634 29.1652 -22.4659
9.91449 30000000002603234 30000000002603232 30000000002603257 30000000002603231 2.31611074396 -10.0862 43.0907 -32.355
9.92393 30000000002603232 30000000002603228 30000000002603257 30000000002603227 1.90408954353 -9.44204 26.4739 -25.025
9.94851 30000000002603228 30000000002603225 30000000002603257 30000000002603224 1.66666955611 -20.954 21.5903 -40.8538
9.00012 30000000002603276 30000000002603275 30000000002603285 30000000002603274 4.99593346816 5.96896 -4.69927 5.78417
9.0066 30000000002603275 30000000002603274 30000000002603285 30000000002603273 4.93938066349 4.8908 -4.26433 5.17218
