logMh | fpID | subhaloID | main leaf ID | descID |  z
9.05235 60000015500067251 60000015500067250 60000015500067258 60000015500067249 7.59510714987 0.00805609 4.14523 -5.71856
9.20055 60000015500067250 60000015500067249 60000015500067258 60000015500067248 7.23627606617 -5.35069 -1.40861 1.01509
9.26187 60000015500067249 60000015500067248 60000015500067258 60000015500067247 7.00541704554 -7.29186 -1.96008 1.70809
9.36622 60000015500067248 60000015500067247 60000015500067258 60000015500067246 6.85511726265 0.764527 -3.10248 -7.9075
9.626 60000015500067247 60000015500067246 60000015500067258 60000015500067245 6.49159774567 -11.2543 0.830393 -14.9337
9.79114 60000015500067246 60000015500067245 60000015500067258 60000015500067244 6.14490120342 -3.56318 14.2357 -15.3551
9.82419 60000015500067245 60000015500067244 60000015500067258 60000015500067243 6.01075739884 -5.67456 15.9949 -17.4362
9.86214 60000015500067244 60000015500067243 60000015500067258 60000015500067242 5.84661374788 4.8179 16.9238 -14.0172
10.0544 60000015500067243 60000015500067242 60000015500067258 60000015500067241 5.52976580795 24.9387 23.3055 -21.1808
10.0744 60000015500067242 60000015500067241 60000015500067258 60000015500067240 5.22758097313 28.6524 26.1049 -23.5912
10.1093 60000015500067241 60000015500067240 60000015500067258 60000015500067239 4.99593346816 14.6927 31.2065 -28.4561
10.1235 60000015500067240 60000015500067239 60000015500067258 60000015500067238 4.93938066349 12.8087 32.8401 -31.2326
10.1516 60000015500067239 60000015500067238 60000015500067258 60000015500067237 4.66451770247 16.3138 32.5311 -36.1887
10.1536 60000015500067238 60000015500067237 60000015500067258 60000015500067236 4.42803373661 5.96775 38.8988 -40.6098
10.2527 60000015500067237 60000015500067236 60000015500067258 60000015500067235 4.17683491473 -27.3893 60.3467 -56.6915
10.3357 60000015500067236 60000015500067235 60000015500067258 60000015500067234 4.00794511147 -32.6713 93.4879 -62.7138
10.5817 60000015500067235 60000015500067233 60000015500067258 60000015500067232 3.70877426464 -34.0693 100.557 56.1713
10.6581 60000015500067233 60000015500067232 60000015500067258 60000015500067231 3.49086136926 33.25 47.199 51.9568
10.7441 60000015500067232 60000015500067230 60000015500067258 60000015500067229 3.08482263583 27.6965 44.1656 19.9297
10.7668 60000015500067230 60000015500067229 60000015500067258 60000015500067228 3.00813107163 34.1943 50.5671 12.2504
10.7791 60000015500067229 60000015500067228 60000015500067258 60000015500067227 2.89578500573 -8.70557 42.8464 19.6299
10.7939 60000015500067228 60000015500067225 60000015500067258 60000015500067224 2.44422570455 20.6078 59.0458 18.9714
10.8058 60000015500067225 60000015500067219 60000015500067258 60000015500067218 1.82268925262 45.5484 73.848 46.4746
10.817 60000015500067219 60000015500067218 60000015500067258 60000015500067217 1.74357057433 45.4343 89.7871 31.5048
10.8303 60000015500067218 60000015500067217 60000015500067258 60000015500067216 1.66666955611 34.0473 89.7914 31.3439
10.8405 60000015500067217 60000015500067216 60000015500067258 60000015500067215 1.60423452207 30.5019 96.9045 28.4404
10.847 60000015500067216 60000015500067215 60000015500067258 60000015500067214 1.53123902916 38.3536 99.0798 31.4004
10.8589 60000015500067215 60000015500067214 60000015500067258 60000015500067213 1.47197484527 38.3612 103.091 28.2132
10.8701 60000015500067214 60000015500067213 60000015500067258 60000015500067212 1.41409822037 38.9581 116.715 19.2447
10.8787 60000015500067213 60000015500067212 60000015500067258 60000015500067211 1.3575766674 39.2789 121.458 13.2806
10.8841 60000015500067212 60000015500067210 60000015500067258 60000015500067209 1.24847261425 40.4541 114.792 17.6614
10.8934 60000015500067210 60000015500067209 60000015500067258 60000015500067208 1.20625808078 28.5183 106.299 12.6268
10.8945 60000015500067209 60000015500067208 60000015500067258 60000015500067207 1.15460271236 43.6123 105.579 15.2635
10.896 60000015500067208 60000015500067207 60000015500067258 60000015500067206 1.11415056377 42.8884 108.375 10.4747
10.9037 60000015500067207 60000015500067206 60000015500067258 60000015500067205 1.07445789455 41.3737 104.787 0.825107
10.9073 60000015500067206 60000015500067205 60000015500067258 60000015500067204 1.03551044566 41.2761 103.312 3.57534
10.9082 60000015500067205 60000015500067204 60000015500067258 60000015500067203 0.997294225782 31.4149 99.45 4.48164
10.9094 60000015500067204 60000015500067201 60000015500067258 60000015500067200 0.923000816178 20.5147 99.5334 -0.712166
11.2544 60000015500067201 60000015500067187 60000015500067258 60000015500067186 0.524565820434 171.524 106.678 -283.816
11.3142 60000015500067187 60000015500067186 60000015500067258 60000015500067185 0.503047523245 181.817 41.2442 -279.854
11.3509 60000015500067186 60000015500067185 60000015500067258 60000015500067184 0.481832943421 194.472 33.7245 -267.37
11.3811 60000015500067185 60000015500067184 60000015500067258 60000015500067183 0.460917794181 200.889 27.9268 -275.796
11.3811 60000015500067184 60000015500067183 60000015500067258 60000015500067182 0.440297849248 170.69 44.6382 -250.878
11.3847 60000015500067183 60000015500067180 60000015500067258 60000015500067179 0.38016786726 207.908 -8.25639 -251.03
11.4069 60000015500067180 60000015500067179 60000015500067258 60000015500067178 0.360687657262 191.634 19.9693 -225.018
11.4215 60000015500067179 60000015500067178 60000015500067258 60000015500067177 0.347853841858 191.748 25.802 -221.461
11.4405 60000015500067178 60000015500067177 60000015500067258 60000015500067176 0.328829724206 185.1 32.8559 -211.323
11.4424 60000015500067177 60000015500067176 60000015500067258 60000015500067175 0.310074120128 196.607 23.3107 -204.159
11.4473 60000015500067176 60000015500067175 60000015500067258 60000015500067174 0.291583239722 186.9 18.6011 -204.772
11.4488 60000015500067175 60000015500067174 60000015500067258 60000015500067173 0.273353346578 164.489 21.0273 -216.174
11.4517 60000015500067174 60000015500067173 60000015500067258 60000015500067172 0.261343256161 153.574 34.8747 -210.029
11.4547 60000015500067173 60000015500067167 60000015500067258 60000015500067166 0.169252033244 129.553 94.602 -186.496
11.4548 60000015500067167 60000015500067166 60000015500067258 60000015500067165 0.152748768902 123.383 91.4566 -181.227
11.4594 60000015500067166 60000015500067165 60000015500067258 60000015500067164 0.14187620397 117.221 97.9206 -193.398
11.462 60000015500067165 60000015500067161 60000015500067258 60000015500067160 0.0838844307975 102.427 117.065 -211.942
11.4665 60000015500067161 60000015500067159 60000015500067258 60000015500067158 0.0585073227945 102.604 142.239 -209.206
11.4693 60000015500067159 60000015500067157 60000015500067258 60000015500067156 0.0337243718735 76.7654 174.178 -226.98
11.4708 60000015500067157 60000015500067156 60000015500067258 60000015500067155 0.0239744283828 59.3682 167.279 -217.726
11.4798 60000015500067156 60000015500067155 60000015500067258 60000015500067154 0.00952166696794 50.4118 178.713 -211.002
11.4799 60000015500067155 60000015500067154 60000015500067258 -1 2.22044604925e-16 42.9887 182.678 -213.302
9.0066 60000015500067275 60000015500067274 60000015500067281 60000015500067273 7.23627606617 3.49351 -0.465661 -3.10131
9.01928 60000015500067274 60000015500067272 60000015500067281 60000015500067271 6.85511726265 -0.164428 -3.71599 -0.624622
9.01298 60000015500067326 60000015500067325 60000015500067332 60000015500067324 4.66451770247 7.89915 7.72499 -10.1486
9.05524 60000015500067376 60000015500067375 60000015500067381 60000015500067374 7.59510714987 -2.8343 -5.79496 -6.15231
9.0666 60000015500067375 60000015500067373 60000015500067381 60000015500067372 7.00541704554 0.367521 -8.48386 -6.05026
9.06939 60000015500067373 60000015500067372 60000015500067381 60000015500067371 6.85511726265 -0.565751 -8.27584 -4.36669
9.07492 60000015500067372 60000015500067371 60000015500067381 60000015500067370 6.49159774567 0.123093 -6.38595 -5.51548
9.21472 60000015500067371 60000015500067370 60000015500067381 60000015500067369 6.14490120342 3.6049 -4.78913 1.5914
9.2742 60000015500067370 60000015500067369 60000015500067381 60000015500067368 6.01075739884 3.74125 -3.68946 -1.19096
9.30923 60000015500067369 60000015500067368 60000015500067381 60000015500067367 5.84661374788 -1.31464 -0.0309302 -4.40049
9.43497 60000015500067368 60000015500067367 60000015500067381 60000015500067366 5.52976580795 1.51077 -3.66894 1.61654
9.48265 60000015500067367 60000015500067366 60000015500067381 60000015500067365 5.22758097313 -1.15136 -2.62488 -3.59769
9.19223 60000015500067424 60000015500067423 60000015500067431 60000015500067422 8.01217294887 -1.5506 -7.0878 -4.34206
9.24548 60000015500067423 60000015500067422 60000015500067431 60000015500067421 7.59510714987 -0.378114 -8.77419 -5.06088
9.30278 60000015500067422 60000015500067421 60000015500067431 60000015500067420 7.23627606617 -0.194527 -6.0873 -9.01374
9.40902 60000015500067421 60000015500067420 60000015500067431 60000015500067419 7.00541704554 9.1485 -10.7724 -10.5069
9.48692 60000015500067420 60000015500067419 60000015500067431 60000015500067418 6.85511726265 15.6352 -15.349 -8.86583
9.53236 60000015500067419 60000015500067418 60000015500067431 60000015500067417 6.49159774567 16.9298 -15.5621 -4.85496
9.58213 60000015500067418 60000015500067417 60000015500067431 60000015500067416 6.14490120342 14.778 -11.2452 -6.45853
9.62985 60000015500067417 60000015500067415 60000015500067431 60000015500067414 5.84661374788 14.6783 -6.8657 -9.47717
9.75248 60000015500067415 60000015500067414 60000015500067431 60000015500067413 5.52976580795 19.4977 -6.7 -6.61418
9.78849 60000015500067414 60000015500067413 60000015500067431 60000015500067412 5.22758097313 21.2556 1.27385 -9.5933
9.90808 60000015500067413 60000015500067412 60000015500067431 60000015500067411 4.99593346816 -2.07826 2.76641 8.1886
9.97317 60000015500067412 60000015500067411 60000015500067431 60000015500067410 4.93938066349 -31.529 -5.99493 20.7633
10.0027 60000015500067411 60000015500067410 60000015500067431 60000015500067409 4.66451770247 -32.748 -2.55065 18.3867
10.0578 60000015500067410 60000015500067409 60000015500067431 60000015500067408 4.42803373661 -57.0052 -20.0811 37.2345
10.4369 60000015500067409 60000015500067406 60000015500067431 60000015500067405 3.93726108473 60.6928 -3.98701 58.6108
10.7588 60000015500067406 60000015500067398 60000015500067431 60000015500067225 2.5772902716 38.8764 32.3143 28.5549
9.06096 60000015500067433 60000015500067432 60000015500067436 60000015500067423 8.44947629437 -1.71331 -2.38423 0.0522928
9.01928 60000015500067521 60000015500067520 60000015500067527 60000015500067519 9.00233985416 6.27132 6.42762 -4.32905
9.08578 60000015500067520 60000015500067518 60000015500067527 60000015500067517 8.44947629437 7.84205 5.75075 -2.31556
9.19013 60000015500067518 60000015500067517 60000015500067527 60000015500067516 8.01217294887 7.68818 5.16785 -0.890911
9.38815 60000015500067517 60000015500067516 60000015500067527 60000015500067515 7.59510714987 -10.3762 4.32921 -0.981636
9.46397 60000015500067516 60000015500067515 60000015500067527 60000015500067514 7.23627606617 -7.95881 12.3682 -4.62421
9.55569 60000015500067515 60000015500067514 60000015500067527 60000015500067513 7.00541704554 -1.41295 12.1528 -2.81131
9.59477 60000015500067514 60000015500067513 60000015500067527 60000015500067512 6.85511726265 2.93261 14.5824 0.284286
9.64119 60000015500067513 60000015500067512 60000015500067527 60000015500067511 6.49159774567 8.74966 10.7933 0.4339
9.70039 60000015500067512 60000015500067511 60000015500067527 60000015500067510 6.14490120342 16.4493 15.7035 -0.203813
9.71259 60000015500067511 60000015500067510 60000015500067527 60000015500067509 6.01075739884 9.84242 6.36287 1.45279
9.78314 60000015500067510 60000015500067509 60000015500067527 60000015500067508 5.84661374788 22.3334 7.68432 2.53504
9.83673 60000015500067509 60000015500067508 60000015500067527 60000015500067507 5.52976580795 28.0243 17.492 -1.57454
9.85536 60000015500067508 60000015500067507 60000015500067527 60000015500067506 5.22758097313 27.8073 16.5186 -4.34438
9.88952 60000015500067507 60000015500067506 60000015500067527 60000015500067505 4.99593346816 27.615 18.3435 2.37165
9.91607 60000015500067506 60000015500067505 60000015500067527 60000015500067504 4.93938066349 30.456 20.9966 1.15246
9.9756 60000015500067505 60000015500067504 60000015500067527 60000015500067503 4.66451770247 24.5825 20.3686 1.4516
10.0474 60000015500067504 60000015500067503 60000015500067527 60000015500067502 4.42803373661 29.9963 31.045 4.11446
9.08309 60000015500067562 60000015500067561 60000015500067567 60000015500067560 4.17683491473 19.4736 20.465 21.2479
9.15502 60000015500067561 60000015500067558 60000015500067567 60000015500067557 3.70877426464 17.2032 19.8606 -4.2681
10.7172 60000015500067558 60000015500067557 60000015500067567 60000015500067496 3.28303305796 20.71 22.3722 37.0532
9.05235 60000015500067618 60000015500067617 60000015500067632 60000015500067616 3.00813107163 10.1596 11.0242 4.16589
9.0666 60000015500067617 60000015500067615 60000015500067632 60000015500067614 2.73314261732 11.1215 9.93389 -1.9237
9.02239 60000015500067667 60000015500067666 60000015500067670 60000015500067665 6.49159774567 7.09036 4.30509 8.35635
9.05235 60000015500067666 60000015500067665 60000015500067670 60000015500067664 6.14490120342 6.48457 2.40315 5.34836
9.09375 60000015500067665 60000015500067663 60000015500067670 60000015500067662 5.84661374788 5.90378 2.27042 4.40745
9.17729 60000015500067663 60000015500067662 60000015500067670 60000015500067661 5.52976580795 6.24876 1.61134 6.88363
9.21671 60000015500067662 60000015500067658 60000015500067670 60000015500067657 4.66451770247 2.07106 4.38459 3.19421
9.2342 60000015500067658 60000015500067657 60000015500067670 60000015500067656 4.42803373661 5.61786 3.49073 3.5566
9.0098 60000015500067707 60000015500067706 60000015500067717 60000015500067705 3.28303305796 14.6014 16.3565 35.3237
9.03763 60000015500067985 60000015500067984 60000015500067995 60000015500067983 5.52976580795 -4.4383 2.18439 -3.28395
9.12668 60000015500067984 60000015500067983 60000015500067995 60000015500067982 5.22758097313 -6.47327 8.16013 1.06281
9.14108 60000015500067983 60000015500067982 60000015500067995 60000015500067981 4.99593346816 -0.176581 4.85575 -0.441636
9.20055 60000015500067982 60000015500067981 60000015500067995 60000015500067980 4.93938066349 -6.28722 6.42638 -3.4968
9.26365 60000015500067981 60000015500067980 60000015500067995 60000015500067979 4.66451770247 -3.73684 3.92601 -2.30686
9.30602 60000015500067980 60000015500067979 60000015500067995 60000015500067978 4.42803373661 -12.5669 8.30864 1.78876
9.33111 60000015500067979 60000015500067978 60000015500067995 60000015500067977 4.17683491473 -7.41367 -8.59445 -8.78645
9.3974 60000015500067978 60000015500067977 60000015500067995 60000015500067976 4.00794511147 -17.3891 -7.69727 -1.98
9.42527 60000015500067977 60000015500067975 60000015500067995 60000015500067974 3.70877426464 -16.8094 -7.75717 -2.11398
9.43136 60000015500067975 60000015500067974 60000015500067995 60000015500067973 3.49086136926 -14.3364 -7.37148 0.542498
9.51074 60000015500067974 60000015500067973 60000015500067995 60000015500067972 3.28303305796 -14.5283 -4.78733 -9.7166
9.52657 60000015500067973 60000015500067972 60000015500067995 60000015500067971 3.08482263583 -19.5566 -2.09612 -9.91349
9.55841 60000015500067972 60000015500067969 60000015500067995 60000015500067968 2.73314261732 -7.70518 1.09879 -3.51854
9.60543 60000015500067969 60000015500067968 60000015500067995 60000015500067967 2.5772902716 -5.76473 11.0171 -9.21248
9.62056 60000015500067968 60000015500067966 60000015500067995 60000015500067965 2.31611074396 -1.00196 2.80671 -5.63619
9.05811 60000015500068245 60000015500068244 60000015500068248 60000015500068243 7.59510714987 6.57218 -11.2924 -6.55708
9.15273 60000015500068244 60000015500068243 60000015500068248 60000015500068242 7.23627606617 8.92109 -10.1175 -3.25488
9.34756 60000015500068243 60000015500068242 60000015500068248 60000015500068241 7.00541704554 3.89343 -10.7927 4.04146
9.35627 60000015500068242 60000015500068241 60000015500068248 60000015500068240 6.85511726265 1.48448 -12.6165 -9.94515
9.71762 60000015500068241 60000015500068240 60000015500068248 60000015500068239 6.49159774567 5.30596 10.5697 45.8482
9.7519 60000015500068240 60000015500068239 60000015500068248 60000015500068238 6.14490120342 15.9636 -16.918 9.42936
9.75248 60000015500068239 60000015500068238 60000015500068248 60000015500068237 6.01075739884 11.9077 -17.9178 22.4463
9.80261 60000015500068238 60000015500068237 60000015500068248 60000015500068236 5.84661374788 7.66295 -25.6099 26.7426
9.8912 60000015500068237 60000015500068236 60000015500068248 60000015500068235 5.52976580795 9.40823 -18.9038 18.1175
9.95436 60000015500068236 60000015500068235 60000015500068248 60000015500068234 5.22758097313 17.0007 -18.7093 13.66
9.97629 60000015500068235 60000015500068234 60000015500068248 60000015500068233 4.99593346816 10.1979 -11.7904 11.779
9.97904 60000015500068234 60000015500068233 60000015500068248 60000015500068232 4.93938066349 15.8647 -17.0733 8.80152
10.1203 60000015500068233 60000015500068232 60000015500068248 60000015500068231 4.66451770247 0.713095 -28.9514 54.3696
10.1486 60000015500068232 60000015500068231 60000015500068248 60000015500068230 4.42803373661 -13.4041 5.77456 52.9231
10.2169 60000015500068231 60000015500068230 60000015500068248 60000015500068229 4.17683491473 -8.61174 6.67936 57.7649
10.2525 60000015500068230 60000015500068229 60000015500068248 60000015500068228 4.00794511147 -24.9738 -22.6071 56.5395
10.2711 60000015500068229 60000015500068228 60000015500068248 60000015500068227 3.93726108473 -25.2982 -16.5744 50.3399
10.3483 60000015500068228 60000015500068227 60000015500068248 60000015500068226 3.70877426464 -41.9571 -23.5929 36.6921
10.3708 60000015500068227 60000015500068226 60000015500068248 60000015500068225 3.49086136926 -35.7379 0.943156 38.3011
10.4219 60000015500068226 60000015500068225 60000015500068248 60000015500068224 3.28303305796 -37.7373 0.392522 42.7482
10.4605 60000015500068225 60000015500068224 60000015500068248 60000015500068223 3.08482263583 -41.4641 -14.8239 17.7641
10.4613 60000015500068224 60000015500068223 60000015500068248 60000015500068222 3.00813107163 -39.1517 2.232 19.039
10.4704 60000015500068223 60000015500068222 60000015500068248 60000015500068221 2.89578500573 -33.8162 10.9299 21.7339
10.4823 60000015500068222 60000015500068221 60000015500068248 60000015500068220 2.73314261732 -44.7127 -9.42133 15.8173
10.4975 60000015500068221 60000015500068219 60000015500068248 60000015500068218 2.44422570455 -40.5428 -18.6422 18.5048
10.5004 60000015500068219 60000015500068218 60000015500068248 60000015500068217 2.31611074396 -49.4758 -42.9162 6.24816
10.5012 60000015500068218 60000015500068217 60000015500068248 60000015500068216 2.20792547238 -26.331 -41.3669 12.4695
10.5849 60000015500068217 60000015500068216 60000015500068248 60000015500068215 2.1032696526 -117.358 -151.426 60.9255
10.5972 60000015500068216 60000015500068214 60000015500068248 60000015500068213 1.90408954353 -49.8824 -63.0596 -5.95191
10.6574 60000015500068214 60000015500068213 60000015500068248 60000015500068212 1.82268925262 -78.4994 -118.984 -18.4871
10.6826 60000015500068213 60000015500068212 60000015500068248 60000015500068211 1.74357057433 -83.0156 -109.699 18.9265
10.6965 60000015500068212 60000015500068211 60000015500068248 60000015500068210 1.66666955611 -66.1609 -65.4338 36.7391
10.7285 60000015500068211 60000015500068210 60000015500068248 60000015500068209 1.60423452207 -103.789 -99.332 28.3305
10.7485 60000015500068210 60000015500068209 60000015500068248 60000015500068208 1.53123902916 -158.303 -142.2 41.8955
10.7767 60000015500068209 60000015500068208 60000015500068248 60000015500068207 1.47197484527 -188.229 -165.289 104.42
10.8079 60000015500068208 60000015500068206 60000015500068248 60000015500068205 1.3575766674 -183.237 -176.232 102.952
10.8393 60000015500068206 60000015500068205 60000015500068248 60000015500068204 1.30237845991 -223.287 -275.605 162.722
10.8465 60000015500068205 60000015500068204 60000015500068248 60000015500068203 1.24847261425 -260.209 -301.43 169.952
10.8689 60000015500068204 60000015500068203 60000015500068248 60000015500068202 1.20625808078 -261.63 -348.185 230.96
10.8785 60000015500068203 60000015500068202 60000015500068248 60000015500068201 1.15460271236 -269.052 -299.096 218.169
10.9054 60000015500068202 60000015500068201 60000015500068248 60000015500068200 1.11415056377 -260.883 -307.384 267.868
10.911 60000015500068201 60000015500068199 60000015500068248 60000015500068198 1.03551044566 -232.043 -271.956 238.714
10.9168 60000015500068199 60000015500068198 60000015500068248 60000015500068197 0.997294225782 -184.049 -267.772 246.044
10.9235 60000015500068198 60000015500068197 60000015500068248 60000015500068196 0.987852810816 -189.853 -274.723 211.703
10.9478 60000015500068197 60000015500068196 60000015500068248 60000015500068195 0.950531351585 -197.627 -248.034 283.754
10.9643 60000015500068196 60000015500068195 60000015500068248 60000015500068194 0.923000816178 -211.261 -250.682 312.701
11.0205 60000015500068195 60000015500068194 60000015500068248 60000015500068193 0.886896937575 -239.243 -227.565 358.63
11.0438 60000015500068194 60000015500068193 60000015500068248 60000015500068192 0.851470900625 -242.786 -142.794 324.074
11.0511 60000015500068193 60000015500068192 60000015500068248 60000015500068191 0.816709979012 -228.06 -175.559 331.228
11.0795 60000015500068192 60000015500068191 60000015500068248 60000015500068190 0.791068248946 -173.463 -152.107 284.833
11.092 60000015500068191 60000015500068190 60000015500068248 60000015500068189 0.757441372616 -171.254 -193.92 298.58
11.096 60000015500068190 60000015500068189 60000015500068248 60000015500068188 0.732636182022 -136.342 -184.833 264.302
11.1102 60000015500068189 60000015500068188 60000015500068248 60000015500068187 0.700106353719 -143.112 -183.241 251.692
11.1113 60000015500068188 60000015500068187 60000015500068248 60000015500068186 0.676110411213 -171.348 -167.32 274.91
11.1394 60000015500068187 60000015500068186 60000015500068248 60000015500068185 0.644641840685 -108.774 -102.54 193.831
11.1512 60000015500068186 60000015500068185 60000015500068248 60000015500068184 0.621428745243 -92.0015 -79.4572 156.002
11.1709 60000015500068185 60000015500068184 60000015500068248 60000015500068183 0.598543288188 -88.6712 -85.6231 129.234
11.182 60000015500068184 60000015500068183 60000015500068248 60000015500068182 0.575980845108 -31.3989 -64.253 67.4049
11.1824 60000015500068183 60000015500068182 60000015500068248 60000015500068181 0.546392183141 -29.2917 -36.798 23.0212
9.02548 60000015500068281 60000015500068280 60000015500068288 60000015500068279 7.59510714987 -1.98068 -1.06975 -2.35361
9.07216 60000015500068280 60000015500068279 60000015500068288 60000015500068278 7.23627606617 -1.98272 6.32709 -3.43968
9.07492 60000015500068310 60000015500068309 60000015500068319 60000015500068308 4.93938066349 4.20076 -21.718 -10.7413
9.00337 60000015500068378 60000015500068377 60000015500068384 60000015500068376 7.00541704554 2.4538 2.51157 -2.87105
9.12178 60000015500068377 60000015500068376 60000015500068384 60000015500068375 6.85511726265 3.51649 4.21921 -4.09038
9.20464 60000015500068376 60000015500068375 60000015500068384 60000015500068374 6.14490120342 1.12661 -5.04243 -8.1642
9.2342 60000015500068375 60000015500068373 60000015500068384 60000015500068372 5.84661374788 1.67275 5.59621 -5.89753
9.2811 60000015500068373 60000015500068372 60000015500068384 60000015500068371 5.52976580795 -2.69867 -9.35104 -10.8717
9.0098 60000015500068401 60000015500068400 60000015500068410 60000015500068399 6.01075739884 0.768934 -2.1925 -6.35121
9.04945 60000015500068400 60000015500068397 60000015500068410 60000015500068396 5.22758097313 9.5471 0.153604 -13.5077
9.1573 60000015500068397 60000015500068396 60000015500068410 60000015500068395 4.99593346816 6.9033 2.89041 -5.89824
9.18589 60000015500068396 60000015500068395 60000015500068410 60000015500068394 4.93938066349 4.58527 1.39238 -5.09165
9.01614 60000015500068500 60000015500068499 60000015500068511 60000015500068498 4.66451770247 2.92302 7.65992 -2.93969
9.03763 60000015500068499 60000015500068496 60000015500068511 60000015500068495 4.00794511147 -1.58578 7.83598 -0.587233
9.08038 60000015500068496 60000015500068494 60000015500068511 60000015500068493 3.70877426464 -0.711038 6.13821 -3.37246
9.11681 60000015500068494 60000015500068490 60000015500068511 60000015500068489 3.00813107163 2.7374 2.73783 -1.78303
9.1193 60000015500068490 60000015500068488 60000015500068511 60000015500068487 2.73314261732 2.53682 1.10537 -2.64755
9.0098 60000015500068638 60000015500068637 60000015500068646 60000015500068636 4.93938066349 -7.042 6.90918 -6.47867
9.10671 60000015500068637 60000015500068636 60000015500068646 60000015500068635 4.66451770247 -10.2961 8.88923 -10.6024
9.13394 60000015500068636 60000015500068635 60000015500068646 60000015500068634 4.42803373661 -7.44624 7.37024 -8.44085
9.16852 60000015500068635 60000015500068634 60000015500068646 60000015500068633 4.17683491473 -9.86121 10.8247 -10.0062
9.17512 60000015500068634 60000015500068633 60000015500068646 60000015500068632 4.00794511147 -10.5849 8.10588 -8.55028
9.22262 60000015500068633 60000015500068632 60000015500068646 60000015500068631 3.93726108473 -11.4697 11.7194 -5.55272
9.32958 60000015500068632 60000015500068631 60000015500068646 60000015500068630 3.70877426464 -2.09477 10.1553 -2.13755
9.35483 60000015500068631 60000015500068630 60000015500068646 60000015500068629 3.49086136926 1.87094 8.87207 -0.646455
9.37457 60000015500068630 60000015500068629 60000015500068646 60000015500068628 3.28303305796 2.8952 4.55445 -3.50377
9.4026 60000015500068629 60000015500068628 60000015500068646 60000015500068627 3.08482263583 4.0698 10.8132 -2.40252
9.43136 60000015500068628 60000015500068627 60000015500068646 60000015500068626 3.00813107163 8.51126 16.0085 3.23568
9.45145 60000015500068627 60000015500068626 60000015500068646 60000015500068625 2.89578500573 5.50991 13.2398 2.88964
9.4606 60000015500068626 60000015500068624 60000015500068646 60000015500068623 2.5772902716 -20.1239 0.746092 0.465562
9.46955 60000015500068624 60000015500068623 60000015500068646 60000015500068622 2.44422570455 -16.2525 2.25745 -2.83387
9.55478 60000015500068623 60000015500068622 60000015500068646 60000015500068621 2.31611074396 -29.0327 0.448113 1.33644
9.59477 60000015500068622 60000015500068621 60000015500068646 60000015500068620 2.20792547238 -22.9044 -3.57584 5.51094
9.02548 60000015500068687 60000015500068686 60000015500068695 60000015500068685 4.93938066349 15.7108 1.01341 -6.96197
9.05524 60000015500068686 60000015500068683 60000015500068695 60000015500068682 4.17683491473 15.674 10.9419 -5.03233
9.10671 60000015500068683 60000015500068682 60000015500068695 60000015500068681 4.00794511147 12.9197 12.409 -4.99567
9.00012 60000015500068731 60000015500068730 60000015500068749 60000015500068729 3.00813107163 6.24522 2.52458 7.49792
9.01614 60000015500068730 60000015500068728 60000015500068749 60000015500068727 2.73314261732 7.46939 3.35499 3.96698
9.05524 60000015500068728 60000015500068726 60000015500068749 60000015500068725 2.44422570455 9.31432 3.95858 -4.80073
9.03463 60000015500068789 60000015500068788 60000015500068801 60000015500068787 3.49086136926 4.46336 -2.41489 -12.0515
9.06378 60000015500068788 60000015500068787 60000015500068801 60000015500068786 3.28303305796 5.57022 -2.34611 -13.1593
9.0666 60000015500068787 60000015500068786 60000015500068801 60000015500068785 3.08482263583 7.67292 -1.11672 -10.0279
9.06939 60000015500068786 60000015500068784 60000015500068801 60000015500068783 2.89578500573 3.68196 -1.38808 -10.9063
9.10926 60000015500068784 60000015500068782 60000015500068801 60000015500068781 2.5772902716 8.30305 1.17421 -14.9501
9.11431 60000015500068782 60000015500068778 60000015500068801 60000015500068777 2.1032696526 13.5985 4.03786 -15.1073
9.12424 60000015500068778 60000015500068776 60000015500068801 60000015500068775 1.90408954353 9.04222 5.25138 -11.757
9.02239 60000015500068921 60000015500068920 60000015500068927 60000015500068919 9.38877127194 -0.312604 3.44651 1.33698
9.13154 60000015500068920 60000015500068919 60000015500068927 60000015500068918 9.00233985416 -0.802251 3.06769 1.37027
9.19013 60000015500068919 60000015500068917 60000015500068927 60000015500068916 8.44947629437 -1.94426 4.70444 3.19749
9.29124 60000015500068917 60000015500068916 60000015500068927 60000015500068915 8.01217294887 -1.33241 3.88049 4.59009
9.29457 60000015500068916 60000015500068915 60000015500068927 60000015500068914 7.59510714987 -0.738488 4.68048 3.24309
9.35627 60000015500068915 60000015500068914 60000015500068927 60000015500068913 7.23627606617 -1.3094 5.52956 4.38442
9.39346 60000015500068914 60000015500068913 60000015500068927 60000015500068912 7.00541704554 -1.32598 5.02122 2.74446
9.41534 60000015500068913 60000015500068912 60000015500068927 60000015500068911 6.85511726265 -0.861629 4.0843 3.62201
9.49536 60000015500068912 60000015500068911 60000015500068927 60000015500068910 6.49159774567 -1.66971 8.64654 4.90164
9.56557 60000015500068911 60000015500068910 60000015500068927 60000015500068909 6.14490120342 -0.378857 5.80846 2.1411
9.58127 60000015500068910 60000015500068909 60000015500068927 60000015500068908 6.01075739884 -0.53364 5.76877 -0.579521
9.61346 60000015500068909 60000015500068908 60000015500068927 60000015500068907 5.84661374788 1.81343 6.34885 -2.15958
9.66302 60000015500068908 60000015500068907 60000015500068927 60000015500068906 5.52976580795 0.626267 8.88904 -1.79237
9.69383 60000015500068907 60000015500068906 60000015500068927 60000015500068905 5.22758097313 -2.09577 7.28086 -2.50955
9.72996 60000015500068906 60000015500068905 60000015500068927 60000015500068904 4.99593346816 -1.5952 5.24549 3.33883
9.75822 60000015500068905 60000015500068903 60000015500068927 60000015500068902 4.66451770247 1.40887 6.13877 4.87854
9.79639 60000015500068903 60000015500068902 60000015500068927 60000015500068901 4.42803373661 4.39817 6.08506 0.713896
9.8067 60000015500068902 60000015500068901 60000015500068927 60000015500068900 4.17683491473 2.57127 6.15343 3.84283
9.80874 60000015500068901 60000015500068900 60000015500068927 60000015500068899 4.00794511147 1.12814 3.55784 2.17388
9.81227 60000015500068900 60000015500068899 60000015500068927 60000015500068898 3.93726108473 4.43191 6.2063 2.72126
9.84615 60000015500068899 60000015500068898 60000015500068927 60000015500068897 3.70877426464 1.52324 13.8033 -6.65499
9.95545 60000015500068898 60000015500068897 60000015500068927 60000015500068896 3.49086136926 11.7227 28.6207 -4.03663
9.99453 60000015500068897 60000015500068896 60000015500068927 60000015500068895 3.28303305796 18.428 40.7003 -13.6432
10.0879 60000015500068896 60000015500068895 60000015500068927 60000015500068894 3.08482263583 7.68468 37.6953 -21.0283
10.1156 60000015500068895 60000015500068894 60000015500068927 60000015500068893 3.00813107163 10.7003 36.133 -23.1986
10.2157 60000015500068894 60000015500068893 60000015500068927 60000015500068892 2.89578500573 22.0529 46.9962 -25.6882
10.2484 60000015500068893 60000015500068891 60000015500068927 60000015500068890 2.5772902716 34.8143 63.262 -28.9565
10.2633 60000015500068891 60000015500068890 60000015500068927 60000015500068889 2.44422570455 31.1567 57.7356 -26.1684
9.00012 60000015500068969 60000015500068968 60000015500068975 60000015500068967 8.9079991856 -4.88447 -1.87312 3.4181
9.07216 60000015500068968 60000015500068967 60000015500068975 60000015500068966 8.44947629437 -3.96476 -0.943091 3.48047
9.10926 60000015500068967 60000015500068966 60000015500068975 60000015500068965 8.01217294887 -2.90281 -0.00601345 3.19665
9.13871 60000015500068966 60000015500068965 60000015500068975 60000015500068964 7.59510714987 -2.81997 0.115777 2.12383
9.19433 60000015500068965 60000015500068964 60000015500068975 60000015500068963 7.23627606617 -4.17517 1.24755 1.60185
9.21869 60000015500068964 60000015500068963 60000015500068975 60000015500068962 7.00541704554 -4.32668 -0.0116359 1.71164
9.24175 60000015500068963 60000015500068962 60000015500068975 60000015500068961 6.85511726265 -5.78855 -0.117839 3.5271
9.26543 60000015500068962 60000015500068961 60000015500068975 60000015500068960 6.49159774567 -10.076 -4.49636 7.06264
9.35338 60000015500068961 60000015500068960 60000015500068975 60000015500068959 6.14490120342 -7.01437 -3.38411 5.79464
9.37732 60000015500068960 60000015500068958 60000015500068975 60000015500068957 5.84661374788 -11.5619 -5.95921 4.51451
9.40902 60000015500068958 60000015500068956 60000015500068975 60000015500068955 5.22758097313 -5.07111 -2.12457 3.73797
9.56379 60000015500068956 60000015500068955 60000015500068975 60000015500068954 4.99593346816 -2.60781 -7.49079 13.5023
9.60624 60000015500068955 60000015500068951 60000015500068975 60000015500068950 4.17683491473 -6.42199 -11.8032 7.83474
9.61266 60000015500068951 60000015500068950 60000015500068975 60000015500068949 4.00794511147 -5.28076 -9.91102 6.55426
9.0098 60000015500069088 60000015500069087 60000015500069098 60000015500069086 3.70877426464 0.0703717 -8.69484 -4.10577
9.02548 60000015500069087 60000015500069086 60000015500069098 60000015500069085 3.49086136926 1.10739 -13.5847 4.29522
9.03463 60000015500069086 60000015500069085 60000015500069098 60000015500069084 3.28303305796 -1.21758 -5.47111 -5.92767
9.09637 60000015500069085 60000015500069084 60000015500069098 60000015500069083 3.08482263583 -3.05494 -5.70804 -17.1383
9.10926 60000015500069084 60000015500069082 60000015500069098 60000015500069081 2.89578500573 -7.04731 -9.59764 -19.0472
9.12178 60000015500069082 60000015500069079 60000015500069098 60000015500069078 2.44422570455 -3.68503 -6.04061 -17.1617
9.15956 60000015500069079 60000015500069070 60000015500069098 60000015500069069 1.60423452207 0.0902269 -6.06961 -8.4222
9.17729 60000015500069070 60000015500069067 60000015500069098 60000015500069066 1.41409822037 -1.48879 -12.6544 -7.69934
9.18162 60000015500069067 60000015500069064 60000015500069098 60000015500069063 1.24847261425 -3.70411 -10.4899 -7.54531
9.04062 60000015500069201 60000015500069200 60000015500069206 60000015500069199 8.01217294887 -2.58348 5.84023 3.22437
9.07766 60000015500069200 60000015500069198 60000015500069206 60000015500069197 7.23627606617 1.06653 3.48344 1.36503
9.08578 60000015500069198 60000015500069197 60000015500069206 60000015500069196 7.00541704554 1.85393 3.80685 4.04789
9.11681 60000015500069197 60000015500069195 60000015500069206 60000015500069194 6.49159774567 4.14446 7.73728 -1.27452
9.19433 60000015500069195 60000015500069194 60000015500069206 60000015500069193 6.14490120342 -0.147738 8.23064 1.99597
9.30115 60000015500069194 60000015500069192 60000015500069206 60000015500069191 5.84661374788 9.19004 13.2709 -0.0933415
9.46285 60000015500069192 60000015500069191 60000015500069206 60000015500069190 5.52976580795 -3.96942 9.30156 25.3234
9.49221 60000015500069191 60000015500069190 60000015500069206 60000015500069189 5.22758097313 -3.60603 5.27441 25.1194
9.54558 60000015500069190 60000015500069189 60000015500069206 60000015500069188 4.99593346816 -5.65876 6.61221 22.3285
9.56911 60000015500069189 60000015500069187 60000015500069206 60000015500069186 4.66451770247 -1.34469 7.34513 22.715
9.65442 60000015500069187 60000015500069186 60000015500069206 60000015500069185 4.42803373661 4.95095 5.83539 14.7437
9.65874 60000015500069186 60000015500069184 60000015500069206 60000015500069183 4.00794511147 -6.62818 -2.32406 25.8167
9.68985 60000015500069184 60000015500069183 60000015500069206 60000015500069182 3.93726108473 -3.72853 7.56557 16.8099
9.75364 60000015500069183 60000015500069182 60000015500069206 60000015500069181 3.70877426464 -2.8906 1.73455 21.6027
9.79587 60000015500069182 60000015500069181 60000015500069206 60000015500069180 3.49086136926 -2.43408 3.84167 20.1332
9.81278 60000015500069181 60000015500069180 60000015500069206 60000015500069179 3.28303305796 -1.70158 6.94374 18.8618
9.83578 60000015500069180 60000015500069179 60000015500069206 60000015500069178 3.08482263583 -4.67744 3.91911 10.5346
9.93317 60000015500069179 60000015500069174 60000015500069206 60000015500069173 2.44422570455 -20.0171 -23.7654 18.9426
9.94482 60000015500069174 60000015500069173 60000015500069206 60000015500069172 2.31611074396 -15.0379 -21.6293 25.2479
9.95508 60000015500069173 60000015500069172 60000015500069206 60000015500069171 2.20792547238 -6.32386 -22.9032 27.0869
9.95761 60000015500069172 60000015500069171 60000015500069206 60000015500069170 2.1032696526 -0.330022 -26.8346 24.648
9.97387 60000015500069171 60000015500069170 60000015500069206 60000015500069169 2.00202813925 -7.48152 -40.2845 20.8389
9.99848 60000015500069170 60000015500069169 60000015500069206 60000015500069168 1.90408954353 -20.8866 -45.4174 44.8331
10.0136 60000015500069169 60000015500069168 60000015500069206 60000015500069167 1.82268925262 -25.206 -47.6814 49.4367
10.0161 60000015500069168 60000015500069167 60000015500069206 60000015500069166 1.74357057433 -20.7466 -39.3453 40.4699
10.0183 60000015500069167 60000015500069165 60000015500069206 60000015500069164 1.60423452207 -36.3719 -26.5895 31.7479
9.05235 60000015500069351 60000015500069350 60000015500069364 60000015500069349 3.49086136926 3.56909 0.459027 -7.16263
9.10671 60000015500069350 60000015500069349 60000015500069364 60000015500069348 3.28303305796 0.208657 1.68842 -7.34006
9.12912 60000015500069349 60000015500069348 60000015500069364 60000015500069347 3.08482263583 3.65447 3.95632 -4.40266
9.13871 60000015500069348 60000015500069347 60000015500069364 60000015500069346 3.00813107163 2.55907 2.37902 -3.51328
