logMh | fpID | subhaloID | main leaf ID | descID |  z
9.04358 90000202600000104 90000202600000103 90000202600000106 90000202600000102 9.99659046619 -1.43243 -3.192 2.31624
9.08845 90000202600000103 90000202600000102 90000202600000106 90000202600000101 9.84138043947 -0.38673 -3.9328 3.87725
9.15956 90000202600000102 90000202600000101 90000202600000106 90000202600000100 9.38877127194 -2.44945 -2.5896 3.54091
9.33866 90000202600000101 90000202600000100 90000202600000106 90000202600000099 9.00233985416 -3.17436 -1.65441 4.89252
9.36902 90000202600000100 90000202600000099 90000202600000106 90000202600000098 8.9079991856 -3.20289 -1.54519 4.36339
9.51475 90000202600000099 90000202600000098 90000202600000106 90000202600000097 8.44947629437 -4.87911 -0.215807 4.80688
9.70621 90000202600000098 90000202600000097 90000202600000106 90000202600000096 8.01217294887 -1.81355 -6.96172 6.49161
9.85581 90000202600000097 90000202600000096 90000202600000106 90000202600000095 7.59510714987 5.4895 -10.2374 3.19883
9.9278 90000202600000096 90000202600000095 90000202600000106 90000202600000094 7.23627606617 9.90884 -8.63542 -6.83394
9.98719 90000202600000095 90000202600000094 90000202600000106 90000202600000093 7.00541704554 14.3708 -12.8371 -8.74252
10.0124 90000202600000094 90000202600000093 90000202600000106 90000202600000092 6.85511726265 14.6107 -13.5338 -7.06724
10.0911 90000202600000093 90000202600000092 90000202600000106 90000202600000091 6.49159774567 18.6292 -14.2818 -9.38893
10.1652 90000202600000092 90000202600000091 90000202600000106 90000202600000090 6.14490120342 17.6774 -14.3245 -0.922522
10.1878 90000202600000091 90000202600000090 90000202600000106 90000202600000089 6.01075739884 15.4746 -16.6111 7.21952
10.2508 90000202600000090 90000202600000089 90000202600000106 90000202600000088 5.84661374788 -5.1334 -7.85441 8.24601
10.3165 90000202600000089 90000202600000088 90000202600000106 90000202600000087 5.52976580795 -4.3061 -7.32499 10.2518
10.3868 90000202600000088 90000202600000087 90000202600000106 90000202600000086 5.22758097313 -16.0786 -16.8494 16.7349
10.4518 90000202600000087 90000202600000086 90000202600000106 90000202600000085 4.99593346816 -29.1244 -14.1824 18.3803
10.4614 90000202600000086 90000202600000085 90000202600000106 90000202600000084 4.93938066349 -31.1394 -15.0432 19.8753
10.5078 90000202600000085 90000202600000084 90000202600000106 90000202600000083 4.66451770247 -34.3655 -17.2378 18.5918
10.5312 90000202600000084 90000202600000083 90000202600000106 90000202600000082 4.42803373661 -42.7253 -17.8693 19.6463
10.5659 90000202600000083 90000202600000082 90000202600000106 90000202600000081 4.17683491473 -39.186 -16.4972 22.695
10.5796 90000202600000082 90000202600000081 90000202600000106 90000202600000080 4.00794511147 -48.8606 -18.5662 36.4255
10.6018 90000202600000081 90000202600000080 90000202600000106 90000202600000079 3.93726108473 -50.5191 -17.9839 39.5109
10.6271 90000202600000080 90000202600000079 90000202600000106 90000202600000078 3.70877426464 -45.2466 -13.2136 29.3016
10.6632 90000202600000079 90000202600000078 90000202600000106 90000202600000077 3.49086136926 -38.9657 -0.404341 17.606
10.6959 90000202600000078 90000202600000077 90000202600000106 90000202600000076 3.28303305796 -89.9243 24.0665 4.74168
10.7444 90000202600000077 90000202600000076 90000202600000106 90000202600000075 3.08482263583 -86.7192 28.3058 -7.78125
10.7498 90000202600000076 90000202600000075 90000202600000106 90000202600000074 3.00813107163 -103.211 29.2049 -5.4873
10.7668 90000202600000075 90000202600000074 90000202600000106 90000202600000073 2.89578500573 -83.9323 29.2181 -4.60477
10.7951 90000202600000074 90000202600000073 90000202600000106 90000202600000072 2.73314261732 -76.0357 32.9273 -29.2022
10.8356 90000202600000073 90000202600000072 90000202600000106 90000202600000071 2.5772902716 -75.6881 47.1147 -57.6277
10.8626 90000202600000072 90000202600000071 90000202600000106 90000202600000070 2.44422570455 -70.7754 40.9936 -50.2924
10.8779 90000202600000071 90000202600000070 90000202600000106 90000202600000069 2.31611074396 -76.6001 31.5296 -34.555
10.8862 90000202600000070 90000202600000069 90000202600000106 90000202600000068 2.20792547238 -60.2739 35.0101 -45.0511
10.8877 90000202600000069 90000202600000068 90000202600000106 90000202600000067 2.1032696526 -53.1842 38.1022 -52.815
10.8956 90000202600000068 90000202600000067 90000202600000106 90000202600000066 2.00202813925 -72.951 46.8359 -46.4817
10.9004 90000202600000067 90000202600000066 90000202600000106 90000202600000065 1.90408954353 -62.2347 28.0741 -28.5773
10.9111 90000202600000066 90000202600000065 90000202600000106 90000202600000064 1.82268925262 -54.571 37.9888 -37.4852
10.9201 90000202600000065 90000202600000064 90000202600000106 90000202600000063 1.74357057433 -47.8311 33.213 -45.3565
10.9307 90000202600000064 90000202600000063 90000202600000106 90000202600000062 1.66666955611 -36.8612 30.5616 -46.6804
10.9335 90000202600000063 90000202600000060 90000202600000106 90000202600000059 1.47197484527 -23.1088 14.9841 -66.6261
10.9754 90000202600000060 90000202600000059 90000202600000106 90000202600000058 1.41409822037 -37.9503 40.9008 -93.5183
10.9902 90000202600000059 90000202600000058 90000202600000106 90000202600000057 1.3575766674 -47.3687 33.1698 -83.7239
11.0061 90000202600000058 90000202600000057 90000202600000106 90000202600000056 1.30237845991 -43.7466 45.4724 -117.177
11.0336 90000202600000057 90000202600000056 90000202600000106 90000202600000055 1.24847261425 -51.7319 78.6031 -176.587
11.0782 90000202600000056 90000202600000055 90000202600000106 90000202600000054 1.20625808078 -35.6584 65.4959 -215.282
11.1484 90000202600000055 90000202600000054 90000202600000106 90000202600000053 1.15460271236 -58.9983 110.593 -271.219
11.2052 90000202600000054 90000202600000053 90000202600000106 90000202600000052 1.11415056377 -66.778 139.243 -303.075
11.25 90000202600000053 90000202600000052 90000202600000106 90000202600000051 1.07445789455 -94.1532 158.446 -282.183
11.2507 90000202600000052 90000202600000051 90000202600000106 90000202600000050 1.03551044566 -88.2993 160.664 -290.766
11.2549 90000202600000051 90000202600000050 90000202600000106 90000202600000049 0.997294225782 -76.9049 147.048 -293.115
11.2552 90000202600000050 90000202600000049 90000202600000106 90000202600000048 0.987852810816 -76.968 153.845 -304.142
11.2684 90000202600000049 90000202600000048 90000202600000106 90000202600000047 0.950531351585 -68.5472 149.142 -304.837
11.2857 90000202600000048 90000202600000047 90000202600000106 90000202600000046 0.923000816178 -57.8413 146.184 -305.466
11.2969 90000202600000047 90000202600000046 90000202600000106 90000202600000045 0.886896937575 -72.1799 159.051 -304.103
11.2983 90000202600000046 90000202600000045 90000202600000106 90000202600000044 0.851470900625 -67.2801 157.991 -289.354
11.2989 90000202600000045 90000202600000026 90000202600000106 90000202600000025 0.38016786726 -81.1637 123.194 -257.069
11.3004 90000202600000026 90000202600000024 90000202600000106 90000202600000023 0.347853841858 -75.4982 120.4 -261.841
11.3096 90000202600000024 90000202600000023 90000202600000106 90000202600000022 0.328829724206 -70.7136 127.462 -284.768
11.3139 90000202600000023 90000202600000022 90000202600000106 90000202600000021 0.310074120128 -65.8046 115.89 -287.198
11.317 90000202600000022 90000202600000021 90000202600000106 90000202600000020 0.291583239722 -67.0448 122.964 -284.825
11.3189 90000202600000021 90000202600000020 90000202600000106 90000202600000019 0.273353346578 -81.2142 136.277 -275.738
11.3242 90000202600000020 90000202600000019 90000202600000106 90000202600000018 0.261343256161 -72.7708 130.033 -289.235
11.3244 90000202600000019 90000202600000018 90000202600000106 90000202600000017 0.243540181555 -78.4341 135.707 -280.479
11.3303 90000202600000018 90000202600000017 90000202600000106 90000202600000016 0.22598838626 -72.4904 134.493 -300.443
11.3324 90000202600000017 90000202600000016 90000202600000106 90000202600000015 0.214425035514 -74.2561 141.737 -302.01
11.3398 90000202600000016 90000202600000015 90000202600000106 90000202600000014 0.197284182376 -75.4171 157.601 -328.441
11.3398 90000202600000015 90000202600000014 90000202600000106 90000202600000013 0.180385261706 -70.8536 155.853 -328.994
11.3436 90000202600000014 90000202600000013 90000202600000106 90000202600000012 0.169252033244 -76.5834 164.597 -329.334
11.3471 90000202600000013 90000202600000011 90000202600000106 90000202600000010 0.14187620397 -84.683 183.803 -335.035
11.3517 90000202600000011 90000202600000004 90000202600000106 90000202600000003 0.0485236299818 -42.1088 152.854 -344.003
11.3541 90000202600000004 90000202600000003 90000202600000106 90000202600000002 0.0337243718735 -51.3906 158.198 -354.599
11.3595 90000202600000003 90000202600000002 90000202600000106 90000202600000001 0.0239744283828 -68.4101 187.191 -372.894
11.3628 90000202600000002 90000202600000001 90000202600000106 90000202600000000 0.00952166696794 -57.7188 166.985 -364.525
9.00012 90000202600000113 90000202600000112 90000202600000119 90000202600000111 9.38877127194 -2.61454 2.26924 -2.48647
9.01928 90000202600000112 90000202600000111 90000202600000119 90000202600000110 9.00233985416 -2.23394 1.29621 -2.36159
9.01614 90000202600000122 90000202600000121 90000202600000127 90000202600000120 8.01217294887 1.20341 -4.19203 -5.01001
9.17293 90000202600000157 90000202600000156 90000202600000165 90000202600000155 7.59510714987 -1.16065 4.26499 -5.12088
9.27766 90000202600000156 90000202600000155 90000202600000165 90000202600000154 7.23627606617 -1.34969 -5.07841 -3.5813
9.34756 90000202600000155 90000202600000154 90000202600000165 90000202600000153 7.00541704554 -0.376845 -8.62494 -3.80388
9.37181 90000202600000154 90000202600000153 90000202600000165 90000202600000152 6.85511726265 -1.36218 -9.49023 -2.26896
9.42404 90000202600000153 90000202600000152 90000202600000165 90000202600000151 6.49159774567 1.00718 -15.35 0.879817
9.49744 90000202600000152 90000202600000151 90000202600000165 90000202600000150 6.14490120342 12.9925 -11.7082 -4.78722
9.0098 90000202600000319 90000202600000318 90000202600000325 90000202600000317 7.23627606617 -6.08989 2.31305 6.67689
9.10415 90000202600000318 90000202600000317 90000202600000325 90000202600000316 7.00541704554 -14.7301 1.96087 9.20536
9.20055 90000202600000317 90000202600000315 90000202600000325 90000202600000314 6.49159774567 -4.68773 -9.17762 7.19667
9.26543 90000202600000315 90000202600000314 90000202600000325 90000202600000313 6.14490120342 -9.89278 -6.61101 12.6929
9.2929 90000202600000314 90000202600000313 90000202600000325 90000202600000312 6.01075739884 -6.80537 -6.88282 10.313
9.34609 90000202600000313 90000202600000312 90000202600000325 90000202600000311 5.84661374788 -4.8372 -6.5195 13.0784
9.46844 90000202600000312 90000202600000310 90000202600000325 90000202600000309 5.22758097313 -11.4196 -8.88059 24.8727
9.52657 90000202600000310 90000202600000309 90000202600000325 90000202600000308 4.99593346816 -25.0487 -7.84123 38.2537
9.62908 90000202600000309 90000202600000306 90000202600000325 90000202600000305 4.42803373661 -9.43391 -18.1763 32.3118
9.68176 90000202600000306 90000202600000305 90000202600000325 90000202600000304 4.17683491473 -13.2407 -17.3484 17.9324
9.72198 90000202600000305 90000202600000304 90000202600000325 90000202600000303 4.00794511147 -9.45376 -19.2515 9.08596
9.74784 90000202600000304 90000202600000303 90000202600000325 90000202600000302 3.93726108473 -11.0676 -16.4786 15.3483
9.78206 90000202600000303 90000202600000302 90000202600000325 90000202600000301 3.70877426464 10.3148 -9.10931 2.45542
9.01928 90000202600000453 90000202600000452 90000202600000459 90000202600000451 6.01075739884 -1.56056 -0.0287512 -1.7134
9.01928 90000202600000452 90000202600000451 90000202600000459 90000202600000450 5.84661374788 -2.95212 0.361349 -1.00271
9.04062 90000202600000451 90000202600000450 90000202600000459 90000202600000449 5.52976580795 -3.39879 -1.17233 -0.503929
9.07492 90000202600000450 90000202600000449 90000202600000459 90000202600000448 5.22758097313 -4.86162 0.440203 -1.7957
9.09375 90000202600000449 90000202600000448 90000202600000459 90000202600000447 4.99593346816 -4.4962 0.565119 -2.15484
9.10415 90000202600000448 90000202600000447 90000202600000459 90000202600000446 4.93938066349 -3.44234 -0.783483 -1.22202
9.14344 90000202600000447 90000202600000446 90000202600000459 90000202600000445 4.66451770247 -4.88989 -0.573881 -1.21276
9.14811 90000202600000446 90000202600000445 90000202600000459 90000202600000444 4.42803373661 -4.06329 -0.113336 -0.53979
9.2342 90000202600000445 90000202600000439 90000202600000459 90000202600000438 3.28303305796 3.3029 6.62375 1.12068
9.06939 90000202600000691 90000202600000690 90000202600000697 90000202600000689 9.00233985416 3.70078 0.244398 -1.4785
9.08038 90000202600000690 90000202600000689 90000202600000697 90000202600000688 8.9079991856 2.80488 -1.00504 -1.71399
9.17293 90000202600000689 90000202600000688 90000202600000697 90000202600000687 8.44947629437 2.15097 -1.11323 -1.1466
9.37732 90000202600000688 90000202600000687 90000202600000697 90000202600000686 8.01217294887 5.62086 -3.96154 1.76088
9.47724 90000202600000687 90000202600000686 90000202600000697 90000202600000685 7.59510714987 6.61818 -5.23908 4.77863
9.58298 90000202600000686 90000202600000685 90000202600000697 90000202600000684 7.23627606617 6.20924 -0.870425 5.2766
9.63061 90000202600000685 90000202600000684 90000202600000697 90000202600000683 7.00541704554 4.26695 -3.17337 5.92427
9.66514 90000202600000684 90000202600000683 90000202600000697 90000202600000682 6.85511726265 3.98917 -3.7202 6.22026
9.74608 90000202600000683 90000202600000682 90000202600000697 90000202600000681 6.49159774567 -1.95399 5.56203 7.9695
9.83578 90000202600000682 90000202600000681 90000202600000697 90000202600000680 6.14490120342 1.6157 4.20105 6.17579
9.84893 90000202600000681 90000202600000680 90000202600000697 90000202600000679 6.01075739884 -3.22679 7.6945 2.9223
9.89993 90000202600000680 90000202600000679 90000202600000697 90000202600000678 5.84661374788 -0.220178 3.61988 2.41656
10.0027 90000202600000679 90000202600000678 90000202600000697 90000202600000677 5.52976580795 -1.90054 6.45386 -0.339516
10.0615 90000202600000678 90000202600000677 90000202600000697 90000202600000676 5.22758097313 -8.9722 10.1468 9.31237
10.0826 90000202600000677 90000202600000676 90000202600000697 90000202600000675 4.99593346816 0.22265 1.83956 11.8928
10.1115 90000202600000676 90000202600000675 90000202600000697 90000202600000674 4.93938066349 6.53719 -5.1219 11.7984
10.1893 90000202600000675 90000202600000674 90000202600000697 90000202600000673 4.66451770247 -6.38246 3.24217 29.9528
10.2929 90000202600000674 90000202600000673 90000202600000697 90000202600000672 4.42803373661 -27.8106 29.1959 15.1964
10.324 90000202600000673 90000202600000672 90000202600000697 90000202600000671 4.17683491473 -21.9284 14.4468 18.1942
10.3611 90000202600000672 90000202600000671 90000202600000697 90000202600000670 4.00794511147 -23.4653 18.2032 7.59716
10.3701 90000202600000671 90000202600000670 90000202600000697 90000202600000669 3.93726108473 -23.7043 23.1998 -0.872519
10.4158 90000202600000670 90000202600000669 90000202600000697 90000202600000668 3.70877426464 -16.3067 8.51869 0.113742
10.4664 90000202600000669 90000202600000668 90000202600000697 90000202600000667 3.49086136926 -26.8461 -14.1982 31.9994
10.5286 90000202600000668 90000202600000667 90000202600000697 90000202600000666 3.28303305796 -83.418 -5.11577 75.5913
10.5747 90000202600000667 90000202600000666 90000202600000697 90000202600000665 3.08482263583 -81.2302 0.848756 73.0693
10.6045 90000202600000666 90000202600000665 90000202600000697 90000202600000664 3.00813107163 -52.0533 -23.2493 51.6238
10.6158 90000202600000665 90000202600000664 90000202600000697 90000202600000663 2.89578500573 -57.1612 -30.487 57.17
10.6562 90000202600000664 90000202600000663 90000202600000697 90000202600000662 2.73314261732 -55.8041 -36.6958 77.1094
10.6765 90000202600000663 90000202600000662 90000202600000697 90000202600000661 2.5772902716 -70.5823 -28.6872 110.95
10.7074 90000202600000662 90000202600000661 90000202600000697 90000202600000660 2.44422570455 -56.3751 -40.1309 83.3338
10.7323 90000202600000661 90000202600000660 90000202600000697 90000202600000659 2.31611074396 -36.1225 -49.4371 67.6462
10.7398 90000202600000660 90000202600000659 90000202600000697 90000202600000658 2.20792547238 -10.4369 -43.9531 51.9265
10.7678 90000202600000659 90000202600000658 90000202600000697 90000202600000657 2.1032696526 3.45166 -66.0427 21.6825
10.789 90000202600000658 90000202600000657 90000202600000697 90000202600000656 2.00202813925 8.82542 -73.0201 2.62132
10.7959 90000202600000657 90000202600000656 90000202600000697 90000202600000655 1.90408954353 29.9316 -87.0578 -22.7952
10.8112 90000202600000656 90000202600000655 90000202600000697 90000202600000654 1.82268925262 35.0388 -97.9478 -23.1844
10.8209 90000202600000655 90000202600000654 90000202600000697 90000202600000653 1.74357057433 36.1846 -109.122 -40.391
10.8265 90000202600000654 90000202600000653 90000202600000697 90000202600000652 1.66666955611 27.7262 -104.457 -36.4083
9.0316 90000202600000729 90000202600000728 90000202600000730 90000202600000727 7.23627606617 3.8185 1.45635 6.06747
9.08578 90000202600000728 90000202600000727 90000202600000730 90000202600000726 7.00541704554 4.65091 0.705987 -3.62827
9.10671 90000202600000727 90000202600000726 90000202600000730 90000202600000725 6.85511726265 4.44385 0.931323 0.865246
9.11179 90000202600000726 90000202600000725 90000202600000730 90000202600000724 6.49159774567 4.3091 0.661537 3.69109
9.20464 90000202600000725 90000202600000724 90000202600000730 90000202600000723 6.14490120342 6.38602 -2.00738 4.92984
9.05235 90000202600000740 90000202600000739 90000202600000747 90000202600000738 4.99593346816 1.5612 -2.09427 10.7918
9.06096 90000202600000739 90000202600000738 90000202600000747 90000202600000737 4.93938066349 2.25767 -2.49439 9.36187
9.02239 90000202600000898 90000202600000897 90000202600000903 90000202600000896 7.00541704554 -5.76803 -4.88648 -2.32676
9.04358 90000202600000897 90000202600000896 90000202600000903 90000202600000895 6.85511726265 -9.63914 -4.39607 -1.02924
9.25466 90000202600000896 90000202600000895 90000202600000903 90000202600000894 6.49159774567 -8.25842 -7.1517 -0.465155
9.30763 90000202600000895 90000202600000894 90000202600000903 90000202600000893 6.14490120342 -6.23287 -1.33913 -4.39533
9.32187 90000202600000894 90000202600000893 90000202600000903 90000202600000892 6.01075739884 -6.51295 -0.566349 -4.88119
9.33111 90000202600000893 90000202600000892 90000202600000903 90000202600000891 5.84661374788 -10.2873 -0.711868 -5.74857
9.42893 90000202600000892 90000202600000891 90000202600000903 90000202600000890 5.52976580795 -21.8805 -6.80898 0.0464797
9.51675 90000202600000891 90000202600000890 90000202600000903 90000202600000889 5.22758097313 -39.8269 3.64026 6.45976
9.58298 90000202600000890 90000202600000889 90000202600000903 90000202600000888 4.99593346816 -39.5706 4.42001 9.44889
9.59807 90000202600000889 90000202600000886 90000202600000903 90000202600000885 4.42803373661 -33.0499 0.860798 4.76733
9.64932 90000202600000886 90000202600000885 90000202600000903 90000202600000884 4.17683491473 -33.5445 7.99269 7.87196
9.66017 90000202600000885 90000202600000883 90000202600000903 90000202600000882 3.93726108473 -32.8057 8.38647 13.8007
9.02855 90000202600001022 90000202600001021 90000202600001032 90000202600001020 6.01075739884 -2.19582 -0.102518 0.74355
9.0666 90000202600001021 90000202600001020 90000202600001032 90000202600001019 5.84661374788 -3.83894 -0.299756 -0.860126
9.09898 90000202600001020 90000202600001014 90000202600001032 90000202600001013 4.42803373661 2.82871 -3.01741 0.299716
9.10671 90000202600001014 90000202600001013 90000202600001032 90000202600001012 4.17683491473 1.63213 -1.72798 1.00445
9.13394 90000202600001013 90000202600001012 90000202600001032 90000202600001011 4.00794511147 -0.435395 -2.14334 -0.305988
9.15273 90000202600001012 90000202600001010 90000202600001032 90000202600001009 3.70877426464 -0.270825 -4.30417 0.8181
9.18376 90000202600001010 90000202600001008 90000202600001032 90000202600001007 3.28303305796 -1.82054 0.342556 -0.101596
9.21869 90000202600001008 90000202600001007 90000202600001032 90000202600001006 3.08482263583 -1.04615 4.14766 -0.206479
9.03763 90000202600001474 90000202600001473 90000202600001486 90000202600001472 4.99593346816 11.4726 11.9704 -3.60355
9.05811 90000202600001473 90000202600001471 90000202600001486 90000202600001470 4.66451770247 6.98978 12.1915 -0.63949
9.06096 90000202600001471 90000202600001470 90000202600001486 90000202600001469 4.42803373661 6.72725 12.5971 3.05895
9.09375 90000202600001470 90000202600001469 90000202600001486 90000202600001468 4.17683491473 6.73195 10.3936 4.37533
9.14108 90000202600001469 90000202600001468 90000202600001486 90000202600001467 4.00794511147 5.20574 14.1383 -0.379704
9.22262 90000202600001468 90000202600001466 90000202600001486 90000202600001465 3.70877426464 4.36053 12.1735 2.15169
9.22651 90000202600001466 90000202600001465 90000202600001486 90000202600001464 3.49086136926 5.62976 11.36 3.59199
9.25284 90000202600001465 90000202600001464 90000202600001486 90000202600001463 3.28303305796 5.97158 8.32769 3.62884
9.29622 90000202600001464 90000202600001463 90000202600001486 90000202600001462 3.08482263583 3.20762 11.6156 4.61246
9.30278 90000202600001463 90000202600001455 90000202600001486 90000202600001454 2.1032696526 7.04133 9.6023 10.3172
9.30278 90000202600001455 90000202600001452 90000202600001486 90000202600001451 1.82268925262 8.00083 9.83002 7.29454
9.34016 90000202600001452 90000202600001451 90000202600001486 90000202600001450 1.74357057433 6.37976 9.17258 4.66582
9.34165 90000202600001451 90000202600001448 90000202600001486 90000202600001447 1.53123902916 8.2645 9.29284 6.03296
9.34902 90000202600001448 90000202600001447 90000202600001486 90000202600001446 1.47197484527 7.77203 8.71541 6.52162
9.35338 90000202600001447 90000202600001446 90000202600001486 90000202600001445 1.41409822037 8.6926 9.40895 6.60634
9.37042 90000202600001446 90000202600001445 90000202600001486 90000202600001444 1.3575766674 7.69706 8.22153 9.65506
9.37732 90000202600001445 90000202600001442 90000202600001486 90000202600001441 1.20625808078 5.40091 9.52122 14.3752
9.40902 90000202600001442 90000202600001441 90000202600001486 90000202600001440 1.15460271236 4.89772 6.17946 19.931
9.43974 90000202600001441 90000202600001437 90000202600001486 90000202600001436 0.997294225782 -2.03621 8.05131 15.0327
9.44093 90000202600001437 90000202600001434 90000202600001486 90000202600001433 0.923000816178 -0.357564 5.06791 16.154
9.44329 90000202600001434 90000202600001432 90000202600001486 90000202600001431 0.851470900625 -1.94715 4.91373 13.3655
9.44447 90000202600001432 90000202600001424 90000202600001486 90000202600001423 0.621428745243 3.19252 11.4071 9.54569
