logMh | fpID | subhaloID | main leaf ID | descID |  z
9.05235 80000156700000102 80000156700000101 80000156700000107 80000156700000100 9.38877127194 -7.24726 2.72397 -6.0321
9.09637 80000156700000101 80000156700000100 80000156700000107 80000156700000099 9.00233985416 -7.98082 1.1549 -6.55609
9.1193 80000156700000100 80000156700000099 80000156700000107 80000156700000098 8.9079991856 -7.16816 0.322698 -5.94784
9.13394 80000156700000099 80000156700000098 80000156700000107 80000156700000097 8.44947629437 -7.33323 -0.108579 -4.92406
9.22262 80000156700000098 80000156700000097 80000156700000107 80000156700000096 8.01217294887 -5.80613 3.44523 -1.85244
9.34165 80000156700000097 80000156700000096 80000156700000107 80000156700000095 7.59510714987 -4.29902 4.0137 -3.4418
9.64119 80000156700000096 80000156700000093 80000156700000107 80000156700000092 6.85511726265 -9.80169 -1.00454 -5.28543
9.85124 80000156700000093 80000156700000092 80000156700000107 80000156700000091 6.49159774567 -24.0828 -0.419601 -8.91887
9.94778 80000156700000092 80000156700000091 80000156700000107 80000156700000090 6.14490120342 -14.1725 5.07768 -12.719
10.0008 80000156700000091 80000156700000090 80000156700000107 80000156700000089 6.01075739884 -5.43899 18.3003 -19.5743
10.0114 80000156700000090 80000156700000089 80000156700000107 80000156700000088 5.84661374788 -4.95029 18.7586 -18.1689
10.0702 80000156700000089 80000156700000088 80000156700000107 80000156700000087 5.52976580795 -7.46554 16.7177 -17.0341
10.1313 80000156700000088 80000156700000087 80000156700000107 80000156700000086 5.22758097313 -15.3614 18.9732 -22.8167
10.1656 80000156700000087 80000156700000086 80000156700000107 80000156700000085 4.99593346816 -8.43904 20.1896 -29.8656
10.1683 80000156700000086 80000156700000085 80000156700000107 80000156700000084 4.93938066349 -19.0579 20.7661 -26.8269
10.2603 80000156700000085 80000156700000084 80000156700000107 80000156700000083 4.66451770247 -20.1821 36.5127 -10.3274
10.3294 80000156700000084 80000156700000083 80000156700000107 80000156700000082 4.42803373661 -27.7082 38.7813 -12.2826
10.4005 80000156700000083 80000156700000082 80000156700000107 80000156700000081 4.17683491473 -34.6429 28.2066 9.12177
10.4584 80000156700000082 80000156700000081 80000156700000107 80000156700000080 4.00794511147 -29.2901 28.7534 21.4842
10.4876 80000156700000081 80000156700000080 80000156700000107 80000156700000079 3.93726108473 -30.4226 25.1743 39.4536
10.6328 80000156700000080 80000156700000079 80000156700000107 80000156700000078 3.70877426464 -39.0359 -24.2596 94.8846
10.6605 80000156700000079 80000156700000078 80000156700000107 80000156700000077 3.49086136926 -53.0393 -20.2473 109.201
10.7083 80000156700000078 80000156700000077 80000156700000107 80000156700000076 3.28303305796 -65.2945 -12.8206 129.97
10.7326 80000156700000077 80000156700000076 80000156700000107 80000156700000075 3.08482263583 -56.8763 -8.60198 125.438
10.7729 80000156700000076 80000156700000075 80000156700000107 80000156700000074 3.00813107163 -75.8316 24.8884 122.788
10.7986 80000156700000075 80000156700000074 80000156700000107 80000156700000073 2.89578500573 -62.0327 0.739625 189.957
10.8524 80000156700000074 80000156700000073 80000156700000107 80000156700000072 2.73314261732 -69.9402 -37.7092 224.012
10.8981 80000156700000073 80000156700000072 80000156700000107 80000156700000071 2.5772902716 -118.209 -4.95327 282.146
10.9139 80000156700000072 80000156700000071 80000156700000107 80000156700000070 2.44422570455 -128.726 -18.196 265.757
10.9737 80000156700000071 80000156700000070 80000156700000107 80000156700000069 2.31611074396 -111.288 -54.2066 318.81
11.0088 80000156700000070 80000156700000069 80000156700000107 80000156700000068 2.20792547238 -115.626 -71.2351 311.079
11.0442 80000156700000069 80000156700000068 80000156700000107 80000156700000067 2.1032696526 -66.1618 -37.8136 333.837
11.0701 80000156700000068 80000156700000067 80000156700000107 80000156700000066 2.00202813925 -66.8991 -33.5616 429.26
11.0719 80000156700000067 80000156700000066 80000156700000107 80000156700000065 1.90408954353 -55.445 -30.7735 413.564
11.0883 80000156700000066 80000156700000056 80000156700000107 80000156700000055 1.24847261425 -103.716 -85.5729 441.019
11.109 80000156700000056 80000156700000054 80000156700000107 80000156700000053 1.15460271236 -90.1821 -53.0736 449.149
11.1196 80000156700000054 80000156700000053 80000156700000107 80000156700000052 1.11415056377 -83.03 -64.3772 464.755
11.1413 80000156700000053 80000156700000052 80000156700000107 80000156700000051 1.07445789455 -82.7462 -82.6452 501.803
11.1616 80000156700000052 80000156700000051 80000156700000107 80000156700000050 1.03551044566 -104.937 -90.5448 524.041
11.1737 80000156700000051 80000156700000050 80000156700000107 80000156700000049 0.997294225782 -110.127 -86.0824 516.898
11.1746 80000156700000050 80000156700000049 80000156700000107 80000156700000048 0.987852810816 -106.976 -79.3717 516.636
11.184 80000156700000049 80000156700000048 80000156700000107 80000156700000047 0.950531351585 -122.655 -94.7317 502.125
11.1875 80000156700000048 80000156700000047 80000156700000107 80000156700000046 0.923000816178 -122.332 -101.39 508.651
11.2004 80000156700000047 80000156700000046 80000156700000107 80000156700000045 0.886896937575 -137.839 -119.534 498.397
11.2078 80000156700000046 80000156700000045 80000156700000107 80000156700000044 0.851470900625 -149.351 -119.034 491.676
11.2148 80000156700000045 80000156700000044 80000156700000107 80000156700000043 0.816709979012 -140.991 -137.437 513.261
11.2283 80000156700000044 80000156700000043 80000156700000107 80000156700000042 0.791068248946 -140.552 -154.766 525.285
11.237 80000156700000043 80000156700000042 80000156700000107 80000156700000041 0.757441372616 -146.364 -142.71 520.617
11.245 80000156700000042 80000156700000041 80000156700000107 80000156700000040 0.732636182022 -142.602 -151.351 543.24
11.2513 80000156700000041 80000156700000040 80000156700000107 80000156700000039 0.700106353719 -147.341 -130.005 541.527
11.2593 80000156700000040 80000156700000039 80000156700000107 80000156700000038 0.676110411213 -157.045 -141.216 535.938
11.2678 80000156700000039 80000156700000038 80000156700000107 80000156700000037 0.644641840685 -155.004 -148.476 556.536
11.2727 80000156700000038 80000156700000037 80000156700000107 80000156700000036 0.621428745243 -141.826 -141.812 568.049
11.2774 80000156700000037 80000156700000036 80000156700000107 80000156700000035 0.598543288188 -141.243 -153.725 552.151
11.2826 80000156700000036 80000156700000035 80000156700000107 80000156700000034 0.575980845108 -140.561 -144.484 559.752
11.2916 80000156700000035 80000156700000034 80000156700000107 80000156700000033 0.546392183141 -154.02 -134.271 568.501
11.2956 80000156700000034 80000156700000033 80000156700000107 80000156700000032 0.524565820434 -151.001 -134.424 580.191
11.2959 80000156700000033 80000156700000032 80000156700000107 80000156700000031 0.503047523245 -153.169 -119.429 592.871
11.3009 80000156700000032 80000156700000031 80000156700000107 80000156700000030 0.481832943421 -158.05 -104.928 600.331
11.3051 80000156700000031 80000156700000030 80000156700000107 80000156700000029 0.460917794181 -155.445 -120.579 624.055
11.3091 80000156700000030 80000156700000029 80000156700000107 80000156700000028 0.440297849248 -171.543 -104.409 610.13
11.3091 80000156700000029 80000156700000028 80000156700000107 80000156700000027 0.419968941997 -161.911 -108.973 609.299
11.3108 80000156700000028 80000156700000027 80000156700000107 80000156700000026 0.399926964614 -165.126 -85.932 616.504
11.3108 80000156700000027 80000156700000026 80000156700000107 80000156700000025 0.38016786726 -165.146 -73.2128 621.493
11.3154 80000156700000026 80000156700000025 80000156700000107 80000156700000024 0.360687657262 -180.759 -67.7078 612.432
11.3182 80000156700000025 80000156700000024 80000156700000107 80000156700000023 0.347853841858 -177.684 -95.9459 619.772
11.3186 80000156700000024 80000156700000023 80000156700000107 80000156700000022 0.328829724206 -182.381 -75.8615 617.602
11.3231 80000156700000023 80000156700000022 80000156700000107 80000156700000021 0.310074120128 -186.639 -61.6752 623.919
11.3233 80000156700000022 80000156700000021 80000156700000107 80000156700000020 0.291583239722 -182.501 -77.0788 623.185
11.3284 80000156700000021 80000156700000020 80000156700000107 80000156700000019 0.273353346578 -171.656 -84.9511 627.43
11.329 80000156700000020 80000156700000019 80000156700000107 80000156700000018 0.261343256161 -180.066 -70.3617 611.373
11.3307 80000156700000019 80000156700000018 80000156700000107 80000156700000017 0.243540181555 -189.432 -78.5062 616.249
11.3336 80000156700000018 80000156700000017 80000156700000107 80000156700000016 0.22598838626 -181.251 -72.7434 607.925
11.3376 80000156700000017 80000156700000016 80000156700000107 80000156700000015 0.214425035514 -189.541 -88.988 611.682
11.3401 80000156700000016 80000156700000015 80000156700000107 80000156700000014 0.197284182376 -193.0 -78.5186 613.714
11.3484 80000156700000015 80000156700000014 80000156700000107 80000156700000013 0.180385261706 -195.555 -89.2778 605.09
11.3535 80000156700000014 80000156700000013 80000156700000107 80000156700000012 0.169252033244 -162.119 -111.663 557.944
11.3559 80000156700000013 80000156700000012 80000156700000107 80000156700000011 0.152748768902 -172.431 -118.365 573.503
11.3569 80000156700000012 80000156700000011 80000156700000107 80000156700000010 0.14187620397 -187.16 -116.702 561.289
11.3649 80000156700000011 80000156700000010 80000156700000107 80000156700000009 0.125759332411 -156.447 -129.065 524.506
11.3726 80000156700000010 80000156700000009 80000156700000107 80000156700000008 0.109869940459 -151.216 -139.788 519.265
11.3735 80000156700000009 80000156700000008 80000156700000107 80000156700000007 0.0994018026302 -131.502 -154.71 489.834
11.3736 80000156700000008 80000156700000007 80000156700000107 80000156700000006 0.0838844307975 -152.704 -133.849 515.983
11.3762 80000156700000007 80000156700000006 80000156700000107 80000156700000005 0.0736613846564 -134.051 -136.996 507.725
11.3809 80000156700000006 80000156700000005 80000156700000107 80000156700000004 0.0585073227945 -115.288 -142.845 518.683
11.3858 80000156700000005 80000156700000004 80000156700000107 80000156700000003 0.0485236299818 -86.9325 -160.907 456.33
11.4008 80000156700000004 80000156700000003 80000156700000107 80000156700000002 0.0337243718735 -96.1616 -191.018 493.027
11.4099 80000156700000003 80000156700000001 80000156700000107 80000156700000000 0.00952166696794 -89.2692 -174.595 472.418
11.4103 80000156700000001 80000156700000000 80000156700000107 -1 2.22044604925e-16 -90.6154 -161.889 474.073
9.02855 80000156700000130 80000156700000129 80000156700000132 80000156700000128 9.99659046619 6.03413 0.105241 4.30017
9.06096 80000156700000129 80000156700000128 80000156700000132 80000156700000127 9.84138043947 7.46215 -0.569619 5.21669
9.09637 80000156700000128 80000156700000127 80000156700000132 80000156700000126 9.38877127194 1.75482 1.7989 4.29597
9.14344 80000156700000127 80000156700000126 80000156700000132 80000156700000125 9.00233985416 3.77772 1.49731 6.29553
9.14344 80000156700000126 80000156700000125 80000156700000132 80000156700000124 8.9079991856 4.09898 1.48343 6.01211
9.2342 80000156700000125 80000156700000124 80000156700000132 80000156700000123 8.44947629437 7.16194 3.85134 6.99735
9.30923 80000156700000124 80000156700000123 80000156700000132 80000156700000122 8.01217294887 3.77699 2.80921 7.17202
9.58638 80000156700000123 80000156700000121 80000156700000132 80000156700000120 7.23627606617 -5.26126 2.22687 0.535781
9.67145 80000156700000121 80000156700000120 80000156700000132 80000156700000119 7.00541704554 -9.73919 7.35354 2.42873
9.38948 80000156700000135 80000156700000134 80000156700000141 80000156700000121 7.59510714987 -10.8611 5.66227 5.56025
9.02855 80000156700000185 80000156700000184 80000156700000193 80000156700000183 5.52976580795 -2.44625 0.405271 4.1123
9.00337 80000156700000213 80000156700000212 80000156700000224 80000156700000211 6.49159774567 -5.99683 -2.30023 -1.61291
9.12424 80000156700000212 80000156700000211 80000156700000224 80000156700000210 6.14490120342 -2.84732 -4.3168 0.391207
9.2026 80000156700000237 80000156700000236 80000156700000241 80000156700000235 6.14490120342 -9.70195 -3.49987 -0.780663
9.24733 80000156700000236 80000156700000235 80000156700000241 80000156700000234 6.01075739884 -9.6461 -2.86355 -0.20617
9.33716 80000156700000235 80000156700000234 80000156700000241 80000156700000233 5.84661374788 0.873652 -5.76093 1.88601
9.44211 80000156700000234 80000156700000233 80000156700000241 80000156700000232 5.52976580795 -13.9786 -6.30965 -2.80293
9.47286 80000156700000233 80000156700000231 80000156700000241 80000156700000230 4.99593346816 -9.31748 -3.73699 -3.52022
9.03763 80000156700000271 80000156700000270 80000156700000278 80000156700000269 6.85511726265 1.89165 0.230551 8.25975
9.10671 80000156700000270 80000156700000269 80000156700000278 80000156700000268 6.49159774567 3.50633 -0.070731 5.41572
9.33716 80000156700000269 80000156700000268 80000156700000278 80000156700000267 6.14490120342 12.417 -10.9204 11.1695
9.66795 80000156700000268 80000156700000264 80000156700000278 80000156700000263 5.22758097313 5.37223 -21.7375 38.0565
9.69051 80000156700000264 80000156700000263 80000156700000278 80000156700000262 4.99593346816 2.39003 -17.5071 42.2644
9.76724 80000156700000263 80000156700000261 80000156700000278 80000156700000260 4.66451770247 0.344557 -12.161 31.8163
9.93847 80000156700000261 80000156700000260 80000156700000278 80000156700000259 4.42803373661 16.9423 -34.59 -10.1444
9.03763 80000156700000336 80000156700000335 80000156700000344 80000156700000334 7.23627606617 -3.24025 2.63661 -0.365596
9.08845 80000156700000335 80000156700000334 80000156700000344 80000156700000333 7.00541704554 -5.67036 1.46115 1.70783
9.09898 80000156700000334 80000156700000333 80000156700000344 80000156700000332 6.85511726265 -5.0741 1.92383 1.20942
9.19223 80000156700000333 80000156700000332 80000156700000344 80000156700000331 6.49159774567 -10.4004 6.42854 0.593845
9.21072 80000156700000332 80000156700000331 80000156700000344 80000156700000330 6.14490120342 -6.4345 7.9162 2.21395
9.23229 80000156700000331 80000156700000329 80000156700000344 80000156700000328 5.84661374788 -1.73848 9.40424 1.82644
9.29124 80000156700000329 80000156700000328 80000156700000344 80000156700000327 5.52976580795 -1.82958 8.87138 -0.189762
9.16852 80000156700000556 80000156700000555 80000156700000563 80000156700000554 7.59510714987 -8.67959 -0.30416 1.56683
9.2672 80000156700000555 80000156700000554 80000156700000563 80000156700000553 7.23627606617 -3.97751 7.85602 3.35029
9.27766 80000156700000554 80000156700000553 80000156700000563 80000156700000552 7.00541704554 -3.20996 10.4611 2.99048
9.31401 80000156700000553 80000156700000552 80000156700000563 80000156700000551 6.85511726265 -5.25106 6.96781 1.75078
9.32187 80000156700000552 80000156700000551 80000156700000563 80000156700000550 6.49159774567 -0.338133 8.53383 2.43177
9.39609 80000156700000551 80000156700000550 80000156700000563 80000156700000549 6.14490120342 -2.05966 7.07592 0.0327065
9.45261 80000156700000550 80000156700000549 80000156700000563 80000156700000548 6.01075739884 4.24778 3.62677 -0.0935839
9.56557 80000156700000549 80000156700000548 80000156700000563 80000156700000547 5.84661374788 -7.30293 0.317164 -4.33841
9.69843 80000156700000548 80000156700000546 80000156700000563 80000156700000545 5.22758097313 -8.12797 1.30322 -9.60633
9.75364 80000156700000546 80000156700000545 80000156700000563 80000156700000544 4.99593346816 -9.32709 4.08649 -8.86383
9.76275 80000156700000545 80000156700000544 80000156700000563 80000156700000543 4.93938066349 -9.10248 2.52104 -9.49737
9.82075 80000156700000544 80000156700000543 80000156700000563 80000156700000542 4.66451770247 -6.32473 2.61634 -8.49126
9.85444 80000156700000543 80000156700000542 80000156700000563 80000156700000541 4.42803373661 -9.82743 0.770385 -11.3787
9.878 80000156700000542 80000156700000541 80000156700000563 80000156700000540 4.17683491473 -7.82598 -5.2723 -7.95075
9.89911 80000156700000541 80000156700000540 80000156700000563 80000156700000539 4.00794511147 -6.43798 -3.8841 -8.95956
9.90646 80000156700000540 80000156700000539 80000156700000563 80000156700000538 3.93726108473 -11.5565 -6.79146 -10.0986
9.91009 80000156700000539 80000156700000538 80000156700000563 80000156700000537 3.70877426464 -8.08578 0.274595 -12.7636
9.94556 80000156700000538 80000156700000537 80000156700000563 80000156700000536 3.49086136926 -12.3622 -10.3543 -12.5505
9.98041 80000156700000537 80000156700000536 80000156700000563 80000156700000535 3.28303305796 -10.1425 -20.6382 -21.505
10.0595 80000156700000536 80000156700000535 80000156700000563 80000156700000534 3.08482263583 -7.43244 -24.6007 -29.4126
9.64416 80000156700000575 80000156700000574 80000156700000581 80000156700000546 5.52976580795 -11.9272 0.224867 -12.6979
9.09898 80000156700000624 80000156700000623 80000156700000631 80000156700000622 7.23627606617 -5.72819 6.51669 -3.68141
9.11179 80000156700000623 80000156700000622 80000156700000631 80000156700000621 7.00541704554 -7.40153 2.4284 -1.04803
9.13154 80000156700000622 80000156700000621 80000156700000631 80000156700000620 6.85511726265 -7.77639 3.48048 -2.42401
9.19223 80000156700000621 80000156700000620 80000156700000631 80000156700000619 6.49159774567 -9.97002 1.04647 1.83412
9.21472 80000156700000620 80000156700000619 80000156700000631 80000156700000618 6.14490120342 -11.1326 -1.13036 -1.88121
9.22457 80000156700000619 80000156700000618 80000156700000631 80000156700000617 6.01075739884 -10.5882 -0.430078 -3.23506
9.24548 80000156700000618 80000156700000617 80000156700000631 80000156700000616 5.84661374788 -9.69766 2.84398 -2.83281
9.39609 80000156700000617 80000156700000616 80000156700000631 80000156700000615 5.52976580795 -8.45241 -2.72134 -1.86253
9.41659 80000156700000616 80000156700000615 80000156700000631 80000156700000614 5.22758097313 -8.09806 0.933055 -2.15868
9.46172 80000156700000615 80000156700000614 80000156700000631 80000156700000613 4.99593346816 -6.90269 1.95752 -0.457989
9.49221 80000156700000614 80000156700000613 80000156700000631 80000156700000612 4.93938066349 -5.95358 2.30743 2.60655
9.51175 80000156700000613 80000156700000611 80000156700000631 80000156700000610 4.42803373661 -5.51512 5.88648 1.35776
9.52948 80000156700000611 80000156700000609 80000156700000631 80000156700000608 4.00794511147 -1.78852 -1.7815 -2.2297
9.54091 80000156700000609 80000156700000608 80000156700000631 80000156700000607 3.93726108473 2.76495 -7.5574 -11.3304
9.54836 80000156700000608 80000156700000605 80000156700000631 80000156700000604 3.28303305796 4.04952 -5.94726 -3.68334
9.04062 80000156700000707 80000156700000706 80000156700000719 80000156700000705 6.01075739884 3.95982 -0.956671 -1.10742
9.12178 80000156700000706 80000156700000702 80000156700000719 80000156700000701 4.99593346816 11.1849 6.0126 -3.9867
9.12912 80000156700000702 80000156700000700 80000156700000719 80000156700000699 4.66451770247 3.03373 3.69689 -4.89286
9.21472 80000156700000700 80000156700000699 80000156700000719 80000156700000698 4.42803373661 7.44137 -2.02657 -8.48955
9.26008 80000156700000699 80000156700000698 80000156700000719 80000156700000697 4.17683491473 7.32429 -0.316469 -8.93878
9.2742 80000156700000698 80000156700000695 80000156700000719 80000156700000694 3.70877426464 8.24697 -2.46136 -11.2193
9.12912 80000156700000755 80000156700000754 80000156700000764 80000156700000753 5.22758097313 -20.5897 -0.18484 -15.7553
9.19013 80000156700000754 80000156700000752 80000156700000764 80000156700000751 4.93938066349 -15.809 -1.19405 -13.3957
9.22262 80000156700000752 80000156700000751 80000156700000764 80000156700000750 4.66451770247 -15.8997 -0.190926 -11.1377
9.24362 80000156700000751 80000156700000749 80000156700000764 80000156700000748 4.17683491473 -13.6074 3.81271 -10.6322
9.25466 80000156700000749 80000156700000746 80000156700000764 80000156700000745 3.70877426464 -17.4473 3.29371 -1.79088
9.32958 80000156700000746 80000156700000745 80000156700000764 80000156700000744 3.49086136926 -24.5638 7.19053 5.43169
9.35627 80000156700000745 80000156700000744 80000156700000764 80000156700000743 3.28303305796 -18.8742 12.5196 4.84945
9.42649 80000156700000744 80000156700000742 80000156700000764 80000156700000741 3.00813107163 4.76973 15.4548 0.277197
9.58891 80000156700000742 80000156700000741 80000156700000764 80000156700000740 2.89578500573 30.3819 -55.4924 -45.2949
9.00337 80000156700000891 80000156700000890 80000156700000901 80000156700000889 4.42803373661 -0.298212 -3.63818 -1.49998
9.07216 80000156700000890 80000156700000889 80000156700000901 80000156700000888 4.17683491473 -0.994575 -3.01369 -4.73406
9.07492 80000156700000889 80000156700000888 80000156700000901 80000156700000887 4.00794511147 -1.54734 3.58255 1.65153
9.08038 80000156700000888 80000156700000886 80000156700000901 80000156700000885 3.70877426464 -4.8167 1.49496 4.31662
9.15273 80000156700000886 80000156700000885 80000156700000901 80000156700000884 3.49086136926 -5.66097 -3.01285 3.24135
9.34756 80000156700000885 80000156700000884 80000156700000901 80000156700000883 3.28303305796 1.37889 14.3323 16.4226
9.0098 80000156700000972 80000156700000971 80000156700000984 80000156700000970 6.49159774567 1.272 1.67551 -1.30238
9.06378 80000156700000971 80000156700000970 80000156700000984 80000156700000969 6.14490120342 0.863217 -0.361169 -2.41442
9.0666 80000156700000970 80000156700000969 80000156700000984 80000156700000968 6.01075739884 1.52055 -0.720041 -1.91533
9.0666 80000156700000969 80000156700000968 80000156700000984 80000156700000967 5.84661374788 0.396207 -1.7903 -2.18328
9.08309 80000156700000968 80000156700000966 80000156700000984 80000156700000965 5.22758097313 0.138896 -1.97417 -3.89736
9.09637 80000156700000966 80000156700000965 80000156700000984 80000156700000964 4.99593346816 0.29928 0.923461 -3.6679
9.13871 80000156700000965 80000156700000964 80000156700000984 80000156700000963 4.93938066349 1.86847 3.25607 -0.441051
9.32497 80000156700000964 80000156700000963 80000156700000984 80000156700000962 4.66451770247 27.8202 2.97799 2.90256
9.35194 80000156700000963 80000156700000962 80000156700000984 80000156700000961 4.42803373661 24.3288 -0.56101 1.75283
9.42157 80000156700000962 80000156700000961 80000156700000984 80000156700000960 4.17683491473 31.2873 -6.40557 1.58021
9.44211 80000156700000961 80000156700000960 80000156700000984 80000156700000959 4.00794511147 26.4913 -1.87774 2.46611
9.48692 80000156700000960 80000156700000958 80000156700000984 80000156700000957 3.70877426464 22.4016 4.58039 27.4746
9.51873 80000156700000958 80000156700000957 80000156700000984 80000156700000956 3.49086136926 35.6245 0.428569 22.942
9.56557 80000156700000957 80000156700000956 80000156700000984 80000156700000955 3.28303305796 35.0248 -2.17821 22.5695
9.63894 80000156700000956 80000156700000955 80000156700000984 80000156700000954 3.08482263583 20.9008 -6.77875 1.99501
9.0098 80000156700001055 80000156700001054 80000156700001068 80000156700001053 4.66451770247 -4.23572 9.74356 0.195224
9.07766 80000156700001054 80000156700001051 80000156700001068 80000156700001050 4.00794511147 0.969284 3.88053 -2.11625
9.09898 80000156700001051 80000156700001050 80000156700001068 80000156700001049 3.93726108473 -0.535573 4.78749 -4.5067
9.1663 80000156700001050 80000156700001049 80000156700001068 80000156700001048 3.70877426464 3.03318 2.08517 -0.118259
9.17946 80000156700001049 80000156700001046 80000156700001068 80000156700001045 3.08482263583 -2.42921 8.91722 1.38891
9.19848 80000156700001046 80000156700001043 80000156700001068 80000156700001042 2.73314261732 -1.56031 16.3644 11.6272
9.21272 80000156700001043 80000156700001042 80000156700001068 80000156700001041 2.5772902716 2.1056 13.9387 11.544
9.02855 80000156700001325 80000156700001324 80000156700001328 80000156700001323 7.59510714987 -3.10228 4.55101 -4.18016
9.07766 80000156700001324 80000156700001323 80000156700001328 80000156700001322 7.23627606617 -0.234592 1.31636 -11.1183
9.09898 80000156700001323 80000156700001322 80000156700001328 80000156700001321 7.00541704554 1.96758 0.972983 -11.8383
9.10415 80000156700001322 80000156700001321 80000156700001328 80000156700001320 6.85511726265 2.89113 1.10984 -11.5464
9.16182 80000156700001321 80000156700001320 80000156700001328 80000156700001319 6.49159774567 1.73014 1.56878 -6.09012
9.20668 80000156700001320 80000156700001319 80000156700001328 80000156700001318 6.14490120342 0.948253 2.03272 -4.7372
9.3044 80000156700001319 80000156700001318 80000156700001328 80000156700001317 6.01075739884 17.4893 -11.2256 -12.6043
9.39214 80000156700001318 80000156700001316 80000156700001328 80000156700001315 5.52976580795 -1.90554 1.35765 -16.5916
9.45719 80000156700001316 80000156700001315 80000156700001328 80000156700001314 5.22758097313 9.36637 -8.39489 -24.9427
9.48799 80000156700001315 80000156700001314 80000156700001328 80000156700001313 4.99593346816 8.03048 -8.19966 -21.4424
9.49116 80000156700001314 80000156700001312 80000156700001328 80000156700001311 4.66451770247 8.1489 -8.0298 -19.6765
9.50567 80000156700001312 80000156700001311 80000156700001328 80000156700001310 4.42803373661 3.35097 -7.56956 -16.3031
9.55931 80000156700001311 80000156700001310 80000156700001328 80000156700001309 4.17683491473 5.04536 -6.12788 -14.5848
9.56021 80000156700001310 80000156700001309 80000156700001328 80000156700001308 4.00794511147 10.5331 -5.52757 -15.2478
9.56021 80000156700001309 80000156700001308 80000156700001328 80000156700001307 3.93726108473 8.37859 -4.02672 -15.5832
9.56111 80000156700001308 80000156700001307 80000156700001328 80000156700001306 3.70877426464 4.93218 1.20185 -16.4419
9.62134 80000156700001307 80000156700001306 80000156700001328 80000156700001305 3.49086136926 4.67867 1.80597 -18.0517
9.68312 80000156700001306 80000156700001305 80000156700001328 80000156700001304 3.28303305796 -2.45782 4.98563 -25.2911
9.68918 80000156700001305 80000156700001303 80000156700001328 80000156700001302 3.00813107163 10.1702 12.3545 -21.8269
9.72322 80000156700001303 80000156700001300 80000156700001328 80000156700001299 2.5772902716 3.61733 8.17887 -21.4636
9.72935 80000156700001300 80000156700001299 80000156700001328 80000156700001298 2.44422570455 4.19165 5.96613 -21.8841
9.74018 80000156700001299 80000156700001295 80000156700001328 80000156700001294 2.00202813925 6.33564 6.02225 -14.8845
9.74725 80000156700001295 80000156700001294 80000156700001328 80000156700001293 1.90408954353 10.0522 4.76754 -16.9233
9.74725 80000156700001294 80000156700001293 80000156700001328 80000156700001292 1.82268925262 8.68738 7.64228 -17.4088
9.74958 80000156700001293 80000156700001292 80000156700001328 80000156700001291 1.74357057433 4.11708 8.92911 -16.9114
9.75651 80000156700001292 80000156700001291 80000156700001328 80000156700001290 1.66666955611 7.85284 7.1447 -15.7612
9.7678 80000156700001291 80000156700001290 80000156700001328 80000156700001289 1.60423452207 8.3551 3.70744 -11.6391
9.77772 80000156700001290 80000156700001289 80000156700001328 80000156700001288 1.53123902916 8.61985 1.50067 -8.8174
9.09111 80000156700001400 80000156700001399 80000156700001414 80000156700001398 3.08482263583 -12.1499 -18.2842 25.5919
9.1663 80000156700001399 80000156700001397 80000156700001414 80000156700001396 2.89578500573 -3.24322 -2.80339 29.4311
9.18162 80000156700001397 80000156700001396 80000156700001414 80000156700001395 2.73314261732 -6.02806 -5.57957 33.742
9.19013 80000156700001396 80000156700001394 80000156700001414 80000156700001393 2.44422570455 -9.09448 -2.91371 34.4225
9.2087 80000156700001394 80000156700001390 80000156700001414 80000156700001389 2.00202813925 5.87595 -14.2186 33.3275
9.22845 80000156700001390 80000156700001389 80000156700001414 80000156700001388 1.90408954353 6.88119 -12.2592 41.7122
9.26543 80000156700001389 80000156700001383 80000156700001414 80000156700001382 1.47197484527 -3.94751 -2.92674 41.681
9.2845 80000156700001383 80000156700001374 80000156700001414 80000156700001373 1.03551044566 -0.574178 -9.63967 22.411
9.01614 80000156700001478 80000156700001477 80000156700001499 80000156700001476 3.28303305796 -8.0819 9.52295 -7.71233
9.12424 80000156700001477 80000156700001476 80000156700001499 80000156700001475 3.08482263583 -2.09753 21.8164 -13.7939
9.18162 80000156700001476 80000156700001474 80000156700001499 80000156700001473 2.89578500573 -9.38568 34.5146 -10.5807
9.0066 80000156700001790 80000156700001789 80000156700001804 80000156700001788 3.00813107163 1.48932 -9.92045 10.9022
9.03463 80000156700001789 80000156700001788 80000156700001804 80000156700001787 2.89578500573 2.4094 -11.2507 11.9902
9.07766 80000156700001788 80000156700001787 80000156700001804 80000156700001786 2.73314261732 -1.14003 -5.6473 8.02385
9.11179 80000156700001787 80000156700001785 80000156700001804 80000156700001784 2.44422570455 0.578967 -4.33152 5.74687
