logMh | fpID | subhaloID | main leaf ID | descID |  z
9.03763 80000001800007570 80000001800007569 80000001800007577 80000001800007568 7.23627606617 -2.85993 -9.4687 1.53737
9.15502 80000001800007569 80000001800007568 80000001800007577 80000001800007567 7.00541704554 -2.95333 -6.61904 8.60121
9.29951 80000001800007568 80000001800007567 80000001800007577 80000001800007566 6.85511726265 2.27808 0.94135 2.67807
9.4549 80000001800007567 80000001800007566 80000001800007577 80000001800007565 6.49159774567 -3.59142 -11.2328 15.5857
9.55931 80000001800007566 80000001800007565 80000001800007577 80000001800007564 6.14490120342 -5.19408 -5.08289 9.84091
9.59725 80000001800007565 80000001800007564 80000001800007577 80000001800007563 6.01075739884 -1.60609 -9.46886 10.6061
9.63894 80000001800007564 80000001800007563 80000001800007577 80000001800007562 5.84661374788 -6.17043 -6.48477 8.33055
9.69184 80000001800007563 80000001800007562 80000001800007577 80000001800007561 5.52976580795 -7.01651 -3.18895 8.49063
9.76613 80000001800007562 80000001800007561 80000001800007577 80000001800007560 5.22758097313 -7.56944 -0.751802 7.71071
9.79429 80000001800007561 80000001800007560 80000001800007577 80000001800007559 4.99593346816 -7.85933 -0.962754 6.86236
9.80054 80000001800007560 80000001800007559 80000001800007577 80000001800007558 4.93938066349 -6.61125 1.31707 6.67033
9.85078 80000001800007559 80000001800007558 80000001800007577 80000001800007557 4.66451770247 0.726985 -8.23538 1.96098
9.92276 80000001800007558 80000001800007556 80000001800007577 80000001800007555 4.17683491473 6.72513 -22.5004 -11.8509
9.98007 80000001800007556 80000001800007555 80000001800007577 80000001800007554 4.00794511147 11.5715 -29.808 -7.11222
10.1643 80000001800007555 80000001800007553 80000001800007577 80000001800007552 3.70877426464 16.9503 10.15 8.89544
10.2538 80000001800007553 80000001800007552 80000001800007577 80000001800007551 3.49086136926 3.51512 4.24387 -3.64373
10.2998 80000001800007552 80000001800007551 80000001800007577 80000001800007550 3.28303305796 -5.00886 14.7434 -3.25404
10.407 80000001800007551 80000001800007550 80000001800007577 80000001800007549 3.08482263583 -16.7083 89.1437 31.6036
10.4264 80000001800007550 80000001800007548 80000001800007577 80000001800007547 2.89578500573 -33.9543 76.7089 19.6745
10.453 80000001800007548 80000001800007547 80000001800007577 80000001800007546 2.73314261732 -42.1371 83.9683 37.5829
10.5141 80000001800007547 80000001800007546 80000001800007577 80000001800007545 2.5772902716 -53.9252 105.178 55.8306
10.5189 80000001800007546 80000001800007544 80000001800007577 80000001800007543 2.31611074396 -72.4121 88.7331 -14.6082
10.528 80000001800007544 80000001800007543 80000001800007577 80000001800007542 2.20792547238 -40.681 108.407 53.3008
10.5571 80000001800007543 80000001800007542 80000001800007577 80000001800007541 2.1032696526 -82.7951 83.8957 1.82023
10.5724 80000001800007542 80000001800007536 80000001800007577 80000001800007535 1.60423452207 -133.65 22.511 -64.1206
10.5903 80000001800007536 80000001800007535 80000001800007577 80000001800007534 1.53123902916 -131.462 21.6141 -54.8738
10.6066 80000001800007535 80000001800007534 80000001800007577 80000001800007533 1.47197484527 -137.763 6.84272 -61.1572
10.6101 80000001800007534 80000001800007533 80000001800007577 80000001800007532 1.41409822037 -135.747 -5.36001 -64.7511
10.6306 80000001800007533 80000001800007532 80000001800007577 80000001800007531 1.3575766674 -149.474 -14.6589 -61.5165
10.6416 80000001800007532 80000001800007531 80000001800007577 80000001800007530 1.30237845991 -151.048 -12.6101 -58.4976
10.6459 80000001800007531 80000001800007530 80000001800007577 80000001800007529 1.24847261425 -148.509 -4.13827 -54.0034
10.6575 80000001800007530 80000001800007529 80000001800007577 80000001800007528 1.20625808078 -166.274 -8.76146 -68.0945
10.6757 80000001800007529 80000001800007528 80000001800007577 80000001800007527 1.15460271236 -195.285 -9.02358 -83.6605
10.6833 80000001800007528 80000001800007527 80000001800007577 80000001800007526 1.11415056377 -190.829 -11.5982 -80.7729
10.6964 80000001800007527 80000001800007526 80000001800007577 80000001800007525 1.07445789455 -190.718 1.53819 -73.5749
10.7034 80000001800007526 80000001800007525 80000001800007577 80000001800007524 1.03551044566 -194.557 5.00944 -67.4189
10.7146 80000001800007525 80000001800007524 80000001800007577 80000001800007523 0.997294225782 -206.822 -4.4101 -80.0192
10.7222 80000001800007524 80000001800007522 80000001800007577 80000001800007521 0.950531351585 -210.167 -2.05722 -71.5346
10.7456 80000001800007522 80000001800007521 80000001800007577 80000001800007520 0.923000816178 -214.099 -30.488 -23.7903
11.0394 80000001800007521 80000001800007520 80000001800007577 80000001800007519 0.886896937575 -1377.88 -40.2559 714.896
11.1266 80000001800007520 80000001800007508 80000001800007577 80000001800007507 0.546392183141 -864.148 55.8202 327.052
11.1334 80000001800007508 80000001800007493 80000001800007577 80000001800007492 0.261343256161 -807.716 -39.3335 272.798
11.1595 80000001800007493 80000001800007492 80000001800007577 80000001800007491 0.243540181555 -790.223 -20.0605 246.481
11.1856 80000001800007492 80000001800007491 80000001800007577 80000001800007490 0.22598838626 -749.14 -11.0419 209.794
11.1889 80000001800007491 80000001800007490 80000001800007577 80000001800007489 0.214425035514 -737.597 -28.2468 227.432
11.1912 80000001800007490 80000001800007483 80000001800007577 80000001800007482 0.109869940459 -615.472 13.3601 231.033
11.1988 80000001800007483 80000001800007482 80000001800007577 80000001800007481 0.0994018026302 -624.43 52.6798 247.092
11.2028 80000001800007482 80000001800007480 80000001800007577 80000001800007479 0.0736613846564 -621.579 64.265 279.178
11.2044 80000001800007480 80000001800007479 80000001800007577 80000001800007478 0.0585073227945 -618.006 62.3537 285.814
11.2101 80000001800007479 80000001800007478 80000001800007577 80000001800007477 0.0485236299818 -621.436 96.3696 281.719
11.2231 80000001800007478 80000001800007477 80000001800007577 80000001800007476 0.0337243718735 -645.328 127.067 308.195
11.2239 80000001800007477 80000001800007476 80000001800007577 80000001800007475 0.0239744283828 -653.798 123.211 305.101
11.2325 80000001800007476 80000001800007475 80000001800007577 80000001800007474 0.00952166696794 -705.705 145.184 326.689
9.01928 80000001800007605 80000001800007604 80000001800007609 80000001800007603 8.01217294887 4.76 0.45624 4.86651
9.3634 80000001800007604 80000001800007603 80000001800007609 80000001800007602 7.59510714987 2.82228 -5.25191 9.96136
9.01928 80000001800007617 80000001800007616 80000001800007625 80000001800007615 5.52976580795 -6.15611 -20.0622 -6.07318
9.0666 80000001800007616 80000001800007615 80000001800007625 80000001800007614 5.22758097313 -8.13827 -19.41 7.86753
9.07492 80000001800007615 80000001800007613 80000001800007625 80000001800007612 4.93938066349 -2.41542 -9.91946 10.3844
9.01298 80000001800007633 80000001800007632 80000001800007643 80000001800007631 4.17683491473 -2.14852 -11.6449 8.20904
9.0316 80000001800007660 80000001800007659 80000001800007663 80000001800007658 4.99593346816 -15.5452 -13.4905 -1.5673
9.09637 80000001800007659 80000001800007657 80000001800007663 80000001800007656 4.66451770247 -10.9218 -10.3585 3.78974
9.12912 80000001800007657 80000001800007656 80000001800007663 80000001800007655 4.42803373661 -9.62495 -8.78519 2.04166
9.14108 80000001800007656 80000001800007655 80000001800007663 80000001800007654 4.17683491473 -6.72421 -6.71602 0.812688
9.19433 80000001800007655 80000001800007654 80000001800007663 80000001800007653 4.00794511147 -9.55057 -6.3616 -1.88402
9.11431 80000001800007744 80000001800007743 80000001800007752 80000001800007742 6.49159774567 -5.76875 -15.5929 -0.713761
9.22845 80000001800007743 80000001800007741 80000001800007752 80000001800007740 6.01075739884 -8.25501 -12.7457 -8.4414
9.2862 80000001800007741 80000001800007738 80000001800007752 80000001800007737 5.22758097313 -7.59535 -10.3497 0.875069
9.37595 80000001800007738 80000001800007735 80000001800007752 80000001800007734 4.66451770247 -6.23824 -10.5902 5.31106
9.45833 80000001800007735 80000001800007734 80000001800007752 80000001800007733 4.42803373661 -1.36528 -8.94354 0.959125
9.53618 80000001800007734 80000001800007733 80000001800007752 80000001800007732 4.17683491473 0.889752 -11.3709 15.524
9.55478 80000001800007733 80000001800007732 80000001800007752 80000001800007731 4.00794511147 3.30417 -12.8843 14.3322
9.62212 80000001800007732 80000001800007731 80000001800007752 80000001800007730 3.93726108473 2.69212 -5.70322 10.2005
9.65224 80000001800007731 80000001800007730 80000001800007752 80000001800007729 3.70877426464 6.01123 -4.49398 10.279
9.68784 80000001800007730 80000001800007729 80000001800007752 80000001800007728 3.49086136926 6.22283 -8.41326 9.66741
9.72198 80000001800007729 80000001800007728 80000001800007752 80000001800007727 3.28303305796 -1.56571 -8.16978 6.81692
9.12178 80000001800007774 80000001800007773 80000001800007782 80000001800007772 5.52976580795 13.565 11.5762 10.8719
9.17946 80000001800007773 80000001800007771 80000001800007782 80000001800007770 4.99593346816 11.0098 6.91713 6.87089
9.02548 80000001800007784 80000001800007783 80000001800007786 80000001800007773 5.84661374788 8.91829 10.1029 5.57081
9.01298 80000001800007797 80000001800007796 80000001800007806 80000001800007795 3.28303305796 -11.9534 -4.36489 3.32978
9.04358 80000001800007796 80000001800007795 80000001800007806 80000001800007794 3.08482263583 -15.7513 -3.30201 7.59642
9.04653 80000001800007843 80000001800007842 80000001800007850 80000001800007841 4.66451770247 1.63511 3.85846 6.5672
9.09375 80000001800007842 80000001800007839 80000001800007850 80000001800007838 4.00794511147 1.03729 0.735322 5.27083
9.00012 80000001800008038 80000001800008037 80000001800008043 80000001800008036 5.84661374788 4.41759 -1.34622 9.19464
9.00012 80000001800008037 80000001800008036 80000001800008043 80000001800008035 5.52976580795 6.14469 -0.981448 10.9682
9.07216 80000001800008036 80000001800008035 80000001800008043 80000001800008034 5.22758097313 3.03701 0.553358 10.8945
9.08578 80000001800008035 80000001800008032 80000001800008043 80000001800008031 4.66451770247 2.70871 -0.594496 4.61287
9.35338 80000001800008032 80000001800008031 80000001800008043 80000001800008030 4.42803373661 5.70738 14.0735 4.22733
9.48799 80000001800008031 80000001800008030 80000001800008043 80000001800008029 4.17683491473 6.13376 13.7439 1.94173
9.50872 80000001800008030 80000001800008029 80000001800008043 80000001800008028 4.00794511147 8.5034 10.5073 1.72337
9.53808 80000001800008029 80000001800008027 80000001800008043 80000001800008026 3.70877426464 8.24872 10.0922 5.52417
9.58469 80000001800008027 80000001800008026 80000001800008043 80000001800008025 3.49086136926 7.74449 10.0645 5.0545
9.61504 80000001800008026 80000001800008023 80000001800008043 80000001800008022 3.00813107163 -2.31315 11.897 7.63519
9.61663 80000001800008023 80000001800008022 80000001800008043 80000001800008021 2.89578500573 3.41904 8.77195 8.14887
9.62985 80000001800008022 80000001800008020 80000001800008043 80000001800008019 2.5772902716 1.5537 7.98608 8.17273
9.64044 80000001800008020 80000001800008017 80000001800008043 80000001800008016 2.20792547238 10.1011 1.26928 -1.08059
9.71385 80000001800008017 80000001800008015 80000001800008043 80000001800008014 2.00202813925 22.4806 1.44999 -0.715784
9.71574 80000001800008015 80000001800008014 80000001800008043 80000001800008013 1.90408954353 23.4553 4.54198 0.944917
9.81976 80000001800008014 80000001800008013 80000001800008043 80000001800008012 1.82268925262 46.878 -4.87438 5.5736
9.04358 80000001800008050 80000001800008049 80000001800008056 80000001800008048 5.52976580795 7.85878 -1.07506 1.638
9.0666 80000001800008049 80000001800008048 80000001800008056 80000001800008047 5.22758097313 9.91032 2.48442 2.83014
9.08038 80000001800008048 80000001800008047 80000001800008056 80000001800008046 4.99593346816 8.55174 2.10306 3.40821
9.11179 80000001800008047 80000001800008046 80000001800008056 80000001800008045 4.93938066349 5.55355 1.73946 2.36549
9.11431 80000001800008046 80000001800008045 80000001800008056 80000001800008044 4.66451770247 7.69723 1.78756 -1.34266
9.02239 80000001800008176 80000001800008175 80000001800008184 80000001800008174 4.99593346816 -4.46282 8.73793 6.56108
9.04653 80000001800008175 80000001800008174 80000001800008184 80000001800008173 4.93938066349 -3.19187 11.0398 12.1356
9.10415 80000001800008174 80000001800008173 80000001800008184 80000001800008172 4.66451770247 -4.33956 7.4243 11.4032
9.10926 80000001800008173 80000001800008172 80000001800008184 80000001800008171 4.42803373661 -4.4959 10.5831 10.9806
9.15502 80000001800008172 80000001800008171 80000001800008184 80000001800008170 4.17683491473 -5.12336 10.3391 9.43779
9.15502 80000001800008171 80000001800008165 80000001800008184 80000001800008164 3.08482263583 -8.4741 4.35382 4.60358
9.19013 80000001800008165 80000001800008163 80000001800008184 80000001800008162 2.89578500573 -3.22622 6.22257 5.09887
9.20464 80000001800008163 80000001800008162 80000001800008184 80000001800008161 2.73314261732 -3.82674 7.87165 9.42692
9.21272 80000001800008162 80000001800008161 80000001800008184 80000001800008160 2.5772902716 -6.27947 8.62309 8.30784
9.2862 80000001800008161 80000001800008159 80000001800008184 80000001800008158 2.20792547238 -5.98595 11.919 8.31514
9.02239 80000001800008260 80000001800008259 80000001800008263 80000001800008258 7.59510714987 11.1082 -3.24749 4.05681
9.06939 80000001800008259 80000001800008258 80000001800008263 80000001800008257 7.23627606617 -0.418942 2.34221 7.9199
9.13394 80000001800008258 80000001800008257 80000001800008263 80000001800008256 7.00541704554 4.81609 -0.977807 7.12625
9.14344 80000001800008257 80000001800008256 80000001800008263 80000001800008255 6.85511726265 4.72688 2.71111 6.59149
9.18589 80000001800008256 80000001800008254 80000001800008263 80000001800008253 6.14490120342 4.84978 3.74405 4.42845
9.22066 80000001800008254 80000001800008252 80000001800008263 80000001800008251 5.84661374788 0.226963 1.06292 4.23925
9.27766 80000001800008252 80000001800008251 80000001800008263 80000001800008250 5.52976580795 -1.0764 0.709684 7.52443
9.40001 80000001800008251 80000001800008250 80000001800008263 80000001800008249 5.22758097313 2.17318 -6.53156 4.0405
9.51175 80000001800008250 80000001800008249 80000001800008263 80000001800008248 4.99593346816 1.35728 3.93077 11.676
9.54372 80000001800008249 80000001800008248 80000001800008263 80000001800008247 4.93938066349 3.2125 3.96087 14.3908
9.70104 80000001800008248 80000001800008247 80000001800008263 80000001800008246 4.66451770247 -13.7142 2.28034 16.1545
9.76836 80000001800008247 80000001800008246 80000001800008263 80000001800008245 4.42803373661 -29.7811 34.8153 40.5291
9.8719 80000001800008246 80000001800008245 80000001800008263 80000001800008244 4.17683491473 -41.7291 19.6616 41.0986
9.88101 80000001800008245 80000001800008243 80000001800008263 80000001800008242 3.93726108473 -40.9188 27.7822 39.258
9.95833 80000001800008243 80000001800008242 80000001800008263 80000001800008241 3.70877426464 -43.3807 44.309 49.113
9.9787 80000001800008242 80000001800008241 80000001800008263 80000001800008240 3.49086136926 -49.7152 20.2922 52.9703
10.0053 80000001800008241 80000001800008240 80000001800008263 80000001800008239 3.28303305796 -45.6864 26.0461 44.4305
10.0082 80000001800008240 80000001800008239 80000001800008263 80000001800008238 3.08482263583 -42.7602 19.5251 48.1571
10.0439 80000001800008239 80000001800008238 80000001800008263 80000001800008237 3.00813107163 -55.7425 22.6924 60.0351
10.0646 80000001800008238 80000001800008237 80000001800008263 80000001800008236 2.89578500573 -51.3991 24.8642 60.3028
10.1044 80000001800008237 80000001800008233 80000001800008263 80000001800008232 2.31611074396 -23.7057 9.09878 59.7056
10.1156 80000001800008233 80000001800008232 80000001800008263 80000001800008231 2.20792547238 -16.3135 17.0521 36.9033
10.125 80000001800008232 80000001800008231 80000001800008263 80000001800008230 2.1032696526 -8.26487 18.5075 29.9749
10.1786 80000001800008231 80000001800008229 80000001800008263 80000001800008228 1.90408954353 -6.74833 -12.3842 35.5644
10.1801 80000001800008229 80000001800008220 80000001800008263 80000001800008219 1.30237845991 -23.9013 34.3094 56.4783
10.191 80000001800008220 80000001800008219 80000001800008263 80000001800008218 1.24847261425 -29.6868 33.3168 59.0085
10.2105 80000001800008219 80000001800008218 80000001800008263 80000001800008217 1.20625808078 -14.4589 35.0439 67.7411
10.2161 80000001800008218 80000001800008216 80000001800008263 80000001800008215 1.11415056377 -21.3829 36.6892 60.9655
10.2193 80000001800008216 80000001800008215 80000001800008263 80000001800008214 1.07445789455 -25.4838 49.6895 67.1534
10.2205 80000001800008215 80000001800008214 80000001800008263 80000001800008213 1.03551044566 -30.4434 52.6114 70.1888
10.221 80000001800008214 80000001800008212 80000001800008263 80000001800008211 0.987852810816 -32.4868 49.207 69.0834
10.2378 80000001800008212 80000001800008211 80000001800008263 80000001800008210 0.950531351585 -30.4267 43.2446 61.6742
9.0316 80000001800008269 80000001800008268 80000001800008280 80000001800008267 5.52976580795 -2.78184 3.12774 4.79468
9.07216 80000001800008353 80000001800008352 80000001800008359 80000001800008351 4.00794511147 -1.23093 -6.34109 -8.21494
9.25284 80000001800008581 80000001800008580 80000001800008584 80000001800008579 8.01217294887 2.72757 0.0382094 -0.568145
9.30923 80000001800008580 80000001800008579 80000001800008584 80000001800008578 7.59510714987 5.7837 -0.0359367 2.33174
9.39214 80000001800008579 80000001800008578 80000001800008584 80000001800008577 7.23627606617 6.55329 -2.72793 0.944882
9.46844 80000001800008578 80000001800008577 80000001800008584 80000001800008576 7.00541704554 7.16356 -6.16835 2.97841
9.54372 80000001800008577 80000001800008576 80000001800008584 80000001800008575 6.85511726265 2.91741 -4.76632 3.39253
9.65369 80000001800008576 80000001800008575 80000001800008584 80000001800008574 6.49159774567 5.54737 -0.211975 7.134
9.79008 80000001800008575 80000001800008574 80000001800008584 80000001800008573 6.14490120342 6.50405 -6.73911 4.86062
9.82222 80000001800008574 80000001800008573 80000001800008584 80000001800008572 6.01075739884 8.0777 -8.79362 5.57639
9.84287 80000001800008573 80000001800008572 80000001800008584 80000001800008571 5.84661374788 6.04548 -9.87042 8.10035
9.87321 80000001800008572 80000001800008571 80000001800008584 80000001800008570 5.52976580795 5.92451 -14.6539 4.35253
9.92002 80000001800008571 80000001800008570 80000001800008584 80000001800008569 5.22758097313 12.2839 -9.17764 4.05896
9.95581 80000001800008570 80000001800008569 80000001800008584 80000001800008568 4.99593346816 12.0501 -15.7539 7.04725
9.96191 80000001800008569 80000001800008568 80000001800008584 80000001800008567 4.93938066349 13.13 -11.6099 7.13509
9.98483 80000001800008568 80000001800008567 80000001800008584 80000001800008566 4.66451770247 8.87405 -6.82264 10.3073
10.0108 80000001800008567 80000001800008566 80000001800008584 80000001800008565 4.42803373661 13.7844 -7.37722 7.56226
10.0445 80000001800008566 80000001800008565 80000001800008584 80000001800008564 4.17683491473 10.2657 -4.38826 7.067
10.0494 80000001800008565 80000001800008564 80000001800008584 80000001800008563 4.00794511147 2.59546 3.25942 -1.5402
10.0547 80000001800008564 80000001800008563 80000001800008584 80000001800008562 3.93726108473 5.99775 0.509903 1.99165
10.0666 80000001800008563 80000001800008562 80000001800008584 80000001800008561 3.70877426464 -1.00659 3.99133 -1.19554
10.0866 80000001800008562 80000001800008561 80000001800008584 80000001800008560 3.49086136926 10.1064 -0.531329 4.90954
10.123 80000001800008561 80000001800008560 80000001800008584 80000001800008559 3.28303305796 2.29972 -2.37442 0.905028
10.1401 80000001800008560 80000001800008558 80000001800008584 80000001800008557 3.00813107163 7.07444 -8.00651 10.0184
10.1557 80000001800008558 80000001800008556 80000001800008584 80000001800008555 2.73314261732 -2.49176 -7.86246 17.4295
10.1797 80000001800008556 80000001800008555 80000001800008584 80000001800008554 2.5772902716 4.43234 -1.39041 14.7844
10.1968 80000001800008555 80000001800008554 80000001800008584 80000001800008553 2.44422570455 -9.85567 -7.57563 22.2639
10.2079 80000001800008554 80000001800008553 80000001800008584 80000001800008552 2.31611074396 -13.6491 -5.3784 20.7534
10.2255 80000001800008553 80000001800008552 80000001800008584 80000001800008551 2.20792547238 -11.3925 -3.49782 23.4243
10.2363 80000001800008552 80000001800008550 80000001800008584 80000001800008549 2.00202813925 -10.2587 6.50193 18.795
10.2403 80000001800008550 80000001800008549 80000001800008584 80000001800008548 1.90408954353 -6.46466 9.97379 14.2748
10.3054 80000001800008549 80000001800008548 80000001800008584 80000001800008547 1.82268925262 -24.5466 25.5522 57.6366
10.3361 80000001800008548 80000001800008547 80000001800008584 80000001800008546 1.74357057433 21.7549 5.78981 19.4015
10.348 80000001800008547 80000001800008542 80000001800008584 80000001800008541 1.41409822037 3.28966 31.4904 16.2212
10.3522 80000001800008542 80000001800008540 80000001800008584 80000001800008539 1.30237845991 -5.4423 14.0637 32.5713
10.3849 80000001800008540 80000001800008539 80000001800008584 80000001800008538 1.24847261425 13.5317 -12.2724 26.9558
10.4321 80000001800008539 80000001800008538 80000001800008584 80000001800008537 1.20625808078 11.9807 -29.3603 23.8673
10.496 80000001800008538 80000001800008537 80000001800008584 80000001800008536 1.15460271236 15.9594 -14.4611 14.1728
10.5304 80000001800008537 80000001800008536 80000001800008584 80000001800008535 1.11415056377 11.1095 6.11668 20.8728
10.586 80000001800008536 80000001800008535 80000001800008584 80000001800008534 1.07445789455 -3.18308 -1.35577 7.77077
10.6585 80000001800008535 80000001800008534 80000001800008584 80000001800008533 1.03551044566 -3.38774 -17.9776 -11.2927
10.6698 80000001800008534 80000001800008533 80000001800008584 80000001800008532 0.997294225782 10.0895 -16.3243 -15.928
10.6878 80000001800008533 80000001800008532 80000001800008584 80000001800008531 0.987852810816 7.88267 -10.0275 -12.5357
9.05811 80000001800008698 80000001800008697 80000001800008711 80000001800008696 3.28303305796 -27.986 5.79846 29.6558
9.13154 80000001800008697 80000001800008694 80000001800008711 80000001800008693 2.89578500573 -16.6222 8.23245 25.7106
9.16852 80000001800008694 80000001800008687 80000001800008711 80000001800008686 2.00202813925 -13.0741 4.36675 14.5447
9.09898 80000001800008796 80000001800008795 80000001800008815 80000001800008794 3.49086136926 9.81846 -3.05017 14.3859
9.11431 80000001800008795 80000001800008794 80000001800008815 80000001800008793 3.28303305796 8.558 -3.34326 14.4275
9.12424 80000001800008794 80000001800008793 80000001800008815 80000001800008792 3.08482263583 8.2089 1.35029 11.7817
9.02239 80000001800008865 80000001800008864 80000001800008870 80000001800008863 7.23627606617 4.78324 -11.8306 -0.384956
9.12912 80000001800008864 80000001800008863 80000001800008870 80000001800008862 7.00541704554 4.71726 -0.144578 3.03631
9.13154 80000001800008863 80000001800008862 80000001800008870 80000001800008861 6.85511726265 2.81044 -4.64711 0.606532
9.14578 80000001800008862 80000001800008859 80000001800008870 80000001800008858 6.01075739884 -0.540072 -11.3302 -3.98434
9.19223 80000001800008859 80000001800008858 80000001800008870 80000001800008857 5.84661374788 0.000950285 -12.1127 -6.24906
9.26365 80000001800008858 80000001800008857 80000001800008870 80000001800008856 5.52976580795 3.69294 -9.36099 -1.54944
9.40646 80000001800008857 80000001800008856 80000001800008870 80000001800008855 5.22758097313 9.55874 10.7754 9.09831
9.54465 80000001800008856 80000001800008855 80000001800008870 80000001800008854 4.99593346816 5.29022 -7.19551 20.0457
9.54651 80000001800008855 80000001800008854 80000001800008870 80000001800008853 4.93938066349 3.56437 -12.2818 16.2674
9.57087 80000001800008854 80000001800008853 80000001800008870 80000001800008852 4.66451770247 4.31489 -4.9427 13.4403
9.62677 80000001800008853 80000001800008852 80000001800008870 80000001800008851 4.42803373661 1.21531 -13.2722 21.1573
9.65151 80000001800008852 80000001800008851 80000001800008870 80000001800008850 4.17683491473 -1.70767 -16.9364 20.4975
9.70557 80000001800008851 80000001800008850 80000001800008870 80000001800008849 4.00794511147 0.251589 -8.02056 19.603
9.73118 80000001800008850 80000001800008849 80000001800008870 80000001800008848 3.93726108473 -1.52941 -11.2265 22.5564
9.77499 80000001800008849 80000001800008848 80000001800008870 80000001800008847 3.70877426464 -5.04844 -7.80894 26.0524
9.78689 80000001800008848 80000001800008842 80000001800008870 80000001800008841 2.73314261732 -10.8278 -10.4673 24.0532
9.83769 80000001800008842 80000001800008841 80000001800008870 80000001800008840 2.5772902716 -11.0276 -11.9377 50.6615
9.84985 80000001800008841 80000001800008838 80000001800008870 80000001800008837 2.20792547238 -30.636 2.28401 25.7306
9.93809 80000001800008838 80000001800008837 80000001800008870 80000001800008836 2.1032696526 -68.6291 -5.68645 46.6646
10.0322 80000001800008837 80000001800008831 80000001800008870 80000001800008830 1.60423452207 -84.8619 38.8181 28.9443
10.0694 80000001800008831 80000001800008827 80000001800008870 80000001800008826 1.3575766674 -69.4159 27.9188 2.35737
9.04945 80000001800008964 80000001800008963 80000001800008968 80000001800008962 4.66451770247 -7.24972 9.81878 15.0305
9.10415 80000001800008963 80000001800008962 80000001800008968 80000001800008961 4.42803373661 -5.68921 3.50021 14.8958
9.20464 80000001800008962 80000001800008961 80000001800008968 80000001800008960 4.17683491473 -8.43087 6.56211 7.30566
9.25828 80000001800008961 80000001800008951 80000001800008968 80000001800008950 2.5772902716 -9.72524 9.88014 6.11962
9.27246 80000001800008951 80000001800008948 80000001800008968 80000001800008947 2.20792547238 -4.73951 7.01309 3.98239
9.32651 80000001800008948 80000001800008946 80000001800008968 80000001800008945 2.00202813925 2.78609 -0.800383 7.82676
9.04358 80000001800009033 80000001800009032 80000001800009037 80000001800009031 7.23627606617 -3.01463 -3.97262 -4.89933
9.10926 80000001800009032 80000001800009031 80000001800009037 80000001800009030 7.00541704554 -0.344118 1.86586 -2.87596
9.11431 80000001800009031 80000001800009030 80000001800009037 80000001800009029 6.85511726265 -1.53694 1.61479 -1.63767
9.1573 80000001800009030 80000001800009029 80000001800009037 80000001800009028 6.49159774567 -3.41243 -2.43563 -2.10801
9.2087 80000001800009029 80000001800009028 80000001800009037 80000001800009027 6.14490120342 -2.31335 -2.54323 -2.20276
9.21472 80000001800009028 80000001800009026 80000001800009037 80000001800009025 5.84661374788 -1.31611 -1.70925 -6.65401
9.2862 80000001800009026 80000001800009025 80000001800009037 80000001800009024 5.52976580795 -0.782882 -5.34315 -0.431423
9.29787 80000001800009025 80000001800009023 80000001800009037 80000001800009022 4.99593346816 -4.98062 -8.23108 -1.67664
9.31243 80000001800009023 80000001800009022 80000001800009037 80000001800009021 4.93938066349 -4.05827 -7.01466 -0.760088
9.36763 80000001800009022 80000001800009021 80000001800009037 80000001800009020 4.66451770247 -5.59037 -9.14809 1.68192
9.40389 80000001800009021 80000001800009020 80000001800009037 80000001800009019 4.42803373661 -8.85288 -10.1407 0.247295
9.53044 80000001800009020 80000001800009019 80000001800009037 80000001800009018 4.17683491473 -5.83556 -17.0427 7.15902
9.56557 80000001800009019 80000001800009018 80000001800009037 80000001800009017 4.00794511147 -7.21214 -16.0327 7.60143
9.59642 80000001800009018 80000001800009016 80000001800009037 80000001800009015 3.70877426464 -3.89449 -11.7569 9.38222
9.66443 80000001800009016 80000001800009015 80000001800009037 80000001800009014 3.49086136926 -7.51097 -35.591 11.8535
9.68985 80000001800009015 80000001800009011 80000001800009037 80000001800009010 2.89578500573 -5.04564 -36.3214 6.71936
9.71132 80000001800009011 80000001800009010 80000001800009037 80000001800009009 2.73314261732 3.601 -37.2539 11.4363
9.73299 80000001800009010 80000001800009009 80000001800009037 80000001800009008 2.5772902716 2.19805 -42.9866 11.1866
9.76501 80000001800009009 80000001800009008 80000001800009037 80000001800009007 2.44422570455 -2.99242 -54.6425 0.463057
9.80054 80000001800009008 80000001800009007 80000001800009037 80000001800009006 2.31611074396 -0.693613 -55.4689 1.25659
9.82954 80000001800009007 80000001800009003 80000001800009037 80000001800009002 1.90408954353 -11.0327 -39.236 7.99736
