logMh | fpID | subhaloID | main leaf ID | descID |  z
9.09111 80000376300000096 80000376300000095 80000376300000103 80000376300000094 7.23627606617 4.7108 1.8529 -10.0026
9.40902 80000376300000095 80000376300000093 80000376300000103 80000376300000092 6.85511726265 1.84308 12.8672 0.8156
9.52462 80000376300000093 80000376300000091 80000376300000103 80000376300000090 6.14490120342 2.47793 8.95707 -3.31513
9.55841 80000376300000091 80000376300000090 80000376300000103 80000376300000089 6.01075739884 3.41617 9.89417 -4.03339
9.58127 80000376300000090 80000376300000089 80000376300000103 80000376300000088 5.84661374788 4.99179 5.87118 -3.12933
9.72691 80000376300000089 80000376300000088 80000376300000103 80000376300000087 5.52976580795 13.9888 4.10527 0.381053
9.87496 80000376300000088 80000376300000087 80000376300000103 80000376300000086 5.22758097313 10.2344 6.99017 -3.21759
9.95617 80000376300000087 80000376300000086 80000376300000103 80000376300000085 4.99593346816 -0.566999 8.5148 -4.27866
9.96369 80000376300000086 80000376300000085 80000376300000103 80000376300000084 4.93938066349 4.68916 11.0362 1.9063
10.0836 80000376300000085 80000376300000084 80000376300000103 80000376300000083 4.66451770247 -5.43305 -5.99797 -16.0867
10.1867 80000376300000084 80000376300000083 80000376300000103 80000376300000082 4.42803373661 3.69057 -10.8646 -11.5962
10.2826 80000376300000083 80000376300000082 80000376300000103 80000376300000081 4.17683491473 6.1404 -28.4432 -7.80353
10.3332 80000376300000082 80000376300000081 80000376300000103 80000376300000080 4.00794511147 0.522118 -38.1744 -13.0051
10.357 80000376300000081 80000376300000080 80000376300000103 80000376300000079 3.93726108473 -0.469617 -71.5998 -6.34243
10.4085 80000376300000080 80000376300000079 80000376300000103 80000376300000078 3.70877426464 -1.74096 -69.6096 -0.163295
10.4832 80000376300000079 80000376300000078 80000376300000103 80000376300000077 3.49086136926 17.7053 -12.2958 15.6509
10.6365 80000376300000078 80000376300000077 80000376300000103 80000376300000076 3.28303305796 33.2368 0.259071 -17.4295
10.687 80000376300000077 80000376300000076 80000376300000103 80000376300000075 3.08482263583 26.0988 3.5598 -0.806658
10.7241 80000376300000076 80000376300000075 80000376300000103 80000376300000074 3.00813107163 18.0972 -13.4886 -18.8995
10.7805 80000376300000075 80000376300000074 80000376300000103 80000376300000073 2.89578500573 -3.46681 -33.8437 -48.6165
10.8013 80000376300000074 80000376300000073 80000376300000103 80000376300000072 2.73314261732 8.9101 -2.74501 -60.1436
10.8131 80000376300000073 80000376300000072 80000376300000103 80000376300000071 2.5772902716 13.9977 -12.7625 -68.3277
10.8463 80000376300000072 80000376300000071 80000376300000103 80000376300000070 2.44422570455 17.2988 -32.4361 -71.3348
10.8656 80000376300000071 80000376300000070 80000376300000103 80000376300000069 2.31611074396 14.356 -29.5847 -70.3916
10.8896 80000376300000070 80000376300000069 80000376300000103 80000376300000068 2.20792547238 20.004 -35.6435 -79.8234
10.8928 80000376300000069 80000376300000068 80000376300000103 80000376300000067 2.1032696526 6.70516 -43.0687 -54.2749
10.9047 80000376300000068 80000376300000067 80000376300000103 80000376300000066 2.00202813925 4.11454 -49.9937 -58.9262
10.9048 80000376300000067 80000376300000066 80000376300000103 80000376300000065 1.90408954353 4.52873 -66.119 -82.4347
10.9451 80000376300000066 80000376300000065 80000376300000103 80000376300000064 1.82268925262 15.4841 -54.273 -37.4546
11.0031 80000376300000065 80000376300000064 80000376300000103 80000376300000063 1.74357057433 6.23374 -22.6614 -30.0902
11.0501 80000376300000064 80000376300000063 80000376300000103 80000376300000062 1.66666955611 8.42064 53.3808 -48.954
11.0599 80000376300000063 80000376300000062 80000376300000103 80000376300000061 1.60423452207 13.2827 50.6293 -79.6972
11.0708 80000376300000062 80000376300000061 80000376300000103 80000376300000060 1.53123902916 46.0963 68.7477 -91.6459
11.1194 80000376300000061 80000376300000060 80000376300000103 80000376300000059 1.47197484527 47.2729 162.568 -102.877
11.1377 80000376300000060 80000376300000059 80000376300000103 80000376300000058 1.41409822037 41.0439 168.912 -136.503
11.1447 80000376300000059 80000376300000058 80000376300000103 80000376300000057 1.3575766674 29.782 129.761 -162.485
11.1556 80000376300000058 80000376300000057 80000376300000103 80000376300000056 1.30237845991 49.5495 138.922 -160.701
11.1642 80000376300000057 80000376300000056 80000376300000103 80000376300000055 1.24847261425 40.041 130.916 -157.486
11.1909 80000376300000056 80000376300000055 80000376300000103 80000376300000054 1.20625808078 36.6987 146.345 -164.227
11.1954 80000376300000055 80000376300000054 80000376300000103 80000376300000053 1.15460271236 45.2846 133.002 -151.599
11.1973 80000376300000054 80000376300000051 80000376300000103 80000376300000050 1.03551044566 58.9376 126.966 -142.273
11.2051 80000376300000051 80000376300000049 80000376300000103 80000376300000048 0.987852810816 40.6628 109.872 -153.367
11.2122 80000376300000049 80000376300000048 80000376300000103 80000376300000047 0.950531351585 39.5329 131.062 -162.183
11.2145 80000376300000048 80000376300000047 80000376300000103 80000376300000046 0.923000816178 22.7428 111.762 -156.197
11.2216 80000376300000047 80000376300000045 80000376300000103 80000376300000044 0.851470900625 18.2856 130.119 -142.884
11.2245 80000376300000045 80000376300000042 80000376300000103 80000376300000041 0.757441372616 1.50346 112.428 -149.07
11.2316 80000376300000042 80000376300000041 80000376300000103 80000376300000040 0.732636182022 -2.40912 108.832 -139.635
11.2446 80000376300000041 80000376300000040 80000376300000103 80000376300000039 0.700106353719 -22.3074 111.378 -161.793
11.2469 80000376300000040 80000376300000039 80000376300000103 80000376300000038 0.676110411213 -18.7337 105.532 -167.729
11.2723 80000376300000039 80000376300000038 80000376300000103 80000376300000037 0.644641840685 -44.7805 98.5338 -178.812
11.2807 80000376300000038 80000376300000037 80000376300000103 80000376300000036 0.621428745243 -78.0894 76.3157 -233.115
11.2854 80000376300000037 80000376300000036 80000376300000103 80000376300000035 0.598543288188 -64.8375 83.3796 -218.94
11.292 80000376300000036 80000376300000035 80000376300000103 80000376300000034 0.575980845108 -73.4091 80.5109 -226.188
11.3068 80000376300000035 80000376300000034 80000376300000103 80000376300000033 0.546392183141 -107.56 62.1354 -326.308
11.3199 80000376300000034 80000376300000033 80000376300000103 80000376300000032 0.524565820434 -132.873 59.0543 -377.163
11.3269 80000376300000033 80000376300000032 80000376300000103 80000376300000031 0.503047523245 -143.185 48.3039 -428.782
11.3354 80000376300000032 80000376300000031 80000376300000103 80000376300000030 0.481832943421 -150.924 30.4849 -424.98
11.3478 80000376300000031 80000376300000030 80000376300000103 80000376300000029 0.460917794181 -151.481 24.3407 -448.668
11.3554 80000376300000030 80000376300000029 80000376300000103 80000376300000028 0.440297849248 -161.484 39.5643 -460.342
11.369 80000376300000029 80000376300000028 80000376300000103 80000376300000027 0.419968941997 -146.0 49.854 -452.775
11.3726 80000376300000028 80000376300000027 80000376300000103 80000376300000026 0.399926964614 -147.45 60.7686 -444.121
11.379 80000376300000027 80000376300000026 80000376300000103 80000376300000025 0.38016786726 -146.089 57.3325 -403.808
11.3864 80000376300000026 80000376300000025 80000376300000103 80000376300000024 0.360687657262 -143.812 53.5898 -406.576
11.3907 80000376300000025 80000376300000024 80000376300000103 80000376300000023 0.347853841858 -136.021 58.1442 -415.301
11.4042 80000376300000024 80000376300000023 80000376300000103 80000376300000022 0.328829724206 -115.831 58.3409 -441.295
11.4114 80000376300000023 80000376300000021 80000376300000103 80000376300000020 0.291583239722 -126.112 61.9643 -468.226
11.4141 80000376300000021 80000376300000019 80000376300000103 80000376300000018 0.261343256161 -105.877 94.0207 -440.899
11.4236 80000376300000019 80000376300000018 80000376300000103 80000376300000017 0.243540181555 -111.648 93.6694 -464.007
11.4249 80000376300000018 80000376300000017 80000376300000103 80000376300000016 0.22598838626 -110.576 86.9033 -475.266
11.4274 80000376300000017 80000376300000016 80000376300000103 80000376300000015 0.214425035514 -120.101 75.3319 -478.282
11.429 80000376300000016 80000376300000014 80000376300000103 80000376300000013 0.180385261706 -109.73 80.3961 -473.594
9.01298 80000376300000109 80000376300000108 80000376300000114 80000376300000107 7.00541704554 -4.02348 -0.638555 -6.27373
9.02239 80000376300000163 80000376300000162 80000376300000167 80000376300000161 7.00541704554 0.755004 7.45251 -7.06945
9.25648 80000376300000162 80000376300000160 80000376300000167 80000376300000159 6.49159774567 1.69904 -4.04774 8.22787
9.2672 80000376300000160 80000376300000159 80000376300000167 80000376300000158 6.14490120342 8.12158 5.47103 -2.61065
9.27246 80000376300000159 80000376300000158 80000376300000167 80000376300000157 6.01075739884 7.4141 5.49821 -5.02459
9.38412 80000376300000158 80000376300000157 80000376300000167 80000376300000156 5.84661374788 -0.578378 -4.60422 -5.98121
9.43497 80000376300000157 80000376300000156 80000376300000167 80000376300000155 5.52976580795 8.8983 1.48752 -0.771496
9.44681 80000376300000156 80000376300000155 80000376300000167 80000376300000154 5.22758097313 -5.66302 -3.90476 -21.8708
9.14108 80000376300000311 80000376300000310 80000376300000321 80000376300000309 5.22758097313 -8.29827 -10.5294 4.26771
9.25828 80000376300000310 80000376300000307 80000376300000321 80000376300000306 4.66451770247 2.67353 2.17852 7.09329
9.2811 80000376300000307 80000376300000306 80000376300000321 80000376300000305 4.42803373661 2.77713 1.43473 5.1227
9.02855 80000376300000394 80000376300000393 80000376300000400 80000376300000392 7.23627606617 -0.563123 -1.64765 9.10366
9.05811 80000376300000393 80000376300000392 80000376300000400 80000376300000391 7.00541704554 -0.740058 -0.253399 10.6225
9.13634 80000376300000392 80000376300000391 80000376300000400 80000376300000390 6.85511726265 1.35289 -4.56449 10.7773
9.2361 80000376300000391 80000376300000390 80000376300000400 80000376300000389 6.49159774567 -8.00746 -0.284443 10.1314
9.34461 80000376300000390 80000376300000389 80000376300000400 80000376300000388 6.14490120342 -1.31289 -7.93607 19.1129
9.37732 80000376300000389 80000376300000387 80000376300000400 80000376300000386 5.84661374788 -1.15253 -5.91324 14.7193
9.54744 80000376300000387 80000376300000386 80000376300000400 80000376300000385 5.52976580795 -4.58544 -4.36017 11.8113
9.58383 80000376300000386 80000376300000385 80000376300000400 80000376300000384 5.22758097313 -4.27698 -2.67702 11.3887
9.61266 80000376300000385 80000376300000384 80000376300000400 80000376300000383 4.99593346816 -2.35377 -4.69579 14.4617
9.65369 80000376300000384 80000376300000383 80000376300000400 80000376300000382 4.93938066349 -1.29632 -10.6244 16.2265
9.81778 80000376300000383 80000376300000382 80000376300000400 80000376300000381 4.66451770247 -2.11352 -47.2622 12.0524
9.89496 80000376300000382 80000376300000380 80000376300000400 80000376300000379 4.17683491473 -6.62164 -44.8161 7.91439
9.93997 80000376300000380 80000376300000379 80000376300000400 80000376300000378 4.00794511147 2.22261 -39.0587 20.3982
9.96511 80000376300000379 80000376300000377 80000376300000400 80000376300000376 3.70877426464 0.889694 -42.1554 22.16
9.08309 80000376300000442 80000376300000441 80000376300000451 80000376300000440 5.52976580795 6.6919 8.98809 0.758191
9.17512 80000376300000441 80000376300000440 80000376300000451 80000376300000439 4.99593346816 3.23572 1.97289 2.33421
9.3974 80000376300000440 80000376300000439 80000376300000451 80000376300000438 4.93938066349 4.55601 12.4835 3.43081
9.46955 80000376300000439 80000376300000438 80000376300000451 80000376300000437 4.66451770247 5.96675 15.0002 6.73166
9.48049 80000376300000438 80000376300000437 80000376300000451 80000376300000436 4.42803373661 5.72046 12.6977 9.28221
9.54465 80000376300000437 80000376300000436 80000376300000451 80000376300000435 4.17683491473 5.19095 17.6034 7.59296
9.56201 80000376300000436 80000376300000435 80000376300000451 80000376300000434 4.00794511147 3.08745 18.7908 5.89533
9.59725 80000376300000435 80000376300000434 80000376300000451 80000376300000433 3.93726108473 1.64714 15.2804 2.45497
9.24733 80000376300000454 80000376300000453 80000376300000462 80000376300000452 5.22758097313 3.93986 9.6027 4.70098
9.06096 80000376300000484 80000376300000483 80000376300000494 80000376300000482 3.28303305796 23.4039 -12.7736 -9.8919
9.2087 80000376300000483 80000376300000478 80000376300000494 80000376300000477 2.5772902716 13.1901 -2.41622 -4.32709
9.18162 80000376300000498 80000376300000497 80000376300000511 80000376300000496 2.89578500573 15.9256 -2.10375 -3.09829
9.00337 80000376300000586 80000376300000585 80000376300000596 80000376300000584 6.01075739884 -2.28365 0.29384 7.78618
9.03463 80000376300000585 80000376300000584 80000376300000596 80000376300000583 5.84661374788 -6.62375 3.38574 5.44489
9.05235 80000376300000584 80000376300000582 80000376300000596 80000376300000581 5.22758097313 -1.44986 0.48443 5.02212
9.10671 80000376300000582 80000376300000581 80000376300000596 80000376300000580 4.99593346816 -9.09689 0.142594 4.57785
9.10926 80000376300000581 80000376300000578 80000376300000596 80000376300000577 4.42803373661 -1.93462 0.664176 1.55738
9.12912 80000376300000578 80000376300000577 80000376300000596 80000376300000576 4.17683491473 -0.433499 0.39485 1.01185
9.13154 80000376300000577 80000376300000574 80000376300000596 80000376300000573 3.70877426464 0.288668 1.44932 -0.351466
9.07766 80000376300000737 80000376300000736 80000376300000750 80000376300000735 5.52976580795 1.24591 4.89244 3.24327
9.07766 80000376300000736 80000376300000732 80000376300000750 80000376300000731 4.66451770247 1.69662 -0.121522 0.967599
9.08038 80000376300000732 80000376300000728 80000376300000750 80000376300000727 3.93726108473 2.71135 -1.35934 0.313097
9.09111 80000376300000728 80000376300000727 80000376300000750 80000376300000726 3.70877426464 3.70803 -3.11765 -0.957256
9.10157 80000376300000727 80000376300000726 80000376300000750 80000376300000725 3.49086136926 2.36655 -3.46453 -0.760214
9.2828 80000376300000726 80000376300000725 80000376300000750 80000376300000724 3.28303305796 36.497 12.1058 8.79344
9.28956 80000376300000725 80000376300000720 80000376300000750 80000376300000719 2.5772902716 3.32836 1.97632 3.58606
9.29457 80000376300000720 80000376300000718 80000376300000750 80000376300000717 2.31611074396 12.6682 0.352745 4.05736
9.04945 80000376300000877 80000376300000876 80000376300000883 80000376300000875 9.00233985416 1.00266 8.99075 1.24518
9.04945 80000376300000876 80000376300000875 80000376300000883 80000376300000874 8.9079991856 0.990832 8.53153 1.42757
9.10671 80000376300000875 80000376300000874 80000376300000883 80000376300000873 8.44947629437 0.7757 6.76686 2.482
9.2862 80000376300000874 80000376300000873 80000376300000883 80000376300000872 8.01217294887 0.53551 11.2702 1.1502
9.34461 80000376300000873 80000376300000872 80000376300000883 80000376300000871 7.59510714987 2.12325 9.86511 0.689199
9.38681 80000376300000872 80000376300000871 80000376300000883 80000376300000870 7.23627606617 1.4381 11.1963 1.93664
9.41408 80000376300000871 80000376300000870 80000376300000883 80000376300000869 7.00541704554 2.74646 8.92995 3.94084
9.42893 80000376300000870 80000376300000869 80000376300000883 80000376300000868 6.85511726265 4.43664 13.6886 2.40182
9.46397 80000376300000869 80000376300000868 80000376300000883 80000376300000867 6.49159774567 3.50178 7.35608 4.43027
9.4651 80000376300000868 80000376300000867 80000376300000883 80000376300000866 6.14490120342 1.32067 7.43002 5.99395
9.48157 80000376300000867 80000376300000866 80000376300000883 80000376300000865 6.01075739884 4.02712 3.48385 3.47943
9.51074 80000376300000866 80000376300000865 80000376300000883 80000376300000864 5.84661374788 3.20453 8.10904 3.48942
9.54651 80000376300000865 80000376300000864 80000376300000883 80000376300000863 5.52976580795 -2.49454 3.49147 -5.43292
9.57783 80000376300000864 80000376300000863 80000376300000883 80000376300000862 5.22758097313 -2.27548 3.31432 -7.95308
9.62445 80000376300000863 80000376300000862 80000376300000883 80000376300000861 4.99593346816 -3.42614 5.42897 -8.97001
9.64268 80000376300000862 80000376300000861 80000376300000883 80000376300000860 4.93938066349 -1.12337 3.15927 -6.52152
9.72384 80000376300000861 80000376300000860 80000376300000883 80000376300000859 4.66451770247 9.574 -2.2527 4.16153
9.78528 80000376300000860 80000376300000859 80000376300000883 80000376300000858 4.42803373661 14.5503 -8.09706 10.2695
9.83483 80000376300000859 80000376300000858 80000376300000883 80000376300000857 4.17683491473 24.0563 -6.98849 10.2307
9.84985 80000376300000858 80000376300000856 80000376300000883 80000376300000855 3.93726108473 12.231 -8.24248 12.1648
9.91169 80000376300000856 80000376300000855 80000376300000883 80000376300000854 3.70877426464 -0.716015 -6.00124 -2.69118
9.93922 80000376300000855 80000376300000854 80000376300000883 80000376300000853 3.49086136926 -2.91078 -9.02858 -3.82927
10.0063 80000376300000854 80000376300000853 80000376300000883 80000376300000852 3.28303305796 -20.8479 -12.5576 -30.8989
10.0267 80000376300000853 80000376300000852 80000376300000883 80000376300000851 3.08482263583 -22.9866 -12.3093 -30.6635
10.0343 80000376300000852 80000376300000851 80000376300000883 80000376300000850 3.00813107163 -18.6609 -15.1201 -27.529
10.0483 80000376300000851 80000376300000850 80000376300000883 80000376300000849 2.89578500573 -21.1087 -15.0961 -29.0787
10.0937 80000376300000850 80000376300000849 80000376300000883 80000376300000848 2.73314261732 -22.8186 -28.7894 -32.2374
10.0974 80000376300000849 80000376300000848 80000376300000883 80000376300000847 2.5772902716 -12.4853 -29.756 -24.0734
10.1008 80000376300000848 80000376300000844 80000376300000883 80000376300000843 2.1032696526 -10.3404 -27.8232 -12.1644
9.01928 80000376300000901 80000376300000900 80000376300000907 80000376300000899 5.84661374788 -3.32182 -0.731819 -15.5293
9.02548 80000376300000900 80000376300000897 80000376300000907 80000376300000896 4.99593346816 -2.36516 -0.45162 -3.14223
9.0098 80000376300000986 80000376300000985 80000376300000997 80000376300000984 5.84661374788 15.2881 6.01893 -4.59146
9.11681 80000376300000985 80000376300000984 80000376300000997 80000376300000983 5.52976580795 10.5795 4.5019 0.666906
9.24362 80000376300000984 80000376300000983 80000376300000997 80000376300000982 5.22758097313 11.7647 4.35803 4.20183
9.35194 80000376300000983 80000376300000982 80000376300000997 80000376300000981 4.99593346816 4.33349 1.19583 7.98965
9.42157 80000376300000982 80000376300000980 80000376300000997 80000376300000979 4.66451770247 -4.22087 7.09931 6.16126
9.45376 80000376300000980 80000376300000979 80000376300000997 80000376300000978 4.42803373661 -3.79742 8.86778 3.33208
9.4606 80000376300000979 80000376300000978 80000376300000997 80000376300000977 4.17683491473 -3.95796 9.73754 2.43317
9.46733 80000376300000978 80000376300000977 80000376300000997 80000376300000976 4.00794511147 0.737263 7.76476 0.109235
9.48692 80000376300000977 80000376300000976 80000376300000997 80000376300000975 3.93726108473 0.532875 6.70817 3.54581
9.50669 80000376300000976 80000376300000975 80000376300000997 80000376300000974 3.70877426464 1.20765 4.71916 4.67604
9.5256 80000376300000975 80000376300000973 80000376300000997 80000376300000972 3.28303305796 -0.366947 8.55778 1.59938
9.5956 80000376300000973 80000376300000972 80000376300000997 80000376300000971 3.08482263583 -7.54928 27.7605 -15.3988
9.09111 80000376300001085 80000376300001084 80000376300001097 80000376300001083 4.93938066349 1.62785 -2.08903 9.98628
9.14578 80000376300001084 80000376300001083 80000376300001097 80000376300001082 4.66451770247 4.62657 0.463502 9.53616
9.20055 80000376300001083 80000376300001082 80000376300001097 80000376300001081 4.42803373661 11.9781 -2.90311 15.9296
9.2361 80000376300001082 80000376300001081 80000376300001097 80000376300001080 4.17683491473 11.3654 -1.69202 15.0971
9.24733 80000376300001081 80000376300001080 80000376300001097 80000376300001079 4.00794511147 11.4543 -0.249312 12.986
9.24918 80000376300001080 80000376300001079 80000376300001097 80000376300001078 3.93726108473 11.2558 -0.254249 10.4765
9.27072 80000376300001079 80000376300001078 80000376300001097 80000376300001077 3.70877426464 10.7947 0.265642 8.94509
9.30115 80000376300001078 80000376300001077 80000376300001097 80000376300001076 3.49086136926 9.12323 0.212556 6.54468
9.38277 80000376300001077 80000376300001076 80000376300001097 80000376300001075 3.28303305796 15.1912 7.32359 12.3389
9.47066 80000376300001076 80000376300001075 80000376300001097 80000376300001074 3.08482263583 9.48265 1.59358 29.6044
9.53523 80000376300001075 80000376300001074 80000376300001097 80000376300001073 3.00813107163 8.90311 12.0424 31.0489
9.58975 80000376300001074 80000376300001073 80000376300001097 80000376300001072 2.89578500573 11.3635 21.82 28.2326
9.64564 80000376300001073 80000376300001072 80000376300001097 80000376300001071 2.73314261732 14.7858 22.786 30.2551
9.72384 80000376300001072 80000376300001071 80000376300001097 80000376300001070 2.5772902716 11.2789 -4.44807 45.696
9.84985 80000376300001071 80000376300001070 80000376300001097 80000376300001069 2.44422570455 16.4658 -58.7096 105.607
9.94556 80000376300001070 80000376300001067 80000376300001097 80000376300001066 2.1032696526 40.0031 -42.1824 70.5205
10.1607 80000376300001067 80000376300001064 80000376300001097 80000376300001063 1.82268925262 24.9835 -57.4005 87.6384
9.05524 80000376300001148 80000376300001147 80000376300001159 80000376300001146 4.42803373661 0.00542523 -2.87109 -3.2836
9.13871 80000376300001147 80000376300001146 80000376300001159 80000376300001145 4.17683491473 3.74954 -0.425968 -9.651
9.17293 80000376300001146 80000376300001145 80000376300001159 80000376300001144 4.00794511147 3.31601 0.88617 -8.21377
9.23799 80000376300001145 80000376300001144 80000376300001159 80000376300001143 3.93726108473 6.25983 -0.459054 -16.5313
9.30763 80000376300001144 80000376300001143 80000376300001159 80000376300001142 3.70877426464 21.0698 9.1944 -29.2655
9.74491 80000376300001143 80000376300001133 80000376300001159 80000376300001132 2.20792547238 9.44544 -5.35669 25.9113
9.99021 80000376300001133 80000376300001131 80000376300001159 80000376300001130 2.00202813925 21.0328 -31.1589 79.2347
10.0908 80000376300001131 80000376300001130 80000376300001159 80000376300001064 1.90408954353 25.7052 -44.9582 84.1804
9.02239 80000376300001173 80000376300001172 80000376300001178 80000376300001171 4.00794511147 15.7878 4.80802 -0.501829
9.03763 80000376300001172 80000376300001171 80000376300001178 80000376300001170 3.93726108473 12.5592 4.28176 -0.224075
9.19848 80000376300001171 80000376300001170 80000376300001178 80000376300001169 3.70877426464 17.1358 18.6667 7.8779
9.26896 80000376300001170 80000376300001164 80000376300001178 80000376300001163 2.73314261732 2.60803 11.0931 7.95927
9.01928 80000376300001280 80000376300001279 80000376300001287 80000376300001278 4.66451770247 -1.62794 -1.16801 -1.33214
9.14108 80000376300001279 80000376300001278 80000376300001287 80000376300001277 4.42803373661 -2.5841 -1.13166 3.63647
9.15956 80000376300001278 80000376300001277 80000376300001287 80000376300001276 4.17683491473 -1.61488 -0.293826 1.61528
9.18376 80000376300001277 80000376300001274 80000376300001287 80000376300001273 3.70877426464 -0.977957 0.636645 -2.84721
9.24918 80000376300001274 80000376300001272 80000376300001287 80000376300001271 3.28303305796 -1.93655 -1.31633 4.41413
9.26187 80000376300001272 80000376300001271 80000376300001287 80000376300001270 3.08482263583 -1.17976 -4.35423 7.01041
9.2742 80000376300001271 80000376300001265 80000376300001287 80000376300001264 2.31611074396 -1.43867 1.35668 2.91371
9.02855 80000376300001384 80000376300001383 80000376300001412 80000376300001382 1.03551044566 22.3718 14.587 8.66204
9.08845 80000376300001383 80000376300001382 80000376300001412 80000376300001381 0.997294225782 27.9587 12.1786 4.56788
9.09898 80000376300001382 80000376300001378 80000376300001412 80000376300001377 0.886896937575 22.7899 10.029 5.23694
9.10415 80000376300001378 80000376300001372 80000376300001412 80000376300001371 0.700106353719 17.8364 3.8448 2.44354
9.11179 80000376300001372 80000376300001370 80000376300001412 80000376300001369 0.644641840685 18.1913 8.47491 2.61464
9.11431 80000376300001370 80000376300001369 80000376300001412 80000376300001368 0.621428745243 19.2444 3.33279 0.7809
9.1573 80000376300001490 80000376300001489 80000376300001521 80000376300001488 1.74357057433 -2.94672 -8.78776 7.45825
9.04945 80000376300001848 80000376300001847 80000376300001856 80000376300001846 2.1032696526 -6.50028 -0.121497 -3.6207
9.12668 80000376300001847 80000376300001845 80000376300001856 80000376300001844 1.90408954353 -5.42387 -2.65777 -2.34606
9.00337 80000376300001927 80000376300001926 80000376300001939 80000376300001925 2.73314261732 3.04457 3.8693 -0.415494
9.0066 80000376300001926 80000376300001922 80000376300001939 80000376300001921 2.20792547238 -2.63857 4.47057 2.19821
9.17293 80000376300002010 80000376300002009 80000376300002031 80000376300002008 1.82268925262 51.5754 -53.9139 -2.76414
9.03763 80000376300002127 80000376300002126 80000376300002139 80000376300002125 4.66451770247 -3.0783 -4.60368 0.842323
9.05524 80000376300002126 80000376300002125 80000376300002139 80000376300002124 4.42803373661 -2.73974 -0.0909912 -1.36497
9.10415 80000376300002125 80000376300002124 80000376300002139 80000376300002123 4.17683491473 -5.00146 -2.6375 -2.49433
9.14578 80000376300002124 80000376300002120 80000376300002139 80000376300002119 3.49086136926 -5.76914 -3.53919 4.28935
9.17946 80000376300002120 80000376300002119 80000376300002139 80000376300002118 3.28303305796 -4.17473 1.04934 3.23005
9.37457 80000376300002119 80000376300002118 80000376300002139 80000376300002117 3.08482263583 -12.7975 -26.1591 -5.4995
9.38815 80000376300002118 80000376300002114 80000376300002139 80000376300002113 2.5772902716 -6.78235 -25.2362 -8.45873
9.39478 80000376300002114 80000376300002113 80000376300002139 80000376300002112 2.44422570455 -3.15151 -23.6176 -7.42443
9.41282 80000376300002113 80000376300002112 80000376300002139 80000376300002111 2.31611074396 -2.79312 -15.5818 -3.80456
9.43015 80000376300002112 80000376300002111 80000376300002139 80000376300002110 2.20792547238 2.70693 -18.3907 -4.32617
9.46621 80000376300002111 80000376300002108 80000376300002139 80000376300002107 1.90408954353 8.19171 -14.4584 -5.0789
9.47396 80000376300002108 80000376300002107 80000376300002139 80000376300002106 1.82268925262 4.46537 -12.5225 -6.54734
9.49536 80000376300002107 80000376300002106 80000376300002139 80000376300002105 1.74357057433 14.8126 -10.6768 -8.2872
9.51475 80000376300002106 80000376300002105 80000376300002139 80000376300002104 1.66666955611 5.50723 -10.7733 -6.21773
9.52851 80000376300002105 80000376300002104 80000376300002139 80000376300002103 1.60423452207 1.45256 -5.16284 -8.01353
9.53618 80000376300002104 80000376300002103 80000376300002139 80000376300002102 1.53123902916 14.9931 -4.65339 -8.99131
9.55569 80000376300002103 80000376300002102 80000376300002139 80000376300002101 1.47197484527 -5.5957 -7.62374 -10.1267
9.56468 80000376300002102 80000376300002101 80000376300002139 80000376300002100 1.41409822037 4.0318 -6.47481 -7.45109
9.5956 80000376300002101 80000376300002099 80000376300002139 80000376300002098 1.30237845991 1.31949 -23.8152 -5.13883
9.62523 80000376300002099 80000376300002098 80000376300002139 80000376300002097 1.24847261425 11.5131 -15.9 -10.8943
9.6573 80000376300002098 80000376300002097 80000376300002139 80000376300002096 1.20625808078 2.55114 -19.5265 -17.992
9.67284 80000376300002097 80000376300002095 80000376300002139 80000376300002094 1.11415056377 21.4771 -43.3732 -10.8947
9.70039 80000376300002095 80000376300002094 80000376300002139 80000376300002093 1.07445789455 18.7762 -42.4465 -16.6509
