logMh | fpID | subhaloID | main leaf ID | descID |  z
9.00012 80000266700000109 80000266700000108 80000266700000111 80000266700000107 12.6747021048 1.89486 -1.69792 1.06272
9.06939 80000266700000108 80000266700000107 80000266700000111 80000266700000106 12.0418635439 2.51345 1.18866 1.14467
9.19013 80000266700000107 80000266700000106 80000266700000111 80000266700000105 11.4973879548 3.29514 3.89159 0.117207
9.30602 80000266700000106 80000266700000104 80000266700000111 80000266700000103 10.3674435724 5.11103 0.482496 1.68375
9.34902 80000266700000104 80000266700000103 80000266700000111 80000266700000102 9.99659046619 7.16147 -1.38422 2.6572
9.44211 80000266700000103 80000266700000102 80000266700000111 80000266700000101 9.84138043947 4.26067 2.62009 1.25384
9.5314 80000266700000102 80000266700000101 80000266700000111 80000266700000100 9.38877127194 10.6498 2.30746 -2.55179
9.59807 80000266700000101 80000266700000100 80000266700000111 80000266700000099 9.00233985416 12.6607 5.79776 -1.77367
9.65151 80000266700000100 80000266700000098 80000266700000111 80000266700000097 8.44947629437 12.2805 9.22588 -4.7648
9.69184 80000266700000098 80000266700000097 80000266700000111 80000266700000096 8.01217294887 13.4086 10.4492 -3.5923
9.77058 80000266700000097 80000266700000096 80000266700000111 80000266700000095 7.59510714987 22.4398 8.41532 -8.63476
9.81728 80000266700000096 80000266700000095 80000266700000111 80000266700000094 7.23627606617 23.6089 5.06714 -11.1492
9.83147 80000266700000095 80000266700000094 80000266700000111 80000266700000093 7.00541704554 25.5966 6.65363 -10.0523
9.86749 80000266700000094 80000266700000093 80000266700000111 80000266700000092 6.85511726265 23.719 14.5432 -16.5927
9.91568 80000266700000093 80000266700000092 80000266700000111 80000266700000091 6.49159774567 28.6215 12.8122 -16.4902
9.9787 80000266700000092 80000266700000091 80000266700000111 80000266700000090 6.14490120342 39.9613 9.05421 -21.5012
10.0053 80000266700000091 80000266700000090 80000266700000111 80000266700000089 6.01075739884 38.8277 12.4143 -21.023
10.0494 80000266700000090 80000266700000089 80000266700000111 80000266700000088 5.84661374788 42.2942 11.0057 -19.5867
10.1571 80000266700000089 80000266700000088 80000266700000111 80000266700000087 5.52976580795 22.6456 18.9483 -20.3306
10.244 80000266700000088 80000266700000087 80000266700000111 80000266700000086 5.22758097313 3.39202 16.3258 -51.7705
10.2864 80000266700000087 80000266700000086 80000266700000111 80000266700000085 4.99593346816 5.13737 13.5642 -44.3438
10.334 80000266700000086 80000266700000085 80000266700000111 80000266700000084 4.93938066349 -17.4493 12.4037 -40.2709
10.4618 80000266700000085 80000266700000084 80000266700000111 80000266700000083 4.66451770247 -58.8716 31.2001 -26.7225
10.5673 80000266700000084 80000266700000083 80000266700000111 80000266700000082 4.42803373661 -86.7455 45.8451 -19.931
10.6232 80000266700000083 80000266700000082 80000266700000111 80000266700000081 4.17683491473 -60.1014 72.1933 -46.5811
10.6516 80000266700000082 80000266700000081 80000266700000111 80000266700000080 4.00794511147 -51.3978 65.8708 -59.2055
10.6772 80000266700000081 80000266700000080 80000266700000111 80000266700000079 3.93726108473 -41.8061 77.1645 -63.0541
10.7201 80000266700000080 80000266700000079 80000266700000111 80000266700000078 3.70877426464 -40.107 79.1637 -59.3593
10.74 80000266700000079 80000266700000078 80000266700000111 80000266700000077 3.49086136926 -17.9558 101.262 -83.7167
10.7631 80000266700000078 80000266700000077 80000266700000111 80000266700000076 3.28303305796 -24.3615 91.8141 -83.9858
10.7816 80000266700000077 80000266700000076 80000266700000111 80000266700000075 3.08482263583 -36.4234 93.6796 -72.5854
10.7998 80000266700000076 80000266700000073 80000266700000111 80000266700000072 2.73314261732 -63.1818 75.0558 -24.9078
10.8166 80000266700000073 80000266700000072 80000266700000111 80000266700000071 2.5772902716 -52.1749 56.0321 -38.9513
10.8704 80000266700000072 80000266700000071 80000266700000111 80000266700000070 2.44422570455 -31.0214 50.7308 -55.401
10.9688 80000266700000071 80000266700000070 80000266700000111 80000266700000069 2.31611074396 -28.9373 -16.3034 -22.9618
11.023 80000266700000070 80000266700000069 80000266700000111 80000266700000068 2.20792547238 -22.9998 -23.4483 -19.2282
11.0449 80000266700000069 80000266700000068 80000266700000111 80000266700000067 2.1032696526 -9.32901 -30.5241 -22.6028
11.0875 80000266700000068 80000266700000067 80000266700000111 80000266700000066 2.00202813925 -30.5432 -31.4929 -2.2433
11.1263 80000266700000067 80000266700000066 80000266700000111 80000266700000065 1.90408954353 -132.529 -42.7977 70.9186
11.1668 80000266700000066 80000266700000065 80000266700000111 80000266700000064 1.82268925262 -194.085 -129.472 164.133
11.1795 80000266700000065 80000266700000064 80000266700000111 80000266700000063 1.74357057433 -186.298 -192.262 186.615
11.19 80000266700000064 80000266700000063 80000266700000111 80000266700000062 1.66666955611 -191.483 -204.173 227.532
11.1917 80000266700000063 80000266700000062 80000266700000111 80000266700000061 1.60423452207 -201.012 -218.659 239.435
11.2085 80000266700000062 80000266700000061 80000266700000111 80000266700000060 1.53123902916 -215.288 -194.256 251.589
11.2249 80000266700000061 80000266700000059 80000266700000111 80000266700000058 1.41409822037 -203.849 -155.444 220.033
11.2373 80000266700000059 80000266700000058 80000266700000111 80000266700000057 1.3575766674 -203.713 -167.76 226.75
11.2427 80000266700000058 80000266700000057 80000266700000111 80000266700000056 1.30237845991 -175.21 -140.374 231.89
11.2439 80000266700000057 80000266700000054 80000266700000111 80000266700000053 1.15460271236 -137.247 -116.449 237.325
11.2562 80000266700000054 80000266700000053 80000266700000111 80000266700000052 1.11415056377 -132.672 -120.987 254.256
11.2675 80000266700000053 80000266700000052 80000266700000111 80000266700000051 1.07445789455 -147.517 -120.9 254.139
11.282 80000266700000052 80000266700000050 80000266700000111 80000266700000049 0.997294225782 -180.375 -93.6291 238.457
11.2824 80000266700000050 80000266700000049 80000266700000111 80000266700000048 0.987852810816 -176.009 -85.8674 227.829
11.2957 80000266700000049 80000266700000048 80000266700000111 80000266700000047 0.950531351585 -154.124 -70.5291 233.024
11.2999 80000266700000048 80000266700000047 80000266700000111 80000266700000046 0.923000816178 -160.444 -73.2446 241.949
11.3104 80000266700000047 80000266700000046 80000266700000111 80000266700000045 0.886896937575 -154.828 -81.9327 252.6
11.3181 80000266700000046 80000266700000045 80000266700000111 80000266700000044 0.851470900625 -155.982 -108.45 259.294
11.3319 80000266700000045 80000266700000044 80000266700000111 80000266700000043 0.816709979012 -155.881 -104.571 257.404
11.3448 80000266700000044 80000266700000043 80000266700000111 80000266700000042 0.791068248946 -172.011 -111.793 269.911
11.3532 80000266700000043 80000266700000042 80000266700000111 80000266700000041 0.757441372616 -171.492 -98.27 266.168
11.3549 80000266700000042 80000266700000040 80000266700000111 80000266700000039 0.700106353719 -191.462 -148.283 263.979
11.3566 80000266700000040 80000266700000038 80000266700000111 80000266700000037 0.644641840685 -211.046 -175.551 263.939
11.358 80000266700000038 80000266700000036 80000266700000111 80000266700000035 0.598543288188 -220.057 -191.733 269.321
11.36 80000266700000036 80000266700000033 80000266700000111 80000266700000032 0.524565820434 -231.167 -168.888 237.326
11.3628 80000266700000033 80000266700000030 80000266700000111 80000266700000029 0.460917794181 -255.097 -186.879 288.927
11.3653 80000266700000030 80000266700000029 80000266700000111 80000266700000028 0.440297849248 -266.278 -176.471 284.759
11.3742 80000266700000029 80000266700000028 80000266700000111 80000266700000027 0.419968941997 -270.999 -175.571 301.82
11.3747 80000266700000028 80000266700000027 80000266700000111 80000266700000026 0.399926964614 -268.416 -164.427 312.282
11.3802 80000266700000027 80000266700000026 80000266700000111 80000266700000025 0.38016786726 -267.751 -154.462 296.174
11.3829 80000266700000026 80000266700000025 80000266700000111 80000266700000024 0.360687657262 -285.125 -150.276 320.881
11.386 80000266700000025 80000266700000024 80000266700000111 80000266700000023 0.347853841858 -274.987 -144.205 307.174
11.3876 80000266700000024 80000266700000023 80000266700000111 80000266700000022 0.328829724206 -260.02 -136.559 298.697
11.3976 80000266700000023 80000266700000022 80000266700000111 80000266700000021 0.310074120128 -223.986 -141.985 339.469
11.4049 80000266700000022 80000266700000021 80000266700000111 80000266700000020 0.291583239722 -234.741 -123.299 348.244
11.4095 80000266700000021 80000266700000020 80000266700000111 80000266700000019 0.273353346578 -267.863 -126.438 328.063
11.4121 80000266700000020 80000266700000019 80000266700000111 80000266700000018 0.261343256161 -250.848 -124.697 331.894
11.4179 80000266700000019 80000266700000018 80000266700000111 80000266700000017 0.243540181555 -153.955 -105.648 354.168
11.4182 80000266700000018 80000266700000017 80000266700000111 80000266700000016 0.22598838626 -237.458 -124.729 347.314
11.4205 80000266700000017 80000266700000016 80000266700000111 80000266700000015 0.214425035514 -222.311 -119.672 349.978
11.421 80000266700000016 80000266700000015 80000266700000111 80000266700000014 0.197284182376 -216.717 -122.568 333.823
11.4254 80000266700000015 80000266700000014 80000266700000111 80000266700000013 0.180385261706 -217.345 -124.577 346.606
11.4273 80000266700000014 80000266700000013 80000266700000111 80000266700000012 0.169252033244 -203.295 -112.099 352.179
11.4276 80000266700000013 80000266700000012 80000266700000111 80000266700000011 0.152748768902 -197.669 -119.274 336.824
11.4338 80000266700000012 80000266700000011 80000266700000111 80000266700000010 0.14187620397 -210.918 -127.89 339.264
11.436 80000266700000011 80000266700000010 80000266700000111 80000266700000009 0.125759332411 -205.182 -127.21 345.468
11.4367 80000266700000010 80000266700000009 80000266700000111 80000266700000008 0.109869940459 -193.022 -124.757 339.184
11.4401 80000266700000009 80000266700000008 80000266700000111 80000266700000007 0.0994018026302 -174.298 -123.795 342.727
11.4455 80000266700000008 80000266700000007 80000266700000111 80000266700000006 0.0838844307975 -167.081 -135.417 349.931
11.4489 80000266700000007 80000266700000006 80000266700000111 80000266700000005 0.0736613846564 -163.408 -128.699 360.91
11.4537 80000266700000006 80000266700000005 80000266700000111 80000266700000004 0.0585073227945 -166.654 -141.628 358.95
11.4574 80000266700000005 80000266700000003 80000266700000111 80000266700000002 0.0337243718735 -148.054 -131.385 369.308
11.4579 80000266700000003 80000266700000002 80000266700000111 80000266700000001 0.0239744283828 -162.469 -137.174 375.661
11.4616 80000266700000002 80000266700000001 80000266700000111 80000266700000000 0.00952166696794 -157.488 -135.164 374.501
9.14811 80000266700000137 80000266700000136 80000266700000140 80000266700000135 9.84138043947 -5.30431 -3.24221 0.399619
9.26187 80000266700000136 80000266700000135 80000266700000140 80000266700000134 9.38877127194 -6.99509 -14.1478 -5.31813
9.31083 80000266700000135 80000266700000130 80000266700000140 80000266700000129 7.59510714987 -4.55587 -1.46665 0.865915
9.34016 80000266700000130 80000266700000126 80000266700000140 80000266700000125 6.49159774567 -1.80522 -2.93878 3.4115
9.09898 80000266700000185 80000266700000184 80000266700000187 80000266700000183 10.3674435724 -2.38291 -8.44471 3.91072
9.10157 80000266700000184 80000266700000183 80000266700000187 80000266700000182 9.99659046619 -1.39507 0.289294 1.98111
9.10415 80000266700000183 80000266700000182 80000266700000187 80000266700000181 9.84138043947 -1.73117 -0.0803982 2.39264
9.19433 80000266700000182 80000266700000181 80000266700000187 80000266700000180 9.38877127194 -1.30992 -9.50905 6.14089
9.24918 80000266700000181 80000266700000180 80000266700000187 80000266700000179 9.00233985416 -7.04793 -1.66438 5.33424
9.38412 80000266700000180 80000266700000179 80000266700000187 80000266700000178 8.9079991856 -11.5992 4.0908 0.488608
9.42771 80000266700000179 80000266700000178 80000266700000187 80000266700000177 8.44947629437 0.312398 8.83288 -7.09752
9.54091 80000266700000178 80000266700000176 80000266700000187 80000266700000175 7.59510714987 -3.39191 10.9607 -6.96721
9.69449 80000266700000176 80000266700000175 80000266700000187 80000266700000174 7.23627606617 -0.161501 7.89807 -11.8373
9.73899 80000266700000175 80000266700000173 80000266700000187 80000266700000172 6.85511726265 3.53352 8.30514 -8.53227
9.80003 80000266700000173 80000266700000172 80000266700000187 80000266700000171 6.49159774567 -2.61655 6.38688 2.54975
9.87102 80000266700000172 80000266700000171 80000266700000187 80000266700000170 6.14490120342 -0.607243 5.71712 7.42305
9.89621 80000266700000171 80000266700000170 80000266700000187 80000266700000169 6.01075739884 -4.98858 5.71 4.9025
9.91488 80000266700000170 80000266700000169 80000266700000187 80000266700000168 5.84661374788 -3.49716 6.47819 4.21578
9.99221 80000266700000169 80000266700000168 80000266700000187 80000266700000167 5.52976580795 -2.42397 6.66912 0.861318
10.0233 80000266700000168 80000266700000167 80000266700000187 80000266700000166 5.22758097313 -4.12624 11.1006 1.50442
9.06939 80000266700000282 80000266700000281 80000266700000289 80000266700000280 7.23627606617 -13.7181 17.4577 4.13927
9.09375 80000266700000281 80000266700000280 80000266700000289 80000266700000279 7.00541704554 -11.2254 15.5546 2.73076
9.14108 80000266700000280 80000266700000279 80000266700000289 80000266700000278 6.85511726265 -15.0148 16.7925 2.32231
9.19433 80000266700000279 80000266700000278 80000266700000289 80000266700000277 6.49159774567 -13.8236 21.0476 3.01921
9.23799 80000266700000278 80000266700000277 80000266700000289 80000266700000276 6.14490120342 -13.7025 22.9863 -1.26308
9.25828 80000266700000277 80000266700000276 80000266700000289 80000266700000275 6.01075739884 -15.8889 27.1341 0.168331
9.2828 80000266700000276 80000266700000275 80000266700000289 80000266700000274 5.84661374788 -14.8169 28.3395 2.85396
9.26896 80000266700000297 80000266700000296 80000266700000309 80000266700000295 4.00794511147 35.9621 5.51345 -18.3505
9.00012 80000266700000376 80000266700000375 80000266700000384 80000266700000374 5.22758097313 2.06575 -4.21339 4.51023
9.13871 80000266700000375 80000266700000374 80000266700000384 80000266700000373 4.99593346816 -2.98976 -24.2897 11.0699
9.17512 80000266700000374 80000266700000372 80000266700000384 80000266700000371 4.66451770247 -5.4285 -7.13847 12.5697
9.3974 80000266700000372 80000266700000371 80000266700000384 80000266700000370 4.42803373661 48.344 4.1302 -16.8883
9.08578 80000266700000413 80000266700000412 80000266700000423 80000266700000411 6.01075739884 1.72622 25.1136 4.15422
9.21272 80000266700000412 80000266700000410 80000266700000423 80000266700000409 5.52976580795 2.41331 13.434 2.17736
9.23988 80000266700000410 80000266700000409 80000266700000423 80000266700000408 5.22758097313 5.47867 8.77172 5.48493
9.24175 80000266700000409 80000266700000408 80000266700000423 80000266700000407 4.99593346816 7.04029 8.68731 2.86246
9.33111 80000266700000408 80000266700000406 80000266700000423 80000266700000405 4.66451770247 -1.436 12.7703 7.91645
9.53044 80000266700000406 80000266700000405 80000266700000423 80000266700000404 4.42803373661 -3.52924 30.2256 19.7655
9.53618 80000266700000405 80000266700000404 80000266700000423 80000266700000403 4.17683491473 -6.76045 27.6323 18.8731
9.56735 80000266700000404 80000266700000403 80000266700000423 80000266700000402 4.00794511147 -4.88378 29.5096 25.7843
9.62523 80000266700000403 80000266700000400 80000266700000423 80000266700000399 3.49086136926 -4.02766 27.9747 24.5443
9.62831 80000266700000400 80000266700000397 80000266700000423 80000266700000396 3.00813107163 11.4005 29.3713 44.3089
9.00012 80000266700000510 80000266700000509 80000266700000521 80000266700000508 4.99593346816 2.68486 1.57107 3.28962
9.05235 80000266700000509 80000266700000506 80000266700000521 80000266700000505 4.42803373661 -2.57819 -2.21411 0.839263
9.14811 80000266700000506 80000266700000505 80000266700000521 80000266700000504 4.17683491473 -2.09061 0.190597 -13.7283
9.15502 80000266700000505 80000266700000503 80000266700000521 80000266700000502 3.93726108473 -1.86915 -1.15786 -18.3897
9.21472 80000266700000503 80000266700000502 80000266700000521 80000266700000501 3.70877426464 0.432765 -2.1319 -14.0783
9.26008 80000266700000502 80000266700000501 80000266700000521 80000266700000500 3.49086136926 -0.646437 -4.25381 -13.346
10.2585 80000266700000501 80000266700000496 80000266700000521 80000266700000495 2.73314261732 52.4941 -57.9101 -123.402
9.05811 80000266700000535 80000266700000534 80000266700000542 80000266700000533 4.93938066349 4.93634 -2.13195 -6.14019
9.12668 80000266700000534 80000266700000531 80000266700000542 80000266700000530 4.17683491473 1.48901 -1.77904 -2.31724
9.12912 80000266700000531 80000266700000529 80000266700000542 80000266700000528 3.93726108473 3.32456 0.958513 -2.80934
9.24918 80000266700000529 80000266700000528 80000266700000542 80000266700000527 3.70877426464 0.802722 8.73755 -4.82432
9.28788 80000266700000528 80000266700000527 80000266700000542 80000266700000526 3.49086136926 0.0312654 10.6196 -8.3495
9.30115 80000266700000527 80000266700000526 80000266700000542 80000266700000525 3.28303305796 1.16311 12.7092 -6.44952
9.45145 80000266700000526 80000266700000525 80000266700000542 80000266700000524 3.08482263583 -6.5006 4.73498 17.5146
9.2361 80000266700000593 80000266700000592 80000266700000605 80000266700000591 5.22758097313 12.3258 0.0944423 10.9107
9.3974 80000266700000592 80000266700000588 80000266700000605 80000266700000587 4.42803373661 22.9147 -4.13545 12.977
9.53902 80000266700000588 80000266700000587 80000266700000605 80000266700000586 4.17683491473 24.9352 -7.13189 13.4263
9.58638 80000266700000587 80000266700000585 80000266700000605 80000266700000584 3.93726108473 3.50752 -2.4282 26.9774
9.717 80000266700000585 80000266700000584 80000266700000605 80000266700000583 3.70877426464 6.54706 -6.1965 -12.0903
9.80925 80000266700000584 80000266700000582 80000266700000605 80000266700000581 3.28303305796 5.78622 -3.88308 -18.3627
9.99881 80000266700000582 80000266700000580 80000266700000605 80000266700000579 3.00813107163 40.0829 -20.6904 -88.4077
10.0462 80000266700000580 80000266700000579 80000266700000605 80000266700000578 2.89578500573 39.0582 -27.7511 -114.346
10.278 80000266700000579 80000266700000577 80000266700000605 80000266700000576 2.5772902716 52.419 -39.524 -130.536
9.07216 80000266700000620 80000266700000619 80000266700000624 80000266700000618 4.00794511147 9.02175 -9.01293 9.90954
9.07766 80000266700000619 80000266700000618 80000266700000624 80000266700000617 3.93726108473 9.00376 -8.58344 9.54985
9.02855 80000266700000749 80000266700000748 80000266700000761 80000266700000747 6.01075739884 0.644867 3.12607 -0.279427
9.04945 80000266700000748 80000266700000747 80000266700000761 80000266700000746 5.84661374788 0.772187 2.96624 0.0972022
9.10671 80000266700000747 80000266700000746 80000266700000761 80000266700000745 5.52976580795 -1.81479 3.03505 0.247679
9.11681 80000266700000746 80000266700000744 80000266700000761 80000266700000743 4.99593346816 3.12288 5.79982 4.2745
9.12668 80000266700000744 80000266700000743 80000266700000761 80000266700000742 4.93938066349 7.1865 5.52727 5.13574
9.18376 80000266700000743 80000266700000742 80000266700000761 80000266700000741 4.66451770247 0.525644 2.12834 4.00829
9.19223 80000266700000742 80000266700000736 80000266700000761 80000266700000735 3.49086136926 4.47145 5.46307 7.42504
9.25284 80000266700000787 80000266700000786 80000266700000800 80000266700000785 3.70877426464 -1.41095 -12.3156 -6.97801
9.33866 80000266700000786 80000266700000779 80000266700000800 80000266700000778 2.5772902716 -7.69497 14.0021 -9.41398
9.01614 80000266700000831 80000266700000830 80000266700000851 80000266700000829 2.5772902716 4.00161 4.28306 2.058
9.06378 80000266700000830 80000266700000829 80000266700000851 80000266700000828 2.44422570455 0.961553 6.52555 5.208
9.07216 80000266700000829 80000266700000827 80000266700000851 80000266700000826 2.20792547238 4.81217 6.28466 2.48732
9.07216 80000266700000827 80000266700000826 80000266700000851 80000266700000825 2.1032696526 5.9131 8.28065 4.53979
9.0666 80000266700000868 80000266700000867 80000266700000885 80000266700000866 2.20792547238 20.0279 -13.193 16.0944
9.04653 80000266700000887 80000266700000886 80000266700000906 80000266700000867 2.31611074396 28.9729 -6.97311 22.3681
9.02855 80000266700000941 80000266700000940 80000266700000954 80000266700000939 4.00794511147 -1.00786 -9.49034 -16.1401
9.11431 80000266700000940 80000266700000939 80000266700000954 80000266700000938 3.93726108473 -1.68704 -21.7243 -16.4848
9.15273 80000266700000939 80000266700000936 80000266700000954 80000266700000935 3.28303305796 5.77562 -1.98384 -0.836452
9.25101 80000266700000936 80000266700000935 80000266700000954 80000266700000934 3.08482263583 3.07893 -11.6367 -2.57013
9.2811 80000266700000935 80000266700000933 80000266700000954 80000266700000932 2.89578500573 4.13375 -3.45135 1.0317
9.35483 80000266700000933 80000266700000932 80000266700000954 80000266700000931 2.73314261732 5.49794 -6.7226 6.03466
9.4026 80000266700000932 80000266700000928 80000266700000954 80000266700000927 2.20792547238 0.381964 -6.73712 12.6982
9.05524 80000266700001140 80000266700001139 80000266700001143 80000266700001138 6.85511726265 0.365913 -4.62837 -2.43727
9.23988 80000266700001139 80000266700001138 80000266700001143 80000266700001137 6.49159774567 -4.69032 1.90317 -9.36765
9.3044 80000266700001138 80000266700001137 80000266700001143 80000266700001136 6.14490120342 -5.51311 4.41918 -6.88461
9.36056 80000266700001137 80000266700001136 80000266700001143 80000266700001135 6.01075739884 -6.02438 2.29202 -7.18928
9.39214 80000266700001136 80000266700001135 80000266700001143 80000266700001134 5.84661374788 -1.89109 0.331251 -6.49853
9.42893 80000266700001135 80000266700001134 80000266700001143 80000266700001133 5.52976580795 -3.99935 -0.29116 -2.26354
9.56021 80000266700001134 80000266700001133 80000266700001143 80000266700001132 5.22758097313 -4.80008 1.86366 -10.0782
9.59394 80000266700001133 80000266700001132 80000266700001143 80000266700001131 4.99593346816 -5.19407 0.12724 -8.45735
9.60462 80000266700001132 80000266700001131 80000266700001143 80000266700001130 4.93938066349 -4.5677 -1.65919 -7.90999
9.68784 80000266700001131 80000266700001129 80000266700001143 80000266700001128 4.42803373661 -5.60455 0.737729 -8.11597
9.75306 80000266700001129 80000266700001128 80000266700001143 80000266700001127 4.17683491473 -7.16824 0.94656 -9.14871
9.79795 80000266700001128 80000266700001127 80000266700001143 80000266700001126 4.00794511147 -4.68539 -8.20723 -4.99582
9.81478 80000266700001127 80000266700001126 80000266700001143 80000266700001125 3.93726108473 -5.20809 -5.49835 -3.62248
9.82663 80000266700001126 80000266700001125 80000266700001143 80000266700001124 3.70877426464 -4.85234 -5.00672 -2.19226
9.85718 80000266700001125 80000266700001124 80000266700001143 80000266700001123 3.49086136926 -4.27311 -4.43544 -2.17
9.89704 80000266700001124 80000266700001123 80000266700001143 80000266700001122 3.28303305796 -6.04567 1.09491 -7.75461
9.94741 80000266700001123 80000266700001122 80000266700001143 80000266700001121 3.08482263583 -5.46042 -0.884695 -9.54843
9.97525 80000266700001122 80000266700001120 80000266700001143 80000266700001119 2.89578500573 -9.64635 -4.8569 -10.3209
10.0258 80000266700001120 80000266700001119 80000266700001143 80000266700001118 2.73314261732 -23.7296 -13.6568 -31.97
10.0526 80000266700001119 80000266700001118 80000266700001143 80000266700001117 2.5772902716 -22.6831 -22.1587 -32.8611
10.099 80000266700001118 80000266700001117 80000266700001143 80000266700001116 2.44422570455 -27.2433 -41.3717 -41.2832
10.2071 80000266700001117 80000266700001115 80000266700001143 80000266700001114 2.20792547238 -34.346 -30.1796 -43.2289
10.2946 80000266700001115 80000266700001114 80000266700001143 80000266700001113 2.1032696526 -70.3941 -37.9792 -95.4256
9.0316 80000266700001185 80000266700001184 80000266700001191 80000266700001183 3.28303305796 -8.71136 -5.10007 1.57175
9.05235 80000266700001184 80000266700001183 80000266700001191 80000266700001182 3.08482263583 -7.43358 -4.37911 0.834971
9.08578 80000266700001183 80000266700001182 80000266700001191 80000266700001181 3.00813107163 -6.7808 -5.69753 2.2808
9.0098 80000266700001235 80000266700001234 80000266700001238 80000266700001233 6.85511726265 -4.28169 5.37994 -2.2155
9.08038 80000266700001234 80000266700001233 80000266700001238 80000266700001232 6.49159774567 -3.95128 3.07622 2.61819
9.33566 80000266700001233 80000266700001232 80000266700001238 80000266700001231 6.14490120342 1.11111 -5.02799 15.976
9.48049 80000266700001232 80000266700001230 80000266700001238 80000266700001229 5.84661374788 2.53901 -1.00979 19.6343
9.57956 80000266700001230 80000266700001228 80000266700001238 80000266700001227 5.22758097313 7.3445 -21.8305 12.1957
9.59972 80000266700001228 80000266700001226 80000266700001238 80000266700001225 4.93938066349 7.12702 -20.8648 10.3605
9.61663 80000266700001226 80000266700001225 80000266700001238 80000266700001224 4.66451770247 6.60362 -12.0846 12.3928
9.62754 80000266700001225 80000266700001224 80000266700001238 80000266700001223 4.42803373661 3.55369 -11.9439 12.428
9.66443 80000266700001224 80000266700001223 80000266700001238 80000266700001222 4.17683491473 4.86027 -11.341 17.8713
9.67422 80000266700001223 80000266700001222 80000266700001238 80000266700001221 4.00794511147 1.32973 -6.98113 19.3642
9.67835 80000266700001222 80000266700001220 80000266700001238 80000266700001219 3.70877426464 2.28015 0.426764 17.7705
9.69843 80000266700001220 80000266700001219 80000266700001238 80000266700001218 3.49086136926 -1.43086 -3.65834 5.9648
9.72691 80000266700001219 80000266700001217 80000266700001238 80000266700001216 3.08482263583 2.51951 -9.49112 8.19702
9.75822 80000266700001217 80000266700001216 80000266700001238 80000266700001215 3.00813107163 -3.23078 -9.67851 3.96929
9.80721 80000266700001216 80000266700001214 80000266700001238 80000266700001213 2.73314261732 -17.7849 0.438465 -15.4763
9.82075 80000266700001214 80000266700001213 80000266700001238 80000266700001212 2.5772902716 -14.1168 -3.66357 -12.8846
9.90646 80000266700001213 80000266700001211 80000266700001238 80000266700001210 2.31611074396 -7.57582 3.99572 11.1075
9.47396 80000266700001240 80000266700001239 80000266700001250 80000266700001228 5.52976580795 6.72582 -1.22296 17.2816
9.07216 80000266700001355 80000266700001354 80000266700001364 80000266700001353 4.17683491473 1.69717 10.039 -8.19367
9.07216 80000266700001354 80000266700001353 80000266700001364 80000266700001352 4.00794511147 2.29317 8.10948 -5.3016
9.12424 80000266700001353 80000266700001350 80000266700001364 80000266700001349 3.49086136926 -1.01617 6.79593 -8.59102
9.12668 80000266700001350 80000266700001349 80000266700001364 80000266700001348 3.28303305796 -3.05953 4.44668 -10.0729
9.21272 80000266700001349 80000266700001340 80000266700001364 80000266700001339 2.1032696526 -0.0835338 34.6821 -4.41152
9.2342 80000266700001340 80000266700001339 80000266700001364 80000266700001338 2.00202813925 -2.90136 34.6759 -0.797182
9.2929 80000266700001339 80000266700001338 80000266700001364 80000266700001337 1.90408954353 -10.713 15.2642 11.3209
9.33111 80000266700001338 80000266700001336 80000266700001364 80000266700001335 1.74357057433 -9.46762 15.76 4.89443
9.34461 80000266700001336 80000266700001335 80000266700001364 80000266700001334 1.66666955611 -6.84685 21.1615 2.23791
9.35771 80000266700001335 80000266700001333 80000266700001364 80000266700001332 1.53123902916 -15.4693 14.0905 2.69185
9.06096 80000266700001520 80000266700001519 80000266700001530 80000266700001518 2.1032696526 3.36726 -5.91056 2.18853
9.08038 80000266700001519 80000266700001517 80000266700001530 80000266700001516 1.90408954353 5.60171 -8.93936 -0.64509
9.09898 80000266700001517 80000266700001515 80000266700001530 80000266700001514 1.74357057433 7.21746 -5.94402 -4.9401
9.01928 80000266700001613 80000266700001612 80000266700001631 80000266700001611 3.08482263583 2.58589 4.80404 -3.9886
9.02855 80000266700001612 80000266700001611 80000266700001631 80000266700001610 3.00813107163 3.07882 8.30707 -6.72016
9.0666 80000266700001611 80000266700001610 80000266700001631 80000266700001609 2.89578500573 1.00272 9.21797 -10.363
9.07766 80000266700001610 80000266700001608 80000266700001631 80000266700001607 2.5772902716 -2.49874 10.4211 -4.08787
9.27072 80000266700001608 80000266700001607 80000266700001631 80000266700001606 2.44422570455 -8.44249 17.0686 -6.92016
9.35338 80000266700001607 80000266700001606 80000266700001631 80000266700001605 2.31611074396 -15.6926 35.9904 -13.9923
9.37181 80000266700001606 80000266700001605 80000266700001631 80000266700001604 2.20792547238 -18.5227 37.1659 -14.9118
9.41282 80000266700001605 80000266700001604 80000266700001631 80000266700001603 2.1032696526 -17.8898 35.1437 -11.7401
9.41909 80000266700001604 80000266700001602 80000266700001631 80000266700001601 1.90408954353 -13.8549 32.8348 -10.4745
9.42404 80000266700001602 80000266700001601 80000266700001631 80000266700001600 1.82268925262 -11.9823 33.7691 -10.237
9.46172 80000266700001601 80000266700001600 80000266700001631 80000266700001599 1.74357057433 -11.4482 38.2693 -8.85032
9.47066 80000266700001600 80000266700001598 80000266700001631 80000266700001597 1.60423452207 -4.72206 37.2799 -0.22495
9.47396 80000266700001598 80000266700001597 80000266700001631 80000266700001596 1.53123902916 -5.86044 35.0362 1.25014
