logMh | fpID | subhaloID | main leaf ID | descID |  z
9.05524 70000090000004466 70000090000004465 70000090000004472 70000090000004464 8.01217294887 2.98445 -2.36232 -4.5151
9.12424 70000090000004465 70000090000004464 70000090000004472 70000090000004463 7.59510714987 3.20454 -2.1673 -3.96014
9.18589 70000090000004464 70000090000004463 70000090000004472 70000090000004462 7.23627606617 2.15757 -3.50289 -6.15345
9.26365 70000090000004463 70000090000004462 70000090000004472 70000090000004461 7.00541704554 1.30424 -4.37557 -7.21082
9.35914 70000090000004462 70000090000004460 70000090000004472 70000090000004459 6.49159774567 -0.686683 -0.445308 -0.678765
9.37869 70000090000004460 70000090000004459 70000090000004472 70000090000004458 6.14490120342 -1.72017 -2.83981 0.386646
9.37869 70000090000004459 70000090000004458 70000090000004472 70000090000004457 6.01075739884 -2.35285 -3.04033 2.37355
9.40774 70000090000004458 70000090000004457 70000090000004472 70000090000004456 5.84661374788 -2.76442 -2.73552 1.10025
9.55931 70000090000004457 70000090000004456 70000090000004472 70000090000004455 5.52976580795 -15.9361 -10.4328 0.782905
9.75306 70000090000004456 70000090000004455 70000090000004472 70000090000004454 5.22758097313 -11.7409 -2.00371 0.276628
9.81127 70000090000004455 70000090000004454 70000090000004472 70000090000004453 4.99593346816 -25.5374 10.9065 19.5125
9.87278 70000090000004454 70000090000004453 70000090000004472 70000090000004452 4.93938066349 -44.9792 14.2218 27.1661
9.94667 70000090000004453 70000090000004452 70000090000004472 70000090000004451 4.66451770247 -42.1004 10.9243 29.8565
10.0111 70000090000004452 70000090000004451 70000090000004472 70000090000004450 4.42803373661 -38.6648 14.1305 28.5859
10.0252 70000090000004451 70000090000004450 70000090000004472 70000090000004449 4.17683491473 -39.6622 5.81311 21.3305
10.0686 70000090000004450 70000090000004449 70000090000004472 70000090000004448 4.00794511147 -40.033 -8.11526 25.5129
10.0779 70000090000004449 70000090000004448 70000090000004472 70000090000004447 3.93726108473 -40.7938 -18.258 35.9341
10.1054 70000090000004448 70000090000004447 70000090000004472 70000090000004446 3.70877426464 -29.4008 27.2637 10.1902
10.1351 70000090000004447 70000090000004446 70000090000004472 70000090000004445 3.49086136926 -7.72467 -6.94879 -3.69933
10.3047 70000090000004446 70000090000004445 70000090000004472 70000090000004444 3.28303305796 -49.3041 -41.1921 -12.3036
10.3492 70000090000004445 70000090000004444 70000090000004472 70000090000004443 3.08482263583 17.625 -31.9051 8.53141
10.3624 70000090000004444 70000090000004441 70000090000004472 70000090000004440 2.73314261732 5.52355 -34.6678 13.3093
10.3837 70000090000004441 70000090000004440 70000090000004472 70000090000004439 2.5772902716 0.450304 -26.4375 15.0811
10.3904 70000090000004440 70000090000004439 70000090000004472 70000090000004438 2.44422570455 11.3143 -23.7483 4.24797
10.428 70000090000004439 70000090000004438 70000090000004472 70000090000004437 2.31611074396 -5.24479 -23.8078 27.7683
10.4555 70000090000004438 70000090000004437 70000090000004472 70000090000004436 2.20792547238 -13.2822 -34.5394 21.5497
10.5013 70000090000004437 70000090000004436 70000090000004472 70000090000004435 2.1032696526 -52.4146 -48.3332 58.1658
10.5349 70000090000004436 70000090000004435 70000090000004472 70000090000004434 2.00202813925 -66.4543 -45.3206 40.7273
10.5843 70000090000004435 70000090000004434 70000090000004472 70000090000004433 1.90408954353 -30.6595 -65.0775 39.0029
10.6146 70000090000004434 70000090000004433 70000090000004472 70000090000004432 1.82268925262 -14.2487 -63.102 54.1495
10.66 70000090000004433 70000090000004432 70000090000004472 70000090000004431 1.74357057433 -6.31126 -86.3622 42.8376
10.6858 70000090000004432 70000090000004431 70000090000004472 70000090000004430 1.66666955611 -16.0634 -100.377 70.9906
10.7529 70000090000004431 70000090000004429 70000090000004472 70000090000004428 1.53123902916 -102.999 -118.65 82.7152
10.7964 70000090000004429 70000090000004428 70000090000004472 70000090000004427 1.47197484527 -135.952 -170.615 49.8582
10.8356 70000090000004428 70000090000004427 70000090000004472 70000090000004426 1.41409822037 -138.33 -215.285 6.45821
10.8613 70000090000004427 70000090000004426 70000090000004472 70000090000004425 1.3575766674 -140.44 -262.488 11.6572
10.9034 70000090000004426 70000090000004425 70000090000004472 70000090000004424 1.30237845991 -104.305 -284.343 5.94826
11.0391 70000090000004425 70000090000004424 70000090000004472 70000090000004423 1.24847261425 -177.288 -301.735 -6.01832
11.1987 70000090000004424 70000090000004423 70000090000004472 70000090000004422 1.15460271236 -183.411 -302.007 4.03445
11.2036 70000090000004423 70000090000004422 70000090000004472 70000090000004421 1.11415056377 -191.399 -311.953 -11.1422
11.3076 70000090000004422 70000090000004419 70000090000004472 70000090000004418 0.997294225782 -169.93 -340.759 62.6704
11.3121 70000090000004419 70000090000004418 70000090000004472 70000090000004417 0.987852810816 -166.914 -338.077 66.5338
11.3172 70000090000004418 70000090000004396 70000090000004472 70000090000004395 0.399926964614 -63.1232 -348.457 71.8742
11.3206 70000090000004396 70000090000004395 70000090000004472 70000090000004394 0.38016786726 -63.6944 -378.537 34.4395
11.3215 70000090000004395 70000090000004392 70000090000004472 70000090000004391 0.328829724206 -52.07 -334.855 51.2628
11.3283 70000090000004392 70000090000004391 70000090000004472 70000090000004390 0.310074120128 -38.8576 -375.259 40.208
11.334 70000090000004391 70000090000004390 70000090000004472 70000090000004389 0.291583239722 -28.6412 -358.591 57.1961
11.3356 70000090000004390 70000090000004389 70000090000004472 70000090000004388 0.273353346578 -18.5806 -377.596 40.4844
11.3388 70000090000004389 70000090000004388 70000090000004472 70000090000004387 0.261343256161 -15.6669 -380.107 40.9717
11.3402 70000090000004388 70000090000004387 70000090000004472 70000090000004386 0.243540181555 -16.375 -386.904 31.9023
11.3457 70000090000004387 70000090000004386 70000090000004472 70000090000004385 0.22598838626 -19.5906 -376.269 34.2335
11.3476 70000090000004386 70000090000004384 70000090000004472 70000090000004383 0.197284182376 -16.6498 -383.298 32.7652
11.3524 70000090000004384 70000090000004383 70000090000004472 70000090000004382 0.180385261706 -11.4992 -386.282 28.7965
11.3534 70000090000004383 70000090000004382 70000090000004472 70000090000004381 0.169252033244 -13.6769 -384.909 37.1578
11.3564 70000090000004382 70000090000004381 70000090000004472 70000090000004380 0.152748768902 -8.96038 -390.843 36.0139
11.3592 70000090000004381 70000090000004380 70000090000004472 70000090000004379 0.14187620397 2.12898 -391.948 31.3263
11.3624 70000090000004380 70000090000004379 70000090000004472 70000090000004378 0.125759332411 18.2283 -404.926 23.9814
11.3657 70000090000004379 70000090000004378 70000090000004472 70000090000004377 0.109869940459 19.3207 -415.4 22.4312
11.3692 70000090000004378 70000090000004377 70000090000004472 70000090000004376 0.0994018026302 32.9429 -419.221 21.134
9.13154 70000090000004494 70000090000004493 70000090000004500 70000090000004492 5.22758097313 11.0564 11.3637 15.4019
9.01928 70000090000004516 70000090000004515 70000090000004523 70000090000004514 6.49159774567 4.07619 -2.91879 -1.0684
9.02548 70000090000004515 70000090000004514 70000090000004523 70000090000004513 6.14490120342 6.0142 -2.19613 -2.49507
9.04062 70000090000004514 70000090000004513 70000090000004523 70000090000004512 6.01075739884 3.70773 0.142923 -3.13833
9.06096 70000090000004513 70000090000004512 70000090000004523 70000090000004511 5.84661374788 4.37472 -0.0102917 -1.15029
9.10415 70000090000004512 70000090000004511 70000090000004523 70000090000004510 5.52976580795 2.94379 -0.959547 -0.692871
9.20055 70000090000004511 70000090000004510 70000090000004523 70000090000004509 5.22758097313 3.51706 2.53859 2.57483
9.22457 70000090000004510 70000090000004509 70000090000004523 70000090000004508 4.99593346816 2.22853 0.528694 1.41078
9.22651 70000090000004509 70000090000004508 70000090000004523 70000090000004507 4.93938066349 3.23281 1.63773 1.79515
9.2811 70000090000004508 70000090000004507 70000090000004523 70000090000004506 4.66451770247 4.28835 -0.302417 0.93839
9.2845 70000090000004507 70000090000004506 70000090000004523 70000090000004505 4.42803373661 2.49471 -0.486889 1.07245
9.38277 70000090000004506 70000090000004505 70000090000004523 70000090000004504 4.17683491473 11.3975 -6.17827 -5.25645
9.46172 70000090000004505 70000090000004503 70000090000004523 70000090000004502 3.93726108473 13.7493 -15.4469 -0.826191
9.09637 70000090000004581 70000090000004580 70000090000004589 70000090000004579 4.17683491473 0.70439 5.80445 -7.52727
9.11431 70000090000004672 70000090000004671 70000090000004673 70000090000004670 3.08482263583 4.39904 -5.80309 -0.23635
9.30278 70000090000004671 70000090000004670 70000090000004673 70000090000004669 3.00813107163 16.7614 -11.1125 -6.12961
9.01928 70000090000004703 70000090000004702 70000090000004714 70000090000004701 4.17683491473 0.937635 10.5855 0.24584
9.13871 70000090000004702 70000090000004701 70000090000004714 70000090000004700 4.00794511147 -3.95284 2.88886 -10.4396
9.23988 70000090000004701 70000090000004698 70000090000004714 70000090000004697 3.49086136926 -7.61013 3.49418 -8.42885
9.00337 70000090000004804 70000090000004803 70000090000004810 70000090000004802 9.00233985416 -5.69318 -1.30311 6.59577
9.00337 70000090000004803 70000090000004802 70000090000004810 70000090000004801 8.9079991856 -5.33272 -1.3394 5.31253
9.12668 70000090000004802 70000090000004801 70000090000004810 70000090000004800 8.44947629437 -7.87735 1.20251 4.7253
9.22651 70000090000004801 70000090000004800 70000090000004810 70000090000004799 8.01217294887 -10.9501 -0.108821 3.39516
9.26365 70000090000004800 70000090000004799 70000090000004810 70000090000004798 7.59510714987 -10.2748 -0.889765 3.34491
9.29124 70000090000004799 70000090000004798 70000090000004810 70000090000004797 7.23627606617 -10.8291 -1.1817 4.46765
9.36056 70000090000004798 70000090000004797 70000090000004810 70000090000004796 7.00541704554 -5.11138 -0.93609 -1.05776
9.38412 70000090000004797 70000090000004795 70000090000004810 70000090000004794 6.49159774567 -11.2145 0.95644 2.08204
9.3974 70000090000004795 70000090000004794 70000090000004810 70000090000004793 6.14490120342 -9.09705 3.69306 5.14075
9.40774 70000090000004794 70000090000004793 70000090000004810 70000090000004792 6.01075739884 -10.0656 3.62379 4.83951
9.43974 70000090000004793 70000090000004792 70000090000004810 70000090000004791 5.84661374788 -9.80491 4.50715 6.86698
9.59227 70000090000004792 70000090000004791 70000090000004810 70000090000004790 5.52976580795 25.2315 25.0874 1.62236
9.62985 70000090000004791 70000090000004790 70000090000004810 70000090000004789 5.22758097313 10.9288 11.4031 -3.16861
9.83099 70000090000004790 70000090000004789 70000090000004810 70000090000004788 4.99593346816 -5.454 -2.98117 -7.36627
9.87321 70000090000004789 70000090000004788 70000090000004810 70000090000004787 4.93938066349 -20.7461 -17.6406 -6.53618
9.89288 70000090000004788 70000090000004786 70000090000004810 70000090000004785 4.42803373661 -13.7749 -18.5143 -10.5022
9.9278 70000090000004786 70000090000004785 70000090000004810 70000090000004784 4.17683491473 -9.2229 -9.13219 -13.2983
9.94741 70000090000004785 70000090000004784 70000090000004810 70000090000004783 4.00794511147 -16.3399 -7.15052 -4.24899
9.9612 70000090000004784 70000090000004783 70000090000004810 70000090000004782 3.93726108473 -18.6811 1.51776 5.52035
9.99221 70000090000004783 70000090000004782 70000090000004810 70000090000004781 3.70877426464 -21.8402 -10.2845 5.35434
10.0515 70000090000004782 70000090000004781 70000090000004810 70000090000004780 3.49086136926 -26.8031 -7.56938 8.85372
10.073 70000090000004781 70000090000004780 70000090000004810 70000090000004779 3.28303305796 -27.3505 -12.4785 -0.703648
10.0807 70000090000004780 70000090000004779 70000090000004810 70000090000004778 3.08482263583 -27.638 8.33931 18.9579
10.1093 70000090000004779 70000090000004777 70000090000004810 70000090000004776 2.89578500573 -24.1631 -4.46655 5.66813
10.1138 70000090000004777 70000090000004776 70000090000004810 70000090000004775 2.73314261732 -16.511 -12.2269 -2.80738
10.3628 70000090000004776 70000090000004773 70000090000004810 70000090000004772 2.31611074396 -0.713896 -141.077 -103.851
10.4401 70000090000004773 70000090000004772 70000090000004810 70000090000004771 2.20792547238 -0.440616 -133.729 -81.3811
10.4985 70000090000004772 70000090000004771 70000090000004810 70000090000004770 2.1032696526 5.68215 -110.285 -79.9158
10.5819 70000090000004771 70000090000004770 70000090000004810 70000090000004769 2.00202813925 3.10243 -71.3603 2.0263
10.6237 70000090000004770 70000090000004769 70000090000004810 70000090000004768 1.90408954353 2.11343 -49.1591 -8.04847
10.6471 70000090000004769 70000090000004768 70000090000004810 70000090000004767 1.82268925262 -1.14759 -41.0237 7.74818
10.673 70000090000004768 70000090000004766 70000090000004810 70000090000004765 1.60423452207 3.52513 -62.3208 31.7908
11.1083 70000090000004766 70000090000004759 70000090000004810 70000090000004423 1.20625808078 -192.806 -307.65 -5.29236
9.04062 70000090000004821 70000090000004820 70000090000004824 70000090000004819 6.49159774567 6.10463 8.72116 -7.22797
9.10157 70000090000004820 70000090000004819 70000090000004824 70000090000004818 6.14490120342 2.76034 8.81781 -1.92764
9.13154 70000090000004819 70000090000004818 70000090000004824 70000090000004817 6.01075739884 8.56523 9.5852 -4.79266
9.38141 70000090000004818 70000090000004817 70000090000004824 70000090000004816 5.84661374788 22.2529 -5.01203 13.9332
9.07216 70000090000004851 70000090000004850 70000090000004858 70000090000004849 6.14490120342 5.43914 -1.19666 7.05098
9.09375 70000090000004850 70000090000004849 70000090000004858 70000090000004848 6.01075739884 7.82464 -2.3417 6.51528
9.13634 70000090000004849 70000090000004847 70000090000004858 70000090000004846 5.52976580795 9.63148 -3.74965 -1.79716
9.16182 70000090000004847 70000090000004846 70000090000004858 70000090000004845 5.22758097313 11.1641 -3.18091 -1.69815
9.17073 70000090000004846 70000090000004844 70000090000004858 70000090000004843 4.93938066349 10.4321 -0.530081 -3.32567
9.12424 70000090000004966 70000090000004965 70000090000004968 70000090000004964 9.99659046619 -7.25949 2.4697 -1.02148
9.14344 70000090000004965 70000090000004964 70000090000004968 70000090000004963 9.84138043947 -6.91197 2.94791 -1.77044
9.23229 70000090000004964 70000090000004963 70000090000004968 70000090000004962 9.38877127194 -8.22007 4.95524 -1.94337
9.2929 70000090000004963 70000090000004962 70000090000004968 70000090000004961 9.00233985416 -8.25682 3.19973 -4.05733
9.34313 70000090000004962 70000090000004961 70000090000004968 70000090000004960 8.9079991856 -9.32759 1.81095 -4.34741
9.40518 70000090000004961 70000090000004960 70000090000004968 70000090000004959 8.44947629437 -8.15778 4.30683 -2.87086
9.43015 70000090000004960 70000090000004959 70000090000004968 70000090000004958 8.01217294887 -7.13213 4.53457 -3.09189
9.50669 70000090000004959 70000090000004958 70000090000004968 70000090000004957 7.59510714987 -7.93465 3.58971 -0.554643
9.55387 70000090000004958 70000090000004957 70000090000004968 70000090000004956 7.23627606617 -6.3698 10.0121 0.0631252
9.62368 70000090000004957 70000090000004956 70000090000004968 70000090000004955 7.00541704554 -17.6994 15.3868 -7.76219
9.62908 70000090000004956 70000090000004954 70000090000004968 70000090000004953 6.49159774567 -10.9529 12.9779 -7.97406
9.69515 70000090000004954 70000090000004953 70000090000004968 70000090000004952 6.14490120342 -24.1152 17.8445 -17.3161
9.7195 70000090000004953 70000090000004952 70000090000004968 70000090000004951 6.01075739884 -28.5938 18.1293 -14.8401
9.73118 70000090000004952 70000090000004951 70000090000004968 70000090000004950 5.84661374788 -20.88 13.8854 -16.571
9.74255 70000090000004951 70000090000004950 70000090000004968 70000090000004949 5.52976580795 -25.2879 12.9969 -16.3677
9.77827 70000090000004950 70000090000004949 70000090000004968 70000090000004948 5.22758097313 -23.5459 10.9705 -17.1925
9.79324 70000090000004949 70000090000004948 70000090000004968 70000090000004947 4.99593346816 -15.7671 3.01339 -17.7929
9.80874 70000090000004948 70000090000004946 70000090000004968 70000090000004945 4.66451770247 -23.1482 5.07811 -16.3388
9.83435 70000090000004946 70000090000004945 70000090000004968 70000090000004944 4.42803373661 -24.5597 4.98717 -16.8397
9.84241 70000090000004945 70000090000004944 70000090000004968 70000090000004943 4.17683491473 -27.8714 13.015 -18.2505
9.85261 70000090000004944 70000090000004941 70000090000004968 70000090000004940 3.70877426464 -32.1493 9.96692 -17.5289
9.88444 70000090000004941 70000090000004940 70000090000004968 70000090000004939 3.49086136926 -23.5646 0.698895 -20.122
9.96084 70000090000004940 70000090000004939 70000090000004968 70000090000004938 3.28303305796 -17.6929 1.06349 -20.0544
10.0066 70000090000004939 70000090000004938 70000090000004968 70000090000004937 3.08482263583 -21.6859 2.33832 -22.8871
10.0459 70000090000004938 70000090000004937 70000090000004968 70000090000004936 3.00813107163 -12.2061 -1.13405 -27.1064
10.0831 70000090000004937 70000090000004936 70000090000004968 70000090000004935 2.89578500573 -11.5185 -8.30501 -37.6682
10.1289 70000090000004936 70000090000004935 70000090000004968 70000090000004934 2.73314261732 -18.1785 -4.34606 -39.9782
10.1977 70000090000004935 70000090000004934 70000090000004968 70000090000004933 2.5772902716 -6.08238 -12.6225 -31.5181
10.2414 70000090000004934 70000090000004933 70000090000004968 70000090000004932 2.44422570455 -14.3539 -45.4391 -47.9053
10.6741 70000090000004933 70000090000004925 70000090000004968 70000090000004924 1.66666955611 6.40941 -64.2841 3.88878
9.06378 70000090000005031 70000090000005030 70000090000005041 70000090000005029 3.70877426464 5.65134 1.01645 -9.0082
9.09111 70000090000005030 70000090000005029 70000090000005041 70000090000005028 3.49086136926 7.18034 -4.73092 -7.05138
9.10157 70000090000005029 70000090000005028 70000090000005041 70000090000005027 3.28303305796 5.26207 -6.11443 -11.2042
9.11431 70000090000005028 70000090000005027 70000090000005041 70000090000005026 3.08482263583 3.96132 -1.39805 -5.67729
9.1573 70000090000005027 70000090000005026 70000090000005041 70000090000005025 3.00813107163 3.77593 -1.99157 -3.69742
9.1573 70000090000005026 70000090000005025 70000090000005041 70000090000005024 2.89578500573 -0.215905 -3.97907 0.175224
9.19223 70000090000005025 70000090000005024 70000090000005041 70000090000005023 2.73314261732 2.02502 -8.10777 5.21556
9.29457 70000090000005024 70000090000005023 70000090000005041 70000090000005022 2.5772902716 1.46031 -14.1935 14.9491
9.34461 70000090000005023 70000090000005022 70000090000005041 70000090000005021 2.44422570455 8.22036 -16.2822 27.7809
9.12178 70000090000005080 70000090000005079 70000090000005093 70000090000005078 3.28303305796 -0.293701 7.45606 -9.29916
9.17073 70000090000005079 70000090000005075 70000090000005093 70000090000005074 2.73314261732 4.35465 9.32516 -14.6975
9.17293 70000090000005075 70000090000005073 70000090000005093 70000090000005072 2.44422570455 6.54822 4.91149 -18.3243
11.3184 70000090000005227 70000090000005226 70000090000005258 70000090000004419 1.03551044566 -163.619 -247.521 113.521
9.0066 70000090000005323 70000090000005322 70000090000005326 70000090000005321 6.85511726265 17.3456 7.96056 7.00985
9.0316 70000090000005322 70000090000005321 70000090000005326 70000090000005320 6.49159774567 14.5048 10.3348 3.91919
9.15502 70000090000005321 70000090000005320 70000090000005326 70000090000005319 6.14490120342 1.77014 -4.00885 1.67688
9.2862 70000090000005320 70000090000005316 70000090000005326 70000090000005315 5.22758097313 22.2233 6.25627 12.9467
9.29457 70000090000005316 70000090000005315 70000090000005326 70000090000005314 4.99593346816 2.07923 -8.15038 1.13532
9.41029 70000090000005315 70000090000005314 70000090000005326 70000090000005313 4.93938066349 10.3537 1.13388 9.76844
9.45605 70000090000005314 70000090000005313 70000090000005326 70000090000005312 4.66451770247 18.9002 3.21863 11.6379
9.50158 70000090000005313 70000090000005312 70000090000005326 70000090000005311 4.42803373661 18.8979 1.89856 12.8496
9.52657 70000090000005312 70000090000005311 70000090000005326 70000090000005310 4.17683491473 20.9826 3.51484 10.416
9.53713 70000090000005311 70000090000005310 70000090000005326 70000090000005309 4.00794511147 18.6254 2.30545 12.2241
9.55387 70000090000005310 70000090000005309 70000090000005326 70000090000005308 3.93726108473 16.0108 0.952224 10.771
9.56646 70000090000005309 70000090000005308 70000090000005326 70000090000005307 3.70877426464 24.9456 -1.20289 9.06546
9.5931 70000090000005308 70000090000005307 70000090000005326 70000090000005306 3.49086136926 29.2287 -3.261 5.2808
9.65802 70000090000005307 70000090000005306 70000090000005326 70000090000005305 3.28303305796 32.1006 -5.67899 1.30405
9.70234 70000090000005306 70000090000005305 70000090000005326 70000090000005304 3.08482263583 32.0015 -6.18324 -1.3207
9.73118 70000090000005305 70000090000005304 70000090000005326 70000090000005303 3.00813107163 27.4669 -1.13241 -4.46714
9.77608 70000090000005304 70000090000005303 70000090000005326 70000090000005302 2.89578500573 12.8936 -17.7566 -7.97178
9.00337 70000090000005423 70000090000005422 70000090000005430 70000090000005421 6.49159774567 -4.95805 -0.250929 -1.65972
9.04945 70000090000005422 70000090000005421 70000090000005430 70000090000005420 6.14490120342 -8.44661 -1.43819 -2.18158
9.06939 70000090000005421 70000090000005420 70000090000005430 70000090000005419 6.01075739884 -9.07584 -2.04468 -0.253698
9.08309 70000090000005420 70000090000005419 70000090000005430 70000090000005418 5.84661374788 -5.84689 -2.20723 1.86848
9.08578 70000090000005419 70000090000005418 70000090000005430 70000090000005417 5.52976580795 -6.15224 -3.03947 0.412969
9.11179 70000090000005418 70000090000005417 70000090000005430 70000090000005416 5.22758097313 -3.79588 -0.674862 -1.35472
9.16407 70000090000005417 70000090000005416 70000090000005430 70000090000005415 4.99593346816 -9.41317 -0.82038 -0.52846
9.18376 70000090000005416 70000090000005415 70000090000005430 70000090000005414 4.93938066349 -6.40726 -1.72076 1.86106
9.21671 70000090000005415 70000090000005414 70000090000005430 70000090000005413 4.66451770247 -5.51594 -1.25226 8.57489
9.29787 70000090000005414 70000090000005413 70000090000005430 70000090000005412 4.42803373661 -12.3133 -0.90164 3.17024
9.37457 70000090000005413 70000090000005411 70000090000005430 70000090000005410 4.00794511147 -13.4089 -4.53012 3.22675
9.41408 70000090000005411 70000090000005409 70000090000005430 70000090000005408 3.70877426464 -12.1454 -3.43593 0.926488
9.46733 70000090000005409 70000090000005407 70000090000005430 70000090000005406 3.28303305796 -12.2024 -7.66828 -0.969502
9.54744 70000090000005407 70000090000005406 70000090000005430 70000090000005405 3.08482263583 -22.8462 -2.37801 -9.6235
9.57783 70000090000005406 70000090000005403 70000090000005430 70000090000005402 2.73314261732 -14.9966 1.25055 -5.87683
9.63138 70000090000005403 70000090000005402 70000090000005430 70000090000005401 2.5772902716 -10.1237 -0.0862959 5.84321
9.63518 70000090000005402 70000090000005401 70000090000005430 70000090000005400 2.44422570455 -17.125 2.38284 4.76661
9.66159 70000090000005401 70000090000005400 70000090000005430 70000090000005399 2.31611074396 -17.6235 0.653129 4.64849
9.68985 70000090000005400 70000090000005399 70000090000005430 70000090000005398 2.20792547238 -16.4711 -7.4842 7.85351
9.69515 70000090000005399 70000090000005394 70000090000005430 70000090000005393 1.74357057433 -17.9507 2.24487 23.5394
9.01614 70000090000005535 70000090000005534 70000090000005553 70000090000005533 1.60423452207 2.05679 -12.2307 -14.8909
11.2406 70000090000005534 70000090000005525 70000090000005553 70000090000005524 1.07445789455 -186.131 -228.067 84.2307
11.2775 70000090000005525 70000090000005521 70000090000005553 70000090000005520 0.950531351585 -191.574 -429.378 8.99313
11.2883 70000090000005521 70000090000005520 70000090000005553 70000090000005519 0.923000816178 -183.998 -464.81 -5.66208
11.301 70000090000005520 70000090000005519 70000090000005553 70000090000005518 0.886896937575 -171.203 -472.405 -26.0383
9.7336 70000090000005559 70000090000005558 70000090000005560 70000090000005525 1.11415056377 4.73753 6.0415 -3.98453
9.06939 70000090000005735 70000090000005734 70000090000005741 70000090000005733 9.00233985416 1.85423 5.83806 8.33591
9.1573 70000090000005734 70000090000005732 70000090000005741 70000090000005731 8.44947629437 0.231699 6.71524 11.6632
9.21472 70000090000005732 70000090000005730 70000090000005741 70000090000005729 7.59510714987 2.33557 -1.26393 6.29802
9.29787 70000090000005730 70000090000005729 70000090000005741 70000090000005728 7.23627606617 4.60433 -0.934909 6.47583
9.34609 70000090000005729 70000090000005728 70000090000005741 70000090000005727 7.00541704554 3.2354 -2.21612 7.10531
9.35627 70000090000005728 70000090000005727 70000090000005741 70000090000005726 6.85511726265 2.40934 -1.77812 6.2186
9.40518 70000090000005727 70000090000005726 70000090000005741 70000090000005725 6.49159774567 -1.37159 -3.97134 10.0901
9.46844 70000090000005726 70000090000005725 70000090000005741 70000090000005724 6.14490120342 -3.20035 -4.5851 1.09212
9.5314 70000090000005725 70000090000005724 70000090000005741 70000090000005723 6.01075739884 -3.52331 -8.16803 -0.644235
9.73239 70000090000005724 70000090000005722 70000090000005741 70000090000005721 5.52976580795 -8.17748 -10.7479 -12.1171
9.90484 70000090000005722 70000090000005721 70000090000005741 70000090000005720 5.22758097313 -9.97023 -5.66321 -20.8172
9.9529 70000090000005721 70000090000005720 70000090000005741 70000090000005719 4.99593346816 -5.53683 -11.7993 -27.6192
10.0196 70000090000005720 70000090000005718 70000090000005741 70000090000005717 4.66451770247 -7.38581 -5.309 -25.6533
10.1054 70000090000005718 70000090000005717 70000090000005741 70000090000005716 4.42803373661 -8.53986 8.65459 -9.52353
10.1723 70000090000005717 70000090000005716 70000090000005741 70000090000005715 4.17683491473 -38.8663 -9.36502 16.7847
10.2153 70000090000005716 70000090000005715 70000090000005741 70000090000005714 4.00794511147 -34.2039 -8.47654 21.5401
10.2212 70000090000005715 70000090000005714 70000090000005741 70000090000005713 3.93726108473 -42.3119 -7.1937 24.7355
10.3284 70000090000005714 70000090000005713 70000090000005741 70000090000005712 3.70877426464 -56.8282 -39.8458 35.6684
10.3641 70000090000005713 70000090000005712 70000090000005741 70000090000005711 3.49086136926 -62.3095 -48.5434 31.167
10.41 70000090000005712 70000090000005711 70000090000005741 70000090000005710 3.28303305796 -68.4273 -53.0337 41.6785
10.4353 70000090000005711 70000090000005710 70000090000005741 70000090000005709 3.08482263583 -71.6922 -52.6175 44.7055
10.4481 70000090000005710 70000090000005706 70000090000005741 70000090000005705 2.5772902716 -45.1505 -52.145 30.4371
10.4691 70000090000005706 70000090000005705 70000090000005741 70000090000005704 2.44422570455 -44.4663 -46.9738 26.5861
10.5021 70000090000005705 70000090000005704 70000090000005741 70000090000005703 2.31611074396 -54.7447 -63.383 32.8531
10.5223 70000090000005704 70000090000005702 70000090000005741 70000090000005701 2.1032696526 -34.7047 -57.0383 31.595
10.5449 70000090000005702 70000090000005701 70000090000005741 70000090000005700 2.00202813925 -39.8031 -61.0486 37.8407
10.5524 70000090000005701 70000090000005700 70000090000005741 70000090000005699 1.90408954353 -47.4634 -64.0225 40.8503
10.5927 70000090000005700 70000090000005699 70000090000005741 70000090000005698 1.82268925262 -57.0708 -80.3896 52.9605
10.5942 70000090000005699 70000090000005697 70000090000005741 70000090000005696 1.66666955611 -64.0659 -58.7926 47.6823
10.5985 70000090000005697 70000090000005696 70000090000005741 70000090000005695 1.60423452207 -77.7865 -71.1333 40.2071
10.616 70000090000005696 70000090000005695 70000090000005741 70000090000005694 1.53123902916 -80.2232 -66.3168 31.7738
10.6323 70000090000005695 70000090000005694 70000090000005741 70000090000005693 1.47197484527 -71.1288 -69.4237 28.9997
10.6422 70000090000005694 70000090000005693 70000090000005741 70000090000005692 1.41409822037 -75.327 -78.1038 28.5629
10.6505 70000090000005693 70000090000005692 70000090000005741 70000090000005691 1.3575766674 -69.6926 -91.4346 36.2467
10.6615 70000090000005692 70000090000005691 70000090000005741 70000090000005690 1.30237845991 -67.8896 -86.71 34.6499
9.0098 70000090000005771 70000090000005770 70000090000005775 70000090000005769 8.44947629437 -0.984754 0.875061 -11.5921
9.24175 70000090000005770 70000090000005769 70000090000005775 70000090000005768 8.01217294887 11.2437 14.0967 -4.3392
9.24175 70000090000005769 70000090000005768 70000090000005775 70000090000005767 7.59510714987 8.47379 8.61344 -2.30402
9.25828 70000090000005768 70000090000005767 70000090000005775 70000090000005766 7.23627606617 10.7492 9.46371 -0.749354
9.2811 70000090000005767 70000090000005766 70000090000005775 70000090000005765 7.00541704554 10.1282 10.4789 -2.3791
9.2828 70000090000005766 70000090000005765 70000090000005775 70000090000005764 6.85511726265 12.6579 12.7205 -2.9163
9.2828 70000090000005765 70000090000005764 70000090000005775 70000090000005763 6.49159774567 10.0303 8.97101 -3.83314
9.63669 70000090000005764 70000090000005761 70000090000005775 70000090000005760 5.84661374788 1.84015 -0.904897 -16.3121
9.11179 70000090000005821 70000090000005820 70000090000005823 70000090000005819 8.01217294887 7.52875 -6.98685 18.2366
9.28788 70000090000005820 70000090000005818 70000090000005823 70000090000005817 7.23627606617 1.43092 -0.690436 8.53068
9.48049 70000090000005818 70000090000005814 70000090000005823 70000090000005813 6.14490120342 -3.08303 8.08445 -12.2743
9.50055 70000090000005814 70000090000005812 70000090000005823 70000090000005811 5.84661374788 -11.7506 7.06239 -15.9926
9.53236 70000090000005812 70000090000005811 70000090000005823 70000090000005810 5.52976580795 -5.94081 4.3664 -12.3508
9.63366 70000090000005811 70000090000005810 70000090000005823 70000090000005809 5.22758097313 -20.1751 -1.19958 -21.2816
9.63669 70000090000005810 70000090000005809 70000090000005823 70000090000005808 4.99593346816 -21.0181 -1.59121 -19.751
9.63894 70000090000005809 70000090000005808 70000090000005823 70000090000005807 4.93938066349 -22.5975 -1.73432 -18.813
9.74078 70000090000005808 70000090000005807 70000090000005823 70000090000005806 4.66451770247 -28.8717 3.90909 -25.1515
9.06939 70000090000005840 70000090000005839 70000090000005843 70000090000005838 7.59510714987 -1.35541 -0.215523 1.82966
9.2026 70000090000006118 70000090000006117 70000090000006125 70000090000006116 4.42803373661 -4.35235 6.6716 8.8103
9.2828 70000090000006117 70000090000006116 70000090000006125 70000090000006115 4.17683491473 -2.4768 14.623 3.92328
9.33716 70000090000006116 70000090000006114 70000090000006125 70000090000006113 3.93726108473 -8.33604 21.3494 4.82985
9.40774 70000090000006114 70000090000006113 70000090000006125 70000090000006112 3.70877426464 -9.68998 27.8009 4.39154
9.61425 70000090000006113 70000090000006112 70000090000006125 70000090000006111 3.49086136926 -41.4812 25.6005 -10.6504
9.69778 70000090000006112 70000090000006111 70000090000006125 70000090000006110 3.28303305796 -42.8616 40.4981 -10.7808
9.74491 70000090000006111 70000090000006110 70000090000006125 70000090000006109 3.08482263583 -42.6375 45.6526 -18.4428
9.7519 70000090000006110 70000090000006108 70000090000006125 70000090000006107 2.89578500573 -41.2939 46.0674 -16.6969
9.78742 70000090000006108 70000090000006107 70000090000006125 70000090000006106 2.73314261732 -40.2662 43.757 -23.628
9.1193 70000090000006247 70000090000006246 70000090000006270 70000090000006245 2.5772902716 -10.6026 -15.5985 5.13273
9.14344 70000090000006246 70000090000006244 70000090000006270 70000090000006243 2.31611074396 -10.2825 -16.3128 0.796221
9.17073 70000090000006244 70000090000006242 70000090000006270 70000090000006241 2.1032696526 -11.2534 -14.0549 0.794621
9.18802 70000090000006242 70000090000006241 70000090000006270 70000090000006240 2.00202813925 -12.7113 -13.2106 0.24798
9.21272 70000090000006241 70000090000006240 70000090000006270 70000090000006239 1.90408954353 -12.8925 -12.8436 0.213289
9.24362 70000090000006240 70000090000006239 70000090000006270 70000090000006238 1.82268925262 -12.9802 -8.50226 0.106019
9.01928 70000090000006358 70000090000006357 70000090000006367 70000090000006356 4.93938066349 10.9627 -0.120886 4.61813
9.09111 70000090000006357 70000090000006356 70000090000006367 70000090000006355 4.66451770247 14.0916 0.642779 7.60263
9.11431 70000090000006356 70000090000006355 70000090000006367 70000090000006354 4.42803373661 14.6239 -0.82267 8.66388
9.2026 70000090000006355 70000090000006354 70000090000006367 70000090000006353 4.17683491473 24.4514 7.15872 7.58111
9.24175 70000090000006354 70000090000006353 70000090000006367 70000090000006352 4.00794511147 23.1663 1.00147 9.76291
9.2828 70000090000006353 70000090000006352 70000090000006367 70000090000006351 3.93726108473 22.2746 5.78852 12.2842
9.29951 70000090000006352 70000090000006351 70000090000006367 70000090000006350 3.70877426464 18.3541 9.97618 15.231
9.39214 70000090000006351 70000090000006350 70000090000006367 70000090000006349 3.49086136926 19.6729 20.5072 27.5235
9.45376 70000090000006350 70000090000006349 70000090000006367 70000090000006348 3.28303305796 2.2114 6.2322 30.7675
9.48692 70000090000006349 70000090000006348 70000090000006367 70000090000006347 3.08482263583 6.12587 13.2603 30.1395
9.52169 70000090000006348 70000090000006347 70000090000006367 70000090000006346 3.00813107163 6.66871 12.8341 27.5884
9.59394 70000090000006347 70000090000006346 70000090000006367 70000090000006345 2.89578500573 1.51564 16.7971 26.9108
9.63138 70000090000006346 70000090000006344 70000090000006367 70000090000006343 2.5772902716 3.57098 12.5256 22.1228
9.6449 70000090000006344 70000090000006343 70000090000006367 70000090000006342 2.44422570455 2.93208 13.0789 19.5649
9.66088 70000090000006343 70000090000006342 70000090000006367 70000090000006341 2.31611074396 3.36359 13.2834 18.2116
9.67284 70000090000006342 70000090000006340 70000090000006367 70000090000006339 2.1032696526 7.92372 13.2327 17.1838
9.6756 70000090000006340 70000090000006339 70000090000006367 70000090000006338 2.00202813925 11.2099 10.5758 11.5939
