logMh | fpID | subhaloID | main leaf ID | descID |  z
9.02855 25133145 25133144 25133145 25133143 9.00233985416 -1.08486 9.36902 -0.512195
9.06096 25133144 25133143 25133145 25133142 8.9079991856 -2.01404 10.348 -4.05698
9.11431 25133143 25133142 25133145 25133141 8.44947629437 -0.564165 12.5893 -2.86655
9.53044 25133142 25133139 25133145 25133138 7.00541704554 -12.5612 0.65368 0.681492
9.68784 25133139 25133133 25133145 25133132 5.52976580795 -9.52117 16.419 -2.7613
9.76557 25133133 25133132 25133145 25133131 5.22758097313 5.56441 16.5587 2.6185
9.88273 25133132 25133131 25133145 25133130 4.99593346816 -6.09086 -22.3654 13.6728
10.0095 25133131 25133130 25133145 25133129 4.93938066349 -7.76756 -40.7646 36.9063
10.0394 25133130 25133129 25133145 25133128 4.66451770247 -17.7522 -55.0191 19.1175
10.1786 25133129 25133128 25133145 25133127 4.42803373661 -17.5473 -51.01 22.2261
10.2855 25133128 25133127 25133145 25133126 4.17683491473 -29.1018 -38.3406 17.2282
10.3481 25133127 25133126 25133145 25133125 4.00794511147 -42.2278 -47.9198 17.3281
10.4709 25133126 25133125 25133145 25133124 3.93726108473 -39.8297 -17.2717 3.06128
10.6028 25133125 25133124 25133145 25133123 3.70877426464 -39.0657 -35.514 1.89028
10.7185 25133124 25133123 25133145 25133122 3.49086136926 -81.9758 -66.7786 -3.78254
10.9399 25133123 25133122 25133145 25133121 3.28303305796 -58.2815 -6.95342 -5.45998
10.9474 25133122 25133119 25133145 25133118 2.89578500573 -88.932 -9.10131 -33.3621
10.9546 25133119 25133118 25133145 25133117 2.73314261732 -97.8319 28.2208 -34.1254
10.9922 25133118 25133111 25133145 25133110 1.90408954353 -1.98102 -2.07687 77.0853
11.0075 25133111 25133110 25133145 25133109 1.82268925262 -26.5351 -19.2377 95.7427
11.0115 25133110 25133109 25133145 25133108 1.74357057433 -47.1639 -31.5479 91.7452
11.0377 25133109 25133108 25133145 25133107 1.66666955611 -56.2608 -17.9703 62.8075
11.046 25133108 25133107 25133145 25133106 1.60423452207 -63.4562 -40.6266 73.44
11.0623 25133107 25133106 25133145 25133105 1.53123902916 -40.3783 10.3346 62.3999
11.0703 25133106 25133105 25133145 25133104 1.47197484527 -33.7437 6.06531 74.385
11.0986 25133105 25133104 25133145 25133103 1.41409822037 -13.0839 7.56627 71.7233
11.1104 25133104 25133103 25133145 25133102 1.3575766674 10.2608 18.3333 69.1659
11.1322 25133103 25133102 25133145 25133101 1.30237845991 16.7242 29.3902 75.9265
11.1586 25133102 25133101 25133145 25133100 1.24847261425 33.9095 59.8689 78.0515
11.172 25133101 25133100 25133145 25133099 1.20625808078 44.8857 71.6213 84.1363
11.2051 25133100 25133099 25133145 25133098 1.15460271236 84.9338 94.6971 68.509
11.2357 25133099 25133098 25133145 25133097 1.11415056377 85.5568 128.843 45.1958
11.2469 25133098 25133096 25133145 25133095 1.03551044566 79.038 106.06 65.8969
11.2631 25133096 25133095 25133145 25133094 0.997294225782 81.7246 112.226 62.2281
11.2725 25133095 25133093 25133145 25133092 0.950531351585 103.92 87.4312 75.7386
11.2791 25133093 25133092 25133145 25133091 0.923000816178 96.0405 81.2602 60.735
11.2963 25133092 25133091 25133145 25133090 0.886896937575 118.064 52.9744 70.3513
11.2968 25133091 25133088 25133145 25133087 0.791068248946 161.504 9.4797 78.0107
11.298 25133088 25133087 25133145 25133086 0.757441372616 175.836 4.90907 55.8253
11.3073 25133087 25133086 25133145 25133085 0.732636182022 183.638 -0.57709 53.4326
11.3079 25133086 25133073 25133145 25133072 0.419968941997 85.8193 129.606 157.568
11.3497 25133073 25133072 25133145 25133071 0.399926964614 96.7363 157.465 189.076
9.12424 25133147 25133146 25133148 25133139 7.23627606617 -2.53875 10.2835 -2.35347
9.14108 25133156 25133155 25133161 25133154 7.23627606617 -6.05952 -0.371448 10.421
9.15042 25133155 25133154 25133161 25133153 6.85511726265 -12.5821 0.839017 5.58439
9.22651 25133154 25133152 25133161 25133151 6.14490120342 -11.49 -4.67802 14.9772
9.12668 25133179 25133178 25133187 25133177 7.00541704554 -4.99203 -10.8567 -6.12721
9.20668 25133178 25133177 25133187 25133176 6.85511726265 -2.35526 -15.2616 -3.56935
9.21472 25133177 25133173 25133187 25133172 5.84661374788 -8.1255 -9.61827 0.338948
9.14344 25133196 25133195 25133196 25133194 6.14490120342 -5.43168 -8.59914 -3.04298
9.01928 25133243 25133242 25133251 25133241 5.84661374788 1.9566 2.86942 5.07868
9.21472 25133242 25133241 25133251 25133240 5.52976580795 -2.90631 -7.83795 -6.29435
9.2811 25133241 25133240 25133251 25133239 5.22758097313 1.94574 -1.59559 0.910076
9.35627 25133240 25133239 25133251 25133238 4.99593346816 8.61562 7.97271 7.61346
9.11179 25133375 25133374 25133381 25133373 8.01217294887 -11.5719 -13.0832 -12.4141
9.20055 25133374 25133371 25133381 25133370 7.00541704554 -9.9678 6.8021 -5.98093
9.29951 25133371 25133369 25133381 25133368 6.49159774567 -3.00232 5.39556 -8.43126
9.33415 25133369 25133367 25133381 25133366 6.01075739884 -12.9872 -8.98426 1.23707
9.40001 25133367 25133366 25133381 25133365 5.84661374788 -16.8492 -13.2172 1.58938
9.41659 25133366 25133365 25133381 25133364 5.52976580795 -13.3809 -9.03408 1.45796
9.52169 25133365 25133364 25133381 25133363 5.22758097313 -13.4904 -10.1983 0.899239
9.56646 25133364 25133363 25133381 25133362 4.99593346816 -18.2917 -1.80641 4.68569
9.57783 25133363 25133362 25133381 25133361 4.93938066349 -18.3317 -0.806231 3.84526
9.63819 25133362 25133360 25133381 25133359 4.42803373661 -16.8415 -0.641197 -0.715197
9.67075 25133360 25133359 25133381 25133358 4.17683491473 -9.94149 9.74054 -2.63816
9.17946 25133383 25133382 25133393 25133369 6.85511726265 -10.9217 -9.63013 -2.03941
9.13871 25133406 25133405 25133416 25133404 5.52976580795 -15.3333 16.1278 -17.986
9.20668 25133405 25133404 25133416 25133403 5.22758097313 -16.7611 19.8343 -18.7868
9.20668 25133404 25133402 25133416 25133401 4.93938066349 -12.2513 14.2596 -12.5239
9.29787 25133402 25133401 25133416 25133400 4.66451770247 -9.81613 17.3047 -15.2144
9.0098 25133455 25133454 25133461 25133453 4.66451770247 2.97648 -6.49685 -7.059
9.02855 25133454 25133453 25133461 25133452 4.42803373661 4.48921 -4.79793 -5.3853
9.03763 25133453 25133452 25133461 25133451 4.17683491473 5.38479 -4.09458 -3.49628
9.0666 25133452 25133451 25133461 25133450 4.00794511147 -0.537249 -1.80717 -7.01614
9.08845 25133451 25133450 25133461 25133449 3.93726108473 1.61498 -1.80451 -5.55508
9.11431 25133547 25133546 25133549 25133545 8.01217294887 7.4144 -7.27588 21.5692
9.19223 25133546 25133545 25133549 25133544 7.59510714987 -10.5002 1.65608 -14.4221
9.53428 25133545 25133544 25133549 25133543 7.23627606617 -13.2753 -12.6226 5.82831
9.56999 25133544 25133543 25133549 25133542 7.00541704554 -8.68419 -15.7628 9.54005
9.59227 25133543 25133542 25133549 25133541 6.85511726265 -7.86182 -19.0499 11.0901
9.6804 25133542 25133541 25133549 25133540 6.49159774567 -21.8306 -4.64137 -29.3411
9.69581 25133541 25133540 25133549 25133539 6.14490120342 -10.6987 -5.56501 4.10567
9.69974 25133540 25133539 25133549 25133538 6.01075739884 1.5268 6.19713 -8.37422
9.79899 25133539 25133538 25133549 25133537 5.84661374788 1.08182 7.37067 -19.3223
9.90565 25133538 25133536 25133549 25133535 5.22758097313 21.9924 15.044 -9.63256
9.93696 25133536 25133534 25133549 25133533 4.93938066349 -22.6738 -14.614 -45.6969
9.98987 25133534 25133533 25133549 25133532 4.66451770247 7.79886 29.7313 -30.9513
10.061 25133533 25133532 25133549 25133531 4.42803373661 -9.13381 5.62769 -26.3732
10.1654 25133532 25133528 25133549 25133527 3.70877426464 -11.8987 9.56968 -35.0018
9.06378 25133600 25133599 25133610 25133598 5.52976580795 1.21883 6.11043 12.601
9.26365 25133599 25133595 25133610 25133594 4.66451770247 -14.6445 14.1205 15.7103
9.5931 25133595 25133593 25133610 25133592 4.17683491473 -17.1814 33.4883 9.412
9.6182 25133593 25133591 25133610 25133590 3.93726108473 8.26609 14.3848 1.62766
9.04653 25133643 25133642 25133646 25133641 6.85511726265 -0.251211 2.88646 7.82492
9.08309 25133642 25133631 25133646 25133630 4.17683491473 -8.5913 1.9243 2.58557
9.14108 25133661 25133660 25133667 25133659 4.99593346816 -23.9523 10.2332 1.87538
9.27938 25133660 25133659 25133667 25133658 4.93938066349 -29.6486 18.9238 13.4587
9.03463 25133687 25133686 25133689 25133685 6.01075739884 -2.66232 -6.67778 7.97667
9.09111 25133686 25133685 25133689 25133684 5.84661374788 2.05913 -7.0266 9.34982
9.0066 25133732 25133731 25133740 25133730 3.28303305796 -6.22798 9.14904 -3.37927
9.08845 25134067 25134066 25134072 25134065 9.99659046619 -1.74373 -2.61363 -2.65023
9.09111 25134066 25134062 25134072 25134061 8.9079991856 0.176021 -5.37393 1.13905
9.16182 25134062 25134061 25134072 25134060 8.44947629437 -2.08456 -4.2148 1.72902
9.22651 25134061 25134060 25134072 25134059 8.01217294887 -4.99586 -5.29767 1.81228
9.2342 25134060 25134059 25134072 25134058 7.59510714987 -5.67919 -5.37187 1.95714
9.36622 25134059 25134058 25134072 25134057 7.23627606617 -16.6792 -12.3541 -7.59772
9.39346 25134058 25134053 25134072 25134052 6.01075739884 -8.50779 -6.47102 -3.27529
9.4606 25134053 25134052 25134072 25134051 5.84661374788 -7.77985 -14.3742 0.248391
9.58638 25134052 25134050 25134072 25134049 5.22758097313 -5.69709 -7.39801 -5.05739
9.69449 25134050 25134049 25134072 25134048 4.99593346816 -8.01733 -3.53654 -7.71576
9.71825 25134049 25134048 25134072 25134047 4.93938066349 -1.22842 1.39785 -3.34298
9.78044 25134048 25134047 25134072 25134046 4.66451770247 -3.53589 -4.06335 -11.009
9.90443 25134047 25134046 25134072 25134045 4.42803373661 0.729107 3.58791 -4.93296
10.0412 25134046 25134045 25134072 25134044 4.17683491473 9.05825 -47.541 29.525
10.0906 25134045 25134042 25134072 25134041 3.70877426464 -1.63296 -32.9066 12.548
10.1432 25134042 25134041 25134072 25134040 3.49086136926 1.51713 -70.7284 22.3851
10.1893 25134041 25134040 25134072 25134039 3.28303305796 4.85666 -89.8005 35.999
10.2561 25134040 25134039 25134072 25134038 3.08482263583 -7.21561 -108.886 33.3516
10.2735 25134039 25134036 25134072 25134035 2.73314261732 -19.5671 -119.03 32.7072
10.3137 25134036 25134035 25134072 25134034 2.5772902716 -30.6326 -124.273 32.1654
10.3461 25134035 25134034 25134072 25134033 2.44422570455 -50.6077 -143.104 39.2265
10.3811 25134034 25134033 25134072 25134032 2.31611074396 -78.6002 -137.286 44.0552
10.4013 25134033 25134032 25134072 25134031 2.20792547238 -63.3158 -142.173 42.68
9.05811 25134098 25134097 25134103 25134096 7.23627606617 -4.91156 2.91756 -2.40364
9.02239 25134130 25134129 25134132 25134128 7.59510714987 -3.14056 3.28857 -13.6793
9.27246 25134216 25134215 25134217 25134214 6.85511726265 -16.6002 -18.7967 -15.7162
9.35194 25134215 25134210 25134217 25134209 5.52976580795 2.7792 0.786172 -2.62499
9.41029 25134210 25134209 25134217 25134208 5.22758097313 -1.59949 -0.51794 -4.17253
9.43737 25134209 25134206 25134217 25134205 4.66451770247 -4.92748 -3.96363 -4.84742
9.04358 25134225 25134224 25134227 25134223 7.23627606617 -15.217 -20.3529 -10.8168
9.18802 25134224 25134223 25134227 25134222 7.00541704554 2.8535 2.53736 -4.59468
9.01928 25134297 25134296 25134306 25134295 4.17683491473 8.37279 -15.7143 -2.3001
9.03763 25134296 25134295 25134306 25134294 4.00794511147 8.20147 -15.3802 -5.53069
9.04945 25134295 25134294 25134306 25134293 3.93726108473 6.56818 -15.8002 -6.61874
9.07492 25134294 25134293 25134306 25134292 3.70877426464 8.29727 -10.0603 -3.99773
9.08578 25134293 25134292 25134306 25134291 3.49086136926 7.15207 -10.7588 -5.83166
9.0098 25134383 25134382 25134386 25134381 6.14490120342 -2.26842 -0.180763 2.00026
9.03463 25134382 25134378 25134386 25134377 5.22758097313 -1.54245 2.19679 3.71483
9.19223 25134378 25134377 25134386 25134376 4.99593346816 7.72795 -0.761576 11.0154
9.23229 25134377 25134373 25134386 25134372 4.17683491473 2.74973 -3.57148 4.79043
9.2361 25134373 25134371 25134386 25134370 3.93726108473 2.15442 0.282554 3.00139
9.3156 25134371 25134370 25134386 25134369 3.70877426464 5.91025 3.70511 7.59012
9.34016 25134370 25134369 25134386 25134368 3.49086136926 8.87048 4.34443 9.80913
9.36199 25134369 25134368 25134386 25134367 3.28303305796 10.0618 0.154469 9.79334
9.38547 25134368 25134362 25134386 25134361 2.44422570455 -1.25161 -0.708538 -2.03253
9.02548 25134483 25134482 25134492 25134481 5.52976580795 -5.31387 -10.3549 -1.8379
9.0316 25134482 25134481 25134492 25134480 5.22758097313 -4.5713 -9.35047 0.315077
9.09637 25134481 25134480 25134492 25134479 4.99593346816 -0.262115 -8.63825 1.63322
9.10926 25134480 25134479 25134492 25134478 4.93938066349 -1.26033 -8.885 2.31756
9.17946 25134479 25134478 25134492 25134477 4.66451770247 0.0761856 -8.93111 3.03705
9.19223 25134478 25134476 25134492 25134475 4.17683491473 -1.76553 -6.00216 2.7818
9.19433 25134476 25134472 25134492 25134471 3.49086136926 -11.0474 -4.64871 3.72144
9.19641 25134472 25134465 25134492 25134464 2.44422570455 -6.80167 13.4173 5.99793
