logMh | fpID | subhaloID | main leaf ID | descID |  z
9.02239 60000006700125306 60000006700125305 60000006700125306 60000006700125304 11.4973879548 2.45375 9.03009 -1.63549
9.16852 60000006700125305 60000006700125303 60000006700125306 60000006700125302 10.3674435724 -1.11542 9.54504 -4.18469
9.22457 60000006700125303 60000006700125302 60000006700125306 60000006700125301 9.99659046619 -1.89483 7.24126 -3.88432
9.24362 60000006700125302 60000006700125301 60000006700125306 60000006700125300 9.84138043947 -6.23303 5.78153 -5.44575
9.30923 60000006700125301 60000006700125300 60000006700125306 60000006700125299 9.38877127194 -3.55296 3.30687 -0.37038
9.46733 60000006700125300 60000006700125299 60000006700125306 60000006700125298 9.00233985416 9.88159 8.65947 1.1834
9.65078 60000006700125299 60000006700125297 60000006700125306 60000006700125296 8.44947629437 10.7237 12.0718 1.9969
9.71574 60000006700125297 60000006700125296 60000006700125306 60000006700125295 8.01217294887 5.37901 6.37526 -2.77044
9.83578 60000006700125296 60000006700125295 60000006700125306 60000006700125294 7.59510714987 7.84443 4.74016 6.26403
9.89745 60000006700125295 60000006700125294 60000006700125306 60000006700125293 7.23627606617 10.7846 8.7034 13.2939
9.92471 60000006700125294 60000006700125292 60000006700125306 60000006700125291 6.85511726265 14.1603 9.16641 15.8541
9.94962 60000006700125292 60000006700125291 60000006700125306 60000006700125290 6.49159774567 19.1058 6.6131 14.3811
9.99187 60000006700125291 60000006700125290 60000006700125306 60000006700125289 6.14490120342 22.9411 10.0461 10.8176
10.0104 60000006700125290 60000006700125289 60000006700125306 60000006700125288 6.01075739884 19.0951 10.1855 9.18118
10.0292 60000006700125289 60000006700125288 60000006700125306 60000006700125287 5.84661374788 22.8497 4.89362 13.8976
10.0615 60000006700125288 60000006700125287 60000006700125306 60000006700125286 5.52976580795 13.6184 8.41978 17.0189
10.1233 60000006700125287 60000006700125286 60000006700125306 60000006700125285 5.22758097313 12.9916 7.25355 6.89328
10.2051 60000006700125286 60000006700125284 60000006700125306 60000006700125283 4.93938066349 31.3002 11.5952 10.0131
10.5141 60000006700125284 60000006700125282 60000006700125306 60000006700125281 4.42803373661 51.8568 42.3191 1.02097
10.6173 60000006700125282 60000006700125281 60000006700125306 60000006700125280 4.17683491473 109.537 35.9277 71.217
10.6826 60000006700125281 60000006700125280 60000006700125306 60000006700125279 4.00794511147 111.972 41.2589 68.1616
10.6981 60000006700125280 60000006700125279 60000006700125306 60000006700125278 3.93726108473 116.445 35.0521 82.7414
10.7516 60000006700125279 60000006700125278 60000006700125306 60000006700125277 3.70877426464 124.001 52.7221 90.0924
10.7957 60000006700125278 60000006700125277 60000006700125306 60000006700125276 3.49086136926 113.264 42.0934 102.394
10.8236 60000006700125277 60000006700125268 60000006700125306 60000006700125267 2.20792547238 75.4674 38.9464 62.6292
10.8673 60000006700125268 60000006700125267 60000006700125306 60000006700125266 2.1032696526 85.4684 45.9998 101.292
10.8988 60000006700125267 60000006700125266 60000006700125306 60000006700125265 2.00202813925 50.6429 72.6884 106.211
10.9277 60000006700125266 60000006700125265 60000006700125306 60000006700125264 1.90408954353 12.9915 59.0033 92.4811
10.9858 60000006700125265 60000006700125264 60000006700125306 60000006700125263 1.82268925262 -45.7958 55.3185 107.668
11.0541 60000006700125264 60000006700125263 60000006700125306 60000006700125262 1.74357057433 -150.03 25.1086 99.7266
11.1115 60000006700125263 60000006700125262 60000006700125306 60000006700125261 1.66666955611 -212.914 8.0644 79.7655
11.1436 60000006700125262 60000006700125261 60000006700125306 60000006700125260 1.60423452207 -246.927 -10.4668 74.3906
11.1589 60000006700125261 60000006700125259 60000006700125306 60000006700125258 1.47197484527 -211.304 -31.2852 107.892
11.1778 60000006700125259 60000006700125258 60000006700125306 60000006700125257 1.41409822037 -226.125 -37.6565 104.545
11.1854 60000006700125258 60000006700125257 60000006700125306 60000006700125256 1.3575766674 -241.38 -42.2096 143.253
11.1964 60000006700125257 60000006700125256 60000006700125306 60000006700125255 1.30237845991 -232.332 -33.993 158.886
11.2067 60000006700125256 60000006700125255 60000006700125306 60000006700125254 1.24847261425 -221.587 -35.6192 146.871
11.2096 60000006700125255 60000006700125252 60000006700125306 60000006700125251 1.11415056377 -163.751 0.241247 148.283
11.2107 60000006700125252 60000006700125251 60000006700125306 60000006700125250 1.07445789455 -158.635 -12.5141 141.056
11.2261 60000006700125251 60000006700125250 60000006700125306 60000006700125249 1.03551044566 -182.632 -7.2808 145.466
11.2276 60000006700125250 60000006700125249 60000006700125306 60000006700125248 0.997294225782 -197.447 -36.1473 135.915
11.2288 60000006700125249 60000006700125248 60000006700125306 60000006700125247 0.987852810816 -198.538 -19.548 165.003
11.2383 60000006700125248 60000006700125247 60000006700125306 60000006700125246 0.950531351585 -197.628 -33.2081 151.812
11.2454 60000006700125247 60000006700125245 60000006700125306 60000006700125244 0.886896937575 -232.575 -45.6718 148.36
11.2544 60000006700125245 60000006700125244 60000006700125306 60000006700125243 0.851470900625 -209.017 -39.4436 174.962
11.2568 60000006700125244 60000006700125243 60000006700125306 60000006700125242 0.816709979012 -200.088 -22.4885 168.188
11.2685 60000006700125243 60000006700125242 60000006700125306 60000006700125241 0.791068248946 -211.908 -37.3589 173.055
11.2731 60000006700125242 60000006700125241 60000006700125306 60000006700125240 0.757441372616 -228.277 -8.90169 157.835
11.2809 60000006700125241 60000006700125240 60000006700125306 60000006700125239 0.732636182022 -197.431 -15.3696 138.808
11.291 60000006700125240 60000006700125239 60000006700125306 60000006700125238 0.700106353719 -222.393 -21.0888 135.406
11.2985 60000006700125239 60000006700125238 60000006700125306 60000006700125237 0.676110411213 -235.583 -22.185 131.056
11.3003 60000006700125238 60000006700125237 60000006700125306 60000006700125236 0.644641840685 -242.608 -20.2603 134.354
11.3056 60000006700125237 60000006700125236 60000006700125306 60000006700125235 0.621428745243 -251.63 -31.8746 135.297
11.3129 60000006700125236 60000006700125235 60000006700125306 60000006700125234 0.598543288188 -254.796 -37.072 145.531
11.3199 60000006700125235 60000006700125234 60000006700125306 60000006700125233 0.575980845108 -273.423 -43.4205 141.137
11.3226 60000006700125234 60000006700125233 60000006700125306 60000006700125232 0.546392183141 -276.017 -38.1387 141.899
11.3279 60000006700125233 60000006700125232 60000006700125306 60000006700125231 0.524565820434 -291.321 -51.7242 159.83
11.3322 60000006700125232 60000006700125231 60000006700125306 60000006700125230 0.503047523245 -267.049 -31.6219 161.915
11.3387 60000006700125231 60000006700125230 60000006700125306 60000006700125229 0.481832943421 -264.505 -5.80544 173.504
11.344 60000006700125230 60000006700125229 60000006700125306 60000006700125228 0.460917794181 -265.566 -14.7865 189.53
11.3534 60000006700125229 60000006700125227 60000006700125306 60000006700125226 0.419968941997 -282.766 -8.26875 208.388
11.359 60000006700125227 60000006700125226 60000006700125306 60000006700125225 0.399926964614 -290.644 -3.00332 195.262
11.3612 60000006700125226 60000006700125225 60000006700125306 60000006700125224 0.38016786726 -264.331 -3.22844 209.159
11.3711 60000006700125225 60000006700125224 60000006700125306 60000006700125223 0.360687657262 -252.243 11.9779 211.913
11.3759 60000006700125224 60000006700125223 60000006700125306 60000006700125222 0.347853841858 -237.889 18.2913 225.098
11.384 60000006700125223 60000006700125222 60000006700125306 60000006700125221 0.328829724206 -246.238 17.4326 205.061
11.3881 60000006700125222 60000006700125221 60000006700125306 60000006700125220 0.310074120128 -241.142 36.3088 227.585
11.3956 60000006700125221 60000006700125220 60000006700125306 60000006700125219 0.291583239722 -248.139 51.8514 216.469
11.4031 60000006700125220 60000006700125219 60000006700125306 60000006700125218 0.273353346578 -231.33 36.2109 207.775
11.4062 60000006700125219 60000006700125218 60000006700125306 60000006700125217 0.261343256161 -240.422 59.3747 166.954
11.4135 60000006700125218 60000006700125217 60000006700125306 60000006700125216 0.243540181555 -235.571 48.2732 131.343
11.4146 60000006700125217 60000006700125216 60000006700125306 60000006700125215 0.22598838626 -209.913 59.8437 134.614
11.4214 60000006700125216 60000006700125215 60000006700125306 60000006700125214 0.214425035514 -180.51 71.0643 138.416
11.4232 60000006700125215 60000006700125214 60000006700125306 60000006700125213 0.197284182376 -178.795 56.3567 135.521
11.4291 60000006700125214 60000006700125213 60000006700125306 60000006700125212 0.180385261706 -175.297 63.096 124.527
11.4335 60000006700125213 60000006700125212 60000006700125306 60000006700125211 0.169252033244 -169.546 67.5833 115.568
11.4394 60000006700125212 60000006700125211 60000006700125306 60000006700125210 0.152748768902 -150.203 53.474 130.754
11.4426 60000006700125211 60000006700125210 60000006700125306 60000006700125209 0.14187620397 -156.484 63.2077 141.085
11.4474 60000006700125210 60000006700125209 60000006700125306 60000006700125208 0.125759332411 -148.907 56.5302 140.721
11.4488 60000006700125209 60000006700125208 60000006700125306 60000006700125207 0.109869940459 -156.525 49.5311 145.87
11.4543 60000006700125208 60000006700125207 60000006700125306 60000006700125206 0.0994018026302 -160.458 56.2248 156.027
11.4625 60000006700125207 60000006700125206 60000006700125306 60000006700125205 0.0838844307975 -147.165 45.2349 167.936
11.4645 60000006700125206 60000006700125204 60000006700125306 60000006700125203 0.0585073227945 -178.925 21.2272 165.656
11.4694 60000006700125204 60000006700125203 60000006700125306 60000006700125202 0.0485236299818 -172.553 40.5151 167.135
11.4728 60000006700125203 60000006700125202 60000006700125306 60000006700125201 0.0337243718735 -196.618 21.3448 156.031
11.474 60000006700125202 60000006700125201 60000006700125306 60000006700125200 0.0239744283828 -182.708 32.0069 171.891
11.4767 60000006700125201 60000006700125200 60000006700125306 60000006700125199 0.00952166696794 -206.514 43.1453 171.033
11.4783 60000006700125200 60000006700125199 60000006700125306 -1 2.22044604925e-16 -215.516 36.6007 166.437
9.02548 60000006700125398 60000006700125397 60000006700125401 60000006700125396 9.38877127194 -0.451695 -0.884691 -1.63203
9.09375 60000006700125397 60000006700125396 60000006700125401 60000006700125395 9.00233985416 1.16704 -0.707852 0.755465
9.10926 60000006700125396 60000006700125395 60000006700125401 60000006700125394 8.9079991856 1.81404 -0.755366 0.72816
9.16852 60000006700125395 60000006700125394 60000006700125401 60000006700125393 8.44947629437 3.05271 -2.66512 -1.33284
9.23229 60000006700125394 60000006700125393 60000006700125401 60000006700125392 8.01217294887 4.02111 -3.30274 1.34326
9.30115 60000006700125393 60000006700125392 60000006700125401 60000006700125391 7.59510714987 4.41001 -7.96524 0.799327
9.39346 60000006700125392 60000006700125391 60000006700125401 60000006700125390 7.23627606617 -0.853234 -10.1432 1.83302
9.60543 60000006700125391 60000006700125390 60000006700125401 60000006700125389 7.00541704554 15.2167 2.92765 3.86434
9.67629 60000006700125390 60000006700125389 60000006700125401 60000006700125388 6.85511726265 16.8843 5.53353 6.84717
9.78955 60000006700125389 60000006700125388 60000006700125401 60000006700125387 6.49159774567 5.63176 1.73939 7.71171
9.94035 60000006700125388 60000006700125387 60000006700125401 60000006700125386 6.14490120342 -3.29424 0.642211 4.22894
9.98211 60000006700125387 60000006700125386 60000006700125401 60000006700125385 6.01075739884 0.0429867 1.57566 8.85226
10.0471 60000006700125386 60000006700125385 60000006700125401 60000006700125384 5.84661374788 -13.7565 -12.2002 4.69136
10.0768 60000006700125385 60000006700125384 60000006700125401 60000006700125383 5.52976580795 -4.48558 -3.24417 6.48843
10.1195 60000006700125384 60000006700125383 60000006700125401 60000006700125382 5.22758097313 -25.4499 -32.0889 -1.84932
10.2095 60000006700125383 60000006700125382 60000006700125401 60000006700125381 4.99593346816 3.16499 -4.87917 6.19445
10.3011 60000006700125382 60000006700125380 60000006700125401 60000006700125379 4.66451770247 14.1289 35.0172 -3.05941
9.10415 60000006700125408 60000006700125407 60000006700125413 60000006700125406 8.01217294887 4.55278 -8.40828 -2.9669
9.11179 60000006700125407 60000006700125406 60000006700125413 60000006700125405 7.59510714987 3.06998 -5.429 -2.68515
9.03463 60000006700125447 60000006700125446 60000006700125457 60000006700125445 7.59510714987 1.17912 3.57192 -0.461355
9.06096 60000006700125446 60000006700125445 60000006700125457 60000006700125444 7.23627606617 3.24859 4.99765 2.77342
9.09111 60000006700125445 60000006700125442 60000006700125457 60000006700125441 6.49159774567 3.28996 10.2471 -0.844545
9.16182 60000006700125489 60000006700125488 60000006700125501 60000006700125487 4.99593346816 -8.75099 10.0438 -4.28969
9.24175 60000006700125488 60000006700125487 60000006700125501 60000006700125486 4.93938066349 -6.03268 10.2639 -11.6565
9.02239 60000006700125532 60000006700125531 60000006700125546 60000006700125530 5.22758097313 0.269815 8.27174 -5.84255
9.02548 60000006700125531 60000006700125530 60000006700125546 60000006700125529 4.99593346816 -0.153295 3.09851 -4.88508
9.06939 60000006700125597 60000006700125596 60000006700125607 60000006700125595 6.49159774567 1.69468 3.67602 1.18767
9.18589 60000006700125596 60000006700125595 60000006700125607 60000006700125594 6.14490120342 -15.0629 -2.5669 11.7721
9.18589 60000006700125595 60000006700125593 60000006700125607 60000006700125592 5.84661374788 3.67099 1.70239 -0.367759
9.23988 60000006700125593 60000006700125592 60000006700125607 60000006700125591 5.52976580795 6.33893 -1.22543 -0.82098
9.31083 60000006700125592 60000006700125591 60000006700125607 60000006700125590 5.22758097313 -10.5018 -2.97268 -0.904194
9.33263 60000006700125591 60000006700125590 60000006700125607 60000006700125589 4.99593346816 -4.1558 -5.73251 -3.44497
9.00012 60000006700125647 60000006700125646 60000006700125652 60000006700125645 5.22758097313 -8.25506 1.13554 -0.23117
9.04062 60000006700125646 60000006700125645 60000006700125652 60000006700125644 4.99593346816 -3.7585 0.224691 0.210135
9.06096 60000006700125645 60000006700125644 60000006700125652 60000006700125643 4.93938066349 -3.60716 -0.317961 1.11984
9.00337 60000006700125744 60000006700125743 60000006700125762 60000006700125742 3.00813107163 0.564154 -3.54577 -6.52614
9.02239 60000006700125913 60000006700125912 60000006700125920 60000006700125911 5.84661374788 0.865323 -3.0999 -0.589722
9.05524 60000006700125912 60000006700125911 60000006700125920 60000006700125910 5.52976580795 1.98873 -2.83501 0.474786
9.0666 60000006700125911 60000006700125908 60000006700125920 60000006700125907 4.93938066349 1.73245 -1.13816 -0.210442
9.09375 60000006700125908 60000006700125907 60000006700125920 60000006700125906 4.66451770247 4.156 -3.55181 2.90354
9.10671 60000006700125907 60000006700125906 60000006700125920 60000006700125905 4.42803373661 3.61583 -2.12254 0.757051
9.15042 60000006700125906 60000006700125903 60000006700125920 60000006700125902 3.93726108473 3.53649 -2.86456 2.13165
9.17293 60000006700125903 60000006700125902 60000006700125920 60000006700125901 3.70877426464 1.63488 -9.53595 1.00795
9.17512 60000006700125902 60000006700125900 60000006700125920 60000006700125899 3.28303305796 -2.11926 4.088 6.80197
9.23799 60000006700125900 60000006700125899 60000006700125920 60000006700125898 3.08482263583 0.753631 3.53997 2.70775
9.26543 60000006700125899 60000006700125898 60000006700125920 60000006700125897 3.00813107163 1.59001 2.34234 4.42368
9.12668 60000006700125966 60000006700125965 60000006700125975 60000006700125964 8.01217294887 7.53468 4.92542 4.40936
9.21869 60000006700125965 60000006700125964 60000006700125975 60000006700125963 7.59510714987 0.419016 9.24546 7.06456
9.35771 60000006700125964 60000006700125963 60000006700125975 60000006700125962 7.23627606617 -0.339533 12.5746 10.0485
9.41156 60000006700125963 60000006700125962 60000006700125975 60000006700125961 7.00541704554 0.450402 9.23333 8.51779
9.45719 60000006700125962 60000006700125961 60000006700125975 60000006700125960 6.85511726265 15.4435 4.96923 7.80618
9.60462 60000006700125961 60000006700125959 60000006700125975 60000006700125958 6.14490120342 -15.73 -7.43192 1.27391
9.60543 60000006700125959 60000006700125958 60000006700125975 60000006700125957 6.01075739884 -23.5892 -15.129 -0.0324765
9.65586 60000006700125958 60000006700125957 60000006700125975 60000006700125956 5.84661374788 -20.3768 -11.5565 2.44419
9.67698 60000006700125957 60000006700125956 60000006700125975 60000006700125955 5.52976580795 -4.94817 -6.3929 3.36118
9.7366 60000006700125956 60000006700125955 60000006700125975 60000006700125954 5.22758097313 1.8857 -3.00682 5.45368
9.76669 60000006700125955 60000006700125954 60000006700125975 60000006700125953 4.99593346816 -0.769406 -2.50135 3.67145
9.79691 60000006700125954 60000006700125953 60000006700125975 60000006700125952 4.93938066349 -8.69279 -1.9324 5.33507
9.81877 60000006700125953 60000006700125952 60000006700125975 60000006700125951 4.66451770247 -7.89349 -1.04218 6.49973
9.8666 60000006700125952 60000006700125950 60000006700125975 60000006700125949 4.17683491473 0.693312 3.04737 10.6175
9.91289 60000006700125950 60000006700125949 60000006700125975 60000006700125948 4.00794511147 3.0332 5.70049 16.7519
9.93469 60000006700125949 60000006700125948 60000006700125975 60000006700125947 3.93726108473 3.49156 4.61497 21.7618
10.0882 60000006700125948 60000006700125947 60000006700125975 60000006700125946 3.70877426464 32.768 12.6682 20.2715
10.0924 60000006700125947 60000006700125944 60000006700125975 60000006700125943 3.08482263583 10.2676 6.42216 26.8027
10.1679 60000006700125944 60000006700125943 60000006700125975 60000006700125942 3.00813107163 25.6348 4.66304 34.7223
10.2281 60000006700125943 60000006700125941 60000006700125975 60000006700125940 2.73314261732 18.8069 -14.464 30.0146
10.2862 60000006700125941 60000006700125940 60000006700125975 60000006700125939 2.5772902716 29.8973 -8.31931 38.2483
10.3026 60000006700125940 60000006700125939 60000006700125975 60000006700125938 2.44422570455 30.5303 -13.0112 42.7461
10.334 60000006700125939 60000006700125938 60000006700125975 60000006700125937 2.31611074396 25.9123 -19.0844 53.8514
9.03763 60000006700126040 60000006700126039 60000006700126049 60000006700126038 5.22758097313 -3.16219 -2.99636 -3.94327
9.06096 60000006700126039 60000006700126038 60000006700126049 60000006700126037 4.99593346816 -4.16161 -5.62927 -0.496332
9.08845 60000006700126038 60000006700126036 60000006700126049 60000006700126035 4.66451770247 -2.42364 -7.36706 -1.46029
9.17293 60000006700126036 60000006700126034 60000006700126049 60000006700126033 4.17683491473 -9.36954 -7.46336 -6.58136
9.40774 60000006700126034 60000006700126033 60000006700126049 60000006700126032 4.00794511147 -32.0674 -52.1376 -30.6919
9.41909 60000006700126033 60000006700126032 60000006700126049 60000006700126031 3.93726108473 -30.4617 -53.5892 -30.9268
9.00012 60000006700126063 60000006700126062 60000006700126067 60000006700126061 5.52976580795 3.23088 2.33491 2.26286
9.02855 60000006700126062 60000006700126061 60000006700126067 60000006700126060 5.22758097313 5.07979 4.59358 -2.67741
9.17512 60000006700126061 60000006700126058 60000006700126067 60000006700126057 4.66451770247 -20.9244 -1.47241 11.6648
9.36622 60000006700126058 60000006700126053 60000006700126067 60000006700126052 3.49086136926 -10.3939 -33.6416 -26.4607
9.09637 60000006700126069 60000006700126068 60000006700126075 60000006700126058 4.93938066349 -26.4951 -5.22609 10.4137
9.00012 60000006700126108 60000006700126107 60000006700126129 60000006700126106 2.1032696526 5.86244 12.2654 0.67268
9.00012 60000006700126107 60000006700126105 60000006700126129 60000006700126104 1.90408954353 1.3779 9.38267 1.91102
9.03763 60000006700126105 60000006700126104 60000006700126129 60000006700126103 1.82268925262 10.4971 5.62967 2.22635
9.04653 60000006700126104 60000006700126103 60000006700126129 60000006700126102 1.74357057433 15.9088 7.04643 0.815795
9.05235 60000006700126103 60000006700126102 60000006700126129 60000006700126101 1.66666955611 10.2487 8.10636 1.46432
9.05811 60000006700126102 60000006700126099 60000006700126129 60000006700126098 1.47197484527 10.8596 7.10549 3.62991
9.02855 60000006700126365 60000006700126364 60000006700126373 60000006700126363 3.70877426464 -5.19998 -3.99222 -4.27999
9.0316 60000006700126364 60000006700126363 60000006700126373 60000006700126362 3.49086136926 -7.81514 -1.97587 -7.03737
9.08038 60000006700126363 60000006700126362 60000006700126373 60000006700126361 3.28303305796 -9.62026 -4.03489 -8.73326
9.09111 60000006700126362 60000006700126361 60000006700126373 60000006700126360 3.08482263583 -8.48256 -5.81935 -11.2141
9.12668 60000006700126361 60000006700126360 60000006700126373 60000006700126359 3.00813107163 -3.60086 -5.79402 -8.45171
9.22262 60000006700126360 60000006700126359 60000006700126373 60000006700126358 2.89578500573 -6.58975 -17.5953 -0.725096
9.22845 60000006700126359 60000006700126355 60000006700126373 60000006700126354 2.31611074396 -0.730879 -7.40918 2.19511
9.25101 60000006700126355 60000006700126354 60000006700126373 60000006700126353 2.20792547238 -2.07998 -4.64595 -7.91375
9.05811 60000006700126544 60000006700126543 60000006700126552 60000006700126542 4.99593346816 7.90726 0.0709261 0.587097
9.07766 60000006700126543 60000006700126542 60000006700126552 60000006700126541 4.93938066349 6.24845 -0.234039 0.627548
9.12912 60000006700126542 60000006700126540 60000006700126552 60000006700126539 4.42803373661 4.32408 -1.34084 -1.43869
9.17946 60000006700126540 60000006700126539 60000006700126552 60000006700126538 4.17683491473 2.29633 -3.27139 -0.274045
9.19223 60000006700126539 60000006700126538 60000006700126552 60000006700126537 4.00794511147 2.73718 -3.36109 -1.66779
9.21272 60000006700126538 60000006700126537 60000006700126552 60000006700126536 3.93726108473 0.933774 -2.79413 -4.33992
9.2342 60000006700126537 60000006700126536 60000006700126552 60000006700126535 3.70877426464 -1.03655 -2.9849 -3.84655
9.33415 60000006700126536 60000006700126535 60000006700126552 60000006700126534 3.49086136926 -10.6844 -4.15167 -7.12794
9.35483 60000006700126535 60000006700126534 60000006700126552 60000006700126533 3.28303305796 -10.8763 -10.8565 -7.34583
9.38948 60000006700126534 60000006700126533 60000006700126552 60000006700126532 3.08482263583 -1.33446 -7.77258 -7.46953
9.42771 60000006700126533 60000006700126529 60000006700126552 60000006700126528 2.5772902716 -7.08634 -5.10996 -16.4345
9.44211 60000006700126529 60000006700126528 60000006700126552 60000006700126527 2.44422570455 3.49805 -22.2556 -16.5579
9.56468 60000006700126528 60000006700126527 60000006700126552 60000006700126526 2.31611074396 12.1351 -27.9218 -25.3282
9.58127 60000006700126527 60000006700126523 60000006700126552 60000006700126522 1.90408954353 26.7855 -20.4753 -12.3452
9.13394 60000006700126597 60000006700126596 60000006700126607 60000006700126595 3.93726108473 -22.2756 -15.5346 -3.59893
9.16407 60000006700126596 60000006700126593 60000006700126607 60000006700126592 3.28303305796 -14.4266 -9.76174 -4.73107
9.18802 60000006700126593 60000006700126592 60000006700126607 60000006700126591 3.08482263583 -10.9535 -5.56854 -4.28908
9.19013 60000006700126592 60000006700126591 60000006700126607 60000006700126590 3.00813107163 -10.5101 -8.4657 -2.08167
9.19433 60000006700126591 60000006700126590 60000006700126607 60000006700126589 2.89578500573 -8.64284 -5.69109 -3.10603
9.00337 60000006700126705 60000006700126704 60000006700126712 60000006700126703 4.42803373661 -5.25205 -10.3237 -15.5452
9.06939 60000006700126704 60000006700126703 60000006700126712 60000006700126702 4.17683491473 -6.06932 -13.0081 -13.5682
9.07216 60000006700126703 60000006700126702 60000006700126712 60000006700126701 4.00794511147 -6.02851 -14.5743 -15.2184
9.08578 60000006700126702 60000006700126701 60000006700126712 60000006700126700 3.93726108473 -7.22707 -14.8964 -12.5474
9.14811 60000006700126701 60000006700126700 60000006700126712 60000006700126699 3.70877426464 -12.063 -8.65355 -16.3822
9.18802 60000006700126700 60000006700126699 60000006700126712 60000006700126698 3.49086136926 -8.98261 -7.41234 -13.3391
9.23799 60000006700126699 60000006700126697 60000006700126712 60000006700126696 3.08482263583 -9.3037 -4.77906 -17.1662
9.24918 60000006700126697 60000006700126696 60000006700126712 60000006700126695 3.00813107163 -6.31659 -2.61926 -15.8689
9.29622 60000006700126696 60000006700126695 60000006700126712 60000006700126694 2.89578500573 -5.29707 -3.27503 -15.7147
9.34461 60000006700126695 60000006700126694 60000006700126712 60000006700126693 2.73314261732 7.07017 5.33888 3.70482
9.38412 60000006700126694 60000006700126693 60000006700126712 60000006700126692 2.5772902716 10.8219 7.04956 2.84009
9.38681 60000006700126693 60000006700126692 60000006700126712 60000006700126691 2.44422570455 11.1957 7.64764 3.52693
9.39081 60000006700126692 60000006700126690 60000006700126712 60000006700126689 2.20792547238 13.233 11.4334 5.05095
9.41282 60000006700126690 60000006700126689 60000006700126712 60000006700126688 2.1032696526 11.192 9.9951 6.96295
9.41534 60000006700126689 60000006700126688 60000006700126712 60000006700126687 2.00202813925 4.05727 6.30559 1.87384
9.02855 60000006700126791 60000006700126790 60000006700126798 60000006700126789 4.42803373661 -9.32667 -7.56759 5.8863
9.04945 60000006700126790 60000006700126789 60000006700126798 60000006700126788 4.17683491473 -9.12302 -7.41999 4.42298
9.09111 60000006700126789 60000006700126788 60000006700126798 60000006700126787 4.00794511147 -3.42027 -3.0247 6.77032
9.09375 60000006700126788 60000006700126776 60000006700126798 60000006700126775 2.20792547238 0.965803 -4.22442 2.28669
9.10671 60000006700126776 60000006700126775 60000006700126798 60000006700126774 2.1032696526 -5.11212 -5.87389 1.42101
9.10671 60000006700126775 60000006700126774 60000006700126798 60000006700126773 2.00202813925 -4.41748 -5.6685 2.2507
9.16407 60000006700126774 60000006700126771 60000006700126798 60000006700126770 1.74357057433 1.67304 -5.61369 -0.642919
9.1663 60000006700126771 60000006700126766 60000006700126798 60000006700126765 1.41409822037 -7.74021 -3.27556 -0.69737
9.17073 60000006700126766 60000006700126764 60000006700126798 60000006700126763 1.30237845991 -7.46572 -2.9211 -0.501935
9.19641 60000006700126764 60000006700126762 60000006700126798 60000006700126761 1.20625808078 -6.04588 -1.17536 -10.8765
9.01614 60000006700127050 60000006700127049 60000006700127081 60000006700127048 1.66666955611 7.26399 4.19897 3.40577
9.02548 60000006700127049 60000006700127046 60000006700127081 60000006700127045 1.47197484527 4.83903 6.52996 8.32442
9.06096 60000006700127046 60000006700127045 60000006700127081 60000006700127044 1.41409822037 13.6288 -5.77449 -0.786976
9.0666 60000006700127045 60000006700127044 60000006700127081 60000006700127043 1.3575766674 9.52763 -6.23629 2.37268
9.0666 60000006700127161 60000006700127160 60000006700127174 60000006700127159 3.28303305796 1.06779 10.4502 -10.169
9.07492 60000006700127160 60000006700127159 60000006700127174 60000006700127158 3.08482263583 1.7346 8.17289 -8.35532
9.09375 60000006700127159 60000006700127158 60000006700127174 60000006700127157 3.00813107163 0.950101 6.02101 -10.0788
9.14108 60000006700127158 60000006700127156 60000006700127174 60000006700127155 2.73314261732 0.848368 1.67495 -12.7977
9.17293 60000006700127156 60000006700127155 60000006700127174 60000006700127154 2.5772902716 1.98977 0.465058 -12.9436
