logMh | fpID | subhaloID | main leaf ID | descID |  z
9.04062 80000167400000098 80000167400000097 80000167400000107 80000167400000096 8.01217294887 0.925814 1.08891 0.944198
9.05811 80000167400000097 80000167400000096 80000167400000107 80000167400000095 7.59510714987 5.70841 -2.12484 0.384022
9.43257 80000167400000096 80000167400000093 80000167400000107 80000167400000092 6.85511726265 22.2366 3.72261 1.89391
9.58127 80000167400000093 80000167400000092 80000167400000107 80000167400000091 6.49159774567 17.9703 2.64141 4.4107
9.63969 80000167400000092 80000167400000091 80000167400000107 80000167400000090 6.14490120342 17.5406 -1.03935 4.92062
9.66302 80000167400000091 80000167400000090 80000167400000107 80000167400000089 6.01075739884 18.8357 2.07974 4.56378
9.70621 80000167400000090 80000167400000089 80000167400000107 80000167400000088 5.84661374788 17.7931 2.2575 4.51249
9.7342 80000167400000089 80000167400000088 80000167400000107 80000167400000087 5.52976580795 15.664 0.194924 6.22051
9.74725 80000167400000088 80000167400000087 80000167400000107 80000167400000086 5.22758097313 13.3271 1.27993 4.7817
9.76557 80000167400000087 80000167400000086 80000167400000107 80000167400000085 4.99593346816 14.652 0.147585 7.37799
9.78582 80000167400000086 80000167400000085 80000167400000107 80000167400000084 4.93938066349 8.79675 0.646345 9.22299
9.79743 80000167400000085 80000167400000084 80000167400000107 80000167400000083 4.66451770247 4.41356 1.1137 8.2786
9.80054 80000167400000084 80000167400000082 80000167400000107 80000167400000081 4.17683491473 -0.298139 3.48951 12.0795
9.86571 80000167400000082 80000167400000081 80000167400000107 80000167400000080 4.00794511147 -5.25764 -1.26142 15.3408
9.89952 80000167400000081 80000167400000079 80000167400000107 80000167400000078 3.70877426464 -9.48776 0.108625 12.8408
9.96191 80000167400000079 80000167400000078 80000167400000107 80000167400000077 3.49086136926 -26.4007 -10.3642 20.1741
10.0295 80000167400000078 80000167400000077 80000167400000107 80000167400000076 3.28303305796 -62.6919 -28.7932 51.0026
10.0346 80000167400000077 80000167400000076 80000167400000107 80000167400000075 3.08482263583 -58.1774 -15.3733 54.3314
10.1003 80000167400000076 80000167400000075 80000167400000107 80000167400000074 3.00813107163 -67.4531 -7.60261 59.2617
10.1827 80000167400000075 80000167400000074 80000167400000107 80000167400000073 2.89578500573 -100.744 20.7648 84.9728
10.3924 80000167400000074 80000167400000073 80000167400000107 80000167400000072 2.73314261732 -113.639 48.3541 123.089
10.5749 80000167400000073 80000167400000071 80000167400000107 80000167400000070 2.44422570455 -122.361 -12.8184 131.712
10.6296 80000167400000071 80000167400000070 80000167400000107 80000167400000069 2.31611074396 -137.943 8.04333 120.553
10.669 80000167400000070 80000167400000069 80000167400000107 80000167400000068 2.20792547238 -144.058 25.9834 119.393
10.6876 80000167400000069 80000167400000068 80000167400000107 80000167400000067 2.1032696526 -138.701 40.4459 112.013
10.714 80000167400000068 80000167400000067 80000167400000107 80000167400000066 2.00202813925 -142.213 47.1425 100.658
10.7461 80000167400000067 80000167400000064 80000167400000107 80000167400000063 1.74357057433 -182.076 52.4595 76.2159
10.7662 80000167400000064 80000167400000063 80000167400000107 80000167400000062 1.66666955611 -236.139 32.8164 58.9103
10.7858 80000167400000063 80000167400000061 80000167400000107 80000167400000060 1.53123902916 -275.249 57.903 61.2542
10.8027 80000167400000061 80000167400000060 80000167400000107 80000167400000059 1.47197484527 -278.56 61.0911 51.9615
10.837 80000167400000060 80000167400000058 80000167400000107 80000167400000057 1.3575766674 -280.027 43.3966 62.9656
10.8471 80000167400000058 80000167400000057 80000167400000107 80000167400000056 1.30237845991 -259.933 53.6764 83.1451
10.8726 80000167400000057 80000167400000056 80000167400000107 80000167400000055 1.24847261425 -257.499 46.2724 69.9129
10.9476 80000167400000056 80000167400000053 80000167400000107 80000167400000052 1.11415056377 -203.043 88.6766 47.7146
10.9716 80000167400000053 80000167400000052 80000167400000107 80000167400000051 1.07445789455 -193.252 96.4045 34.1181
10.9829 80000167400000052 80000167400000051 80000167400000107 80000167400000050 1.03551044566 -190.371 92.2042 11.5199
11.0031 80000167400000051 80000167400000050 80000167400000107 80000167400000049 0.997294225782 -190.683 92.3509 -37.032
11.0198 80000167400000050 80000167400000049 80000167400000107 80000167400000048 0.987852810816 -183.972 102.944 -56.7526
11.0768 80000167400000049 80000167400000048 80000167400000107 80000167400000047 0.950531351585 -81.5373 166.816 -139.789
11.1489 80000167400000048 80000167400000045 80000167400000107 80000167400000044 0.851470900625 184.173 256.254 -24.2783
11.1695 80000167400000045 80000167400000044 80000167400000107 80000167400000043 0.816709979012 79.8218 183.27 14.472
11.2165 80000167400000044 80000167400000043 80000167400000107 80000167400000042 0.791068248946 104.944 120.066 62.1546
11.2471 80000167400000043 80000167400000042 80000167400000107 80000167400000041 0.757441372616 -138.572 -217.449 108.485
11.2769 80000167400000042 80000167400000041 80000167400000107 80000167400000040 0.732636182022 -153.785 -307.656 156.279
11.2824 80000167400000041 80000167400000035 80000167400000107 80000167400000034 0.575980845108 65.2219 221.382 164.501
11.3239 80000167400000035 80000167400000034 80000167400000107 80000167400000033 0.546392183141 110.473 237.5 205.384
11.3391 80000167400000034 80000167400000033 80000167400000107 80000167400000032 0.524565820434 75.8337 117.736 169.316
11.3394 80000167400000033 80000167400000032 80000167400000107 80000167400000031 0.503047523245 46.7869 72.9333 144.14
11.3454 80000167400000032 80000167400000031 80000167400000107 80000167400000030 0.481832943421 -4.8831 15.0518 132.819
11.3567 80000167400000031 80000167400000028 80000167400000107 80000167400000027 0.419968941997 68.703 54.1954 156.409
11.3687 80000167400000028 80000167400000027 80000167400000107 80000167400000026 0.399926964614 99.6936 86.1117 152.912
11.4069 80000167400000027 80000167400000026 80000167400000107 80000167400000025 0.38016786726 126.041 113.406 123.046
11.4242 80000167400000026 80000167400000025 80000167400000107 80000167400000024 0.360687657262 175.664 186.853 137.23
11.4302 80000167400000025 80000167400000024 80000167400000107 80000167400000023 0.347853841858 165.014 173.399 128.767
11.4507 80000167400000024 80000167400000023 80000167400000107 80000167400000022 0.328829724206 206.122 136.579 110.189
11.4651 80000167400000023 80000167400000022 80000167400000107 80000167400000021 0.310074120128 189.49 102.812 116.937
11.4685 80000167400000022 80000167400000017 80000167400000107 80000167400000016 0.22598838626 230.635 146.262 67.4225
11.47 80000167400000017 80000167400000016 80000167400000107 80000167400000015 0.214425035514 220.754 133.146 64.6607
11.4882 80000167400000016 80000167400000015 80000167400000107 80000167400000014 0.197284182376 188.87 125.203 30.3692
11.5011 80000167400000015 80000167400000014 80000167400000107 80000167400000013 0.180385261706 149.772 130.95 3.01679
11.5082 80000167400000014 80000167400000012 80000167400000107 80000167400000011 0.152748768902 122.208 119.415 -26.8148
11.5134 80000167400000012 80000167400000011 80000167400000107 80000167400000010 0.14187620397 113.027 135.92 -25.4043
11.5171 80000167400000011 80000167400000010 80000167400000107 80000167400000009 0.125759332411 85.3365 94.2313 -27.3457
11.5235 80000167400000010 80000167400000009 80000167400000107 80000167400000008 0.109869940459 75.0989 88.238 -27.6995
11.5239 80000167400000009 80000167400000008 80000167400000107 80000167400000007 0.0994018026302 85.413 104.061 -15.4898
11.5289 80000167400000008 80000167400000007 80000167400000107 80000167400000006 0.0838844307975 82.3843 93.1174 -17.7059
11.5296 80000167400000007 80000167400000006 80000167400000107 80000167400000005 0.0736613846564 72.3755 76.6649 4.3519
11.5362 80000167400000006 80000167400000005 80000167400000107 80000167400000004 0.0585073227945 109.762 83.9052 27.3163
11.5399 80000167400000005 80000167400000004 80000167400000107 80000167400000003 0.0485236299818 105.798 94.1856 25.5833
11.5455 80000167400000004 80000167400000002 80000167400000107 80000167400000001 0.0239744283828 104.239 90.0084 37.6388
11.5562 80000167400000002 80000167400000001 80000167400000107 80000167400000000 0.00952166696794 110.963 110.765 50.4724
11.56 80000167400000001 80000167400000000 80000167400000107 -1 2.22044604925e-16 113.899 113.683 45.054
9.02548 80000167400000113 80000167400000112 80000167400000119 80000167400000111 8.01217294887 0.767876 3.42713 5.83866
9.06096 80000167400000112 80000167400000111 80000167400000119 80000167400000110 7.59510714987 3.12674 2.69409 6.84809
9.19641 80000167400000111 80000167400000110 80000167400000119 80000167400000109 7.23627606617 -3.16529 5.90974 8.81644
9.2828 80000167400000110 80000167400000109 80000167400000119 80000167400000108 7.00541704554 -1.59507 4.62184 8.44866
9.07766 80000167400000213 80000167400000212 80000167400000222 80000167400000211 8.01217294887 2.1422 -1.38018 -2.19787
9.11431 80000167400000212 80000167400000211 80000167400000222 80000167400000210 7.59510714987 0.44488 -4.95713 -2.29164
9.11681 80000167400000211 80000167400000210 80000167400000222 80000167400000209 7.23627606617 0.69022 -4.67509 -1.88891
9.19013 80000167400000210 80000167400000209 80000167400000222 80000167400000208 7.00541704554 0.695493 -5.32648 -2.81645
9.29457 80000167400000209 80000167400000208 80000167400000222 80000167400000207 6.85511726265 -1.83998 -10.4933 -0.235881
9.30923 80000167400000208 80000167400000203 80000167400000222 80000167400000202 5.52976580795 3.45475 -2.83729 -7.80997
9.37457 80000167400000203 80000167400000202 80000167400000222 80000167400000201 5.22758097313 -6.59657 -6.40262 -1.23011
9.42771 80000167400000202 80000167400000201 80000167400000222 80000167400000200 4.99593346816 -6.46683 -1.92518 7.49588
9.43136 80000167400000201 80000167400000200 80000167400000222 80000167400000199 4.93938066349 -8.83224 0.454488 9.90819
9.5207 80000167400000200 80000167400000199 80000167400000222 80000167400000198 4.66451770247 -6.09306 7.85012 5.21293
9.52948 80000167400000199 80000167400000198 80000167400000222 80000167400000197 4.42803373661 -2.84414 10.548 6.71885
9.65802 80000167400000198 80000167400000197 80000167400000222 80000167400000196 4.17683491473 -7.50042 17.8645 17.6562
9.67698 80000167400000197 80000167400000196 80000167400000222 80000167400000195 4.00794511147 -8.71855 17.9149 17.0128
9.69184 80000167400000196 80000167400000195 80000167400000222 80000167400000194 3.93726108473 -7.02793 17.3083 12.0736
9.70428 80000167400000195 80000167400000194 80000167400000222 80000167400000193 3.70877426464 -8.85144 11.1639 12.6024
9.0316 80000167400000234 80000167400000233 80000167400000240 80000167400000232 6.49159774567 -6.37808 1.00526 9.4322
9.03463 80000167400000233 80000167400000232 80000167400000240 80000167400000231 6.14490120342 -13.717 -2.06755 16.6514
9.07216 80000167400000232 80000167400000231 80000167400000240 80000167400000230 6.01075739884 -8.94649 -3.25499 10.155
9.04653 80000167400000302 80000167400000301 80000167400000308 80000167400000300 9.00233985416 0.688383 1.99699 -1.33589
9.06939 80000167400000301 80000167400000300 80000167400000308 80000167400000299 8.9079991856 -1.85754 3.44245 -2.36715
9.12178 80000167400000300 80000167400000299 80000167400000308 80000167400000298 8.44947629437 -2.50288 3.25292 -1.32424
9.23229 80000167400000299 80000167400000298 80000167400000308 80000167400000297 8.01217294887 -8.22206 -3.08208 -1.61418
9.2828 80000167400000298 80000167400000297 80000167400000308 80000167400000296 7.59510714987 -7.19053 -4.36281 2.81671
9.33866 80000167400000297 80000167400000296 80000167400000308 80000167400000295 7.23627606617 -7.46943 -4.02691 2.10697
9.37869 80000167400000296 80000167400000295 80000167400000308 80000167400000294 7.00541704554 -7.98758 -2.14372 0.662541
9.4026 80000167400000295 80000167400000294 80000167400000308 80000167400000293 6.85511726265 -6.69521 -5.05554 2.60161
9.46733 80000167400000294 80000167400000293 80000167400000308 80000167400000292 6.49159774567 -6.23967 -5.51447 -0.643312
9.51175 80000167400000293 80000167400000292 80000167400000308 80000167400000291 6.14490120342 -4.31842 -4.47728 -0.606358
9.53618 80000167400000292 80000167400000291 80000167400000308 80000167400000290 6.01075739884 -4.42007 -3.25322 0.760076
9.56021 80000167400000291 80000167400000290 80000167400000308 80000167400000289 5.84661374788 -6.36256 -2.94978 -1.5326
9.60462 80000167400000290 80000167400000289 80000167400000308 80000167400000288 5.52976580795 -7.92941 -5.57682 -3.6999
9.60543 80000167400000289 80000167400000288 80000167400000308 80000167400000287 5.22758097313 -8.11707 -6.78453 -8.26707
9.64564 80000167400000288 80000167400000287 80000167400000308 80000167400000286 4.99593346816 -3.57075 -14.5318 -6.08223
9.69051 80000167400000287 80000167400000286 80000167400000308 80000167400000285 4.93938066349 -10.5612 -10.2966 -14.6559
9.77881 80000167400000286 80000167400000285 80000167400000308 80000167400000284 4.66451770247 -1.35535 -17.8512 -17.2744
9.85261 80000167400000285 80000167400000284 80000167400000308 80000167400000283 4.42803373661 -2.87173 -15.2617 -19.7239
9.93126 80000167400000284 80000167400000283 80000167400000308 80000167400000282 4.17683491473 1.8681 -19.912 -20.4624
9.98109 80000167400000283 80000167400000282 80000167400000308 80000167400000281 4.00794511147 2.02749 -14.611 -30.2462
9.98381 80000167400000282 80000167400000281 80000167400000308 80000167400000280 3.93726108473 1.39122 -11.1629 -29.1561
10.037 80000167400000281 80000167400000280 80000167400000308 80000167400000279 3.70877426464 -5.35453 -10.0541 -31.2915
10.0524 80000167400000280 80000167400000279 80000167400000308 80000167400000278 3.49086136926 -6.08344 -4.65763 -37.6192
9.04358 80000167400000331 80000167400000330 80000167400000334 80000167400000329 8.01217294887 3.95894 -1.70156 -6.72745
9.12912 80000167400000330 80000167400000329 80000167400000334 80000167400000328 7.59510714987 1.72552 0.659332 1.6139
9.17729 80000167400000329 80000167400000328 80000167400000334 80000167400000327 7.23627606617 2.6505 -2.02927 0.727852
9.22845 80000167400000328 80000167400000327 80000167400000334 80000167400000326 7.00541704554 -3.88266 5.48443 4.05308
9.26896 80000167400000327 80000167400000325 80000167400000334 80000167400000324 6.49159774567 2.40178 0.82959 0.558505
9.29787 80000167400000325 80000167400000324 80000167400000334 80000167400000323 6.14490120342 -1.99949 2.00424 1.69914
9.29951 80000167400000324 80000167400000323 80000167400000334 80000167400000322 6.01075739884 -3.64498 2.69289 -1.07652
9.32031 80000167400000323 80000167400000321 80000167400000334 80000167400000320 5.52976580795 -8.67751 5.85019 -0.0268639
9.00337 80000167400000376 80000167400000375 80000167400000391 80000167400000374 4.17683491473 3.23214 2.46143 -0.137819
9.03763 80000167400000375 80000167400000374 80000167400000391 80000167400000373 4.00794511147 -1.02803 -4.6247 3.15715
9.05235 80000167400000374 80000167400000372 80000167400000391 80000167400000371 3.70877426464 0.353489 -4.51054 0.962644
9.0666 80000167400000372 80000167400000371 80000167400000391 80000167400000370 3.49086136926 1.4611 -3.309 0.032679
9.07766 80000167400000371 80000167400000368 80000167400000391 80000167400000367 3.00813107163 -2.71109 2.31102 0.292707
9.23799 80000167400000368 80000167400000365 80000167400000391 80000167400000364 2.5772902716 2.08878 -0.829676 -26.2671
9.29951 80000167400000365 80000167400000364 80000167400000391 80000167400000363 2.44422570455 3.71134 -0.123087 -28.9169
9.02855 80000167400000400 80000167400000399 80000167400000411 80000167400000398 3.08482263583 -1.98995 -8.53127 2.89314
9.08309 80000167400000399 80000167400000397 80000167400000411 80000167400000396 2.89578500573 0.894284 -12.9465 -1.19714
9.14344 80000167400000397 80000167400000396 80000167400000411 80000167400000395 2.73314261732 6.79309 -17.7216 -6.20336
9.01614 80000167400000460 80000167400000459 80000167400000473 80000167400000458 3.49086136926 1.69145 6.55049 -5.82956
9.0066 80000167400000526 80000167400000525 80000167400000528 80000167400000524 6.85511726265 18.2819 -0.686886 -3.18842
9.0098 80000167400000525 80000167400000524 80000167400000528 80000167400000523 6.49159774567 19.5428 -2.50099 -1.37758
9.07216 80000167400000524 80000167400000523 80000167400000528 80000167400000522 6.14490120342 18.0183 0.850917 -1.81149
9.09375 80000167400000523 80000167400000522 80000167400000528 80000167400000521 6.01075739884 18.364 1.53586 -0.272305
9.12178 80000167400000522 80000167400000521 80000167400000528 80000167400000520 5.84661374788 20.9492 1.27271 -2.21875
9.24918 80000167400000521 80000167400000519 80000167400000528 80000167400000518 5.22758097313 23.2624 -0.579938 -0.27767
9.2811 80000167400000519 80000167400000518 80000167400000528 80000167400000517 4.99593346816 21.2265 1.32914 -0.804807
9.2845 80000167400000518 80000167400000512 80000167400000528 80000167400000511 3.93726108473 16.4324 -0.89163 -6.05562
9.31083 80000167400000512 80000167400000511 80000167400000528 80000167400000510 3.70877426464 19.4757 -0.385585 -3.25773
9.33111 80000167400000511 80000167400000508 80000167400000528 80000167400000507 3.08482263583 18.8669 -1.73501 -4.72518
9.34313 80000167400000508 80000167400000507 80000167400000528 80000167400000506 3.00813107163 16.238 6.178 -1.62902
9.39214 80000167400000507 80000167400000506 80000167400000528 80000167400000505 2.89578500573 19.0209 5.04763 -6.43885
9.39609 80000167400000506 80000167400000505 80000167400000528 80000167400000504 2.73314261732 19.3996 0.58959 2.98789
9.45605 80000167400000505 80000167400000504 80000167400000528 80000167400000503 2.5772902716 16.0799 6.33601 5.50605
9.45946 80000167400000504 80000167400000503 80000167400000528 80000167400000502 2.44422570455 14.9207 6.98305 4.48886
9.54651 80000167400000503 80000167400000502 80000167400000528 80000167400000501 2.31611074396 6.5192 16.1785 16.025
9.58807 80000167400000502 80000167400000501 80000167400000528 80000167400000500 2.20792547238 4.65287 17.6492 18.9048
9.66795 80000167400000501 80000167400000500 80000167400000528 80000167400000499 2.1032696526 17.8543 32.0049 19.0032
9.71825 80000167400000500 80000167400000499 80000167400000528 80000167400000498 2.00202813925 10.8969 25.7199 19.4618
9.77169 80000167400000499 80000167400000497 80000167400000528 80000167400000496 1.82268925262 8.13072 24.1199 19.7321
9.02239 80000167400000550 80000167400000549 80000167400000557 80000167400000548 4.42803373661 -3.31382 -2.45607 -5.57949
9.06378 80000167400000549 80000167400000546 80000167400000557 80000167400000545 3.93726108473 -3.98521 1.11585 -3.9113
9.08309 80000167400000546 80000167400000544 80000167400000557 80000167400000543 3.49086136926 -2.7545 -4.73333 -1.74727
9.10671 80000167400000544 80000167400000543 80000167400000557 80000167400000542 3.28303305796 0.841016 -5.18165 -1.52128
9.13154 80000167400000543 80000167400000542 80000167400000557 80000167400000541 3.08482263583 -3.2962 2.58734 -3.09232
9.15502 80000167400000542 80000167400000541 80000167400000557 80000167400000540 3.00813107163 -2.37025 2.54936 1.15718
9.19013 80000167400000541 80000167400000539 80000167400000557 80000167400000538 2.73314261732 1.91777 4.03351 -0.560488
9.00337 80000167400000799 80000167400000798 80000167400000802 80000167400000797 5.52976580795 0.989657 4.74432 3.60489
9.06939 80000167400000798 80000167400000797 80000167400000802 80000167400000796 5.22758097313 8.65793 1.45862 10.8824
9.14344 80000167400000797 80000167400000796 80000167400000802 80000167400000795 4.99593346816 -0.204703 -1.7848 12.5405
9.16182 80000167400000796 80000167400000795 80000167400000802 80000167400000794 4.93938066349 0.202436 -0.407968 12.0311
9.17946 80000167400000795 80000167400000794 80000167400000802 80000167400000793 4.66451770247 0.469145 0.967509 10.0251
9.18162 80000167400000794 80000167400000792 80000167400000802 80000167400000791 4.17683491473 -1.27031 0.34459 7.67005
9.18376 80000167400000792 80000167400000788 80000167400000802 80000167400000787 3.49086136926 -5.16426 0.248615 8.46844
9.23229 80000167400000788 80000167400000787 80000167400000802 80000167400000786 3.28303305796 -5.67494 -1.99956 8.70404
9.26365 80000167400000787 80000167400000786 80000167400000802 80000167400000785 3.08482263583 -7.89903 -2.64748 5.66952
9.27766 80000167400000786 80000167400000785 80000167400000802 80000167400000784 3.00813107163 -9.61574 -4.09541 5.51991
9.30278 80000167400000785 80000167400000784 80000167400000802 80000167400000783 2.89578500573 -9.62432 0.53402 9.80213
9.30923 80000167400000784 80000167400000783 80000167400000802 80000167400000782 2.73314261732 -13.19 -1.42585 12.1858
9.34756 80000167400000783 80000167400000782 80000167400000802 80000167400000781 2.5772902716 -9.03605 -1.14716 7.86585
9.38412 80000167400000782 80000167400000781 80000167400000802 80000167400000780 2.44422570455 -21.0766 -5.81549 14.3261
9.41659 80000167400000781 80000167400000780 80000167400000802 80000167400000779 2.31611074396 -22.0978 -10.7235 15.8341
9.46285 80000167400000780 80000167400000779 80000167400000802 80000167400000778 2.20792547238 -20.3929 -8.566 15.9697
9.49326 80000167400000779 80000167400000778 80000167400000802 80000167400000777 2.1032696526 -26.5517 9.92917 26.4698
9.5314 80000167400000778 80000167400000777 80000167400000802 80000167400000776 2.00202813925 -29.8199 1.71181 30.6747
9.54651 80000167400000777 80000167400000776 80000167400000802 80000167400000775 1.90408954353 -27.1739 -4.13925 21.6249
9.05235 80000167400000880 80000167400000879 80000167400000889 80000167400000878 4.17683491473 2.83062 -9.26722 -6.15962
9.06939 80000167400000879 80000167400000878 80000167400000889 80000167400000877 4.00794511147 1.46988 -7.85204 -6.13376
9.10926 80000167400000878 80000167400000876 80000167400000889 80000167400000875 3.70877426464 12.4644 -4.09484 -5.16893
9.11431 80000167400000876 80000167400000873 80000167400000889 80000167400000872 3.08482263583 6.07539 -8.53865 -5.28019
9.13634 80000167400000873 80000167400000871 80000167400000889 80000167400000870 2.89578500573 5.74372 -3.48955 -4.75784
9.1573 80000167400000871 80000167400000869 80000167400000889 80000167400000868 2.5772902716 10.1278 -5.78863 -0.0613934
9.19223 80000167400000869 80000167400000868 80000167400000889 80000167400000867 2.44422570455 11.4029 -4.34827 3.701
9.2026 80000167400000868 80000167400000865 80000167400000889 80000167400000864 2.1032696526 14.2752 -8.99159 0.653594
9.25648 80000167400000865 80000167400000863 80000167400000889 80000167400000862 1.90408954353 22.2324 -10.5222 0.196846
9.25648 80000167400000863 80000167400000862 80000167400000889 80000167400000861 1.82268925262 19.3193 -4.64305 -2.07481
9.26543 80000167400000862 80000167400000861 80000167400000889 80000167400000860 1.74357057433 16.7553 -4.4408 0.367775
9.2742 80000167400000861 80000167400000859 80000167400000889 80000167400000858 1.60423452207 28.8268 -5.26759 -1.96581
9.2845 80000167400000859 80000167400000856 80000167400000889 80000167400000855 1.41409822037 13.1796 3.96384 2.04777
9.2845 80000167400000856 80000167400000854 80000167400000889 80000167400000853 1.30237845991 7.03343 -0.420315 -3.09194
9.06939 80000167400001013 80000167400001012 80000167400001024 80000167400001011 6.49159774567 -11.3984 4.42514 0.385436
9.08309 80000167400001012 80000167400001007 80000167400001024 80000167400001006 5.22758097313 -5.12998 4.52476 -0.85218
9.11431 80000167400001007 80000167400001006 80000167400001024 80000167400001005 4.99593346816 -5.69775 4.80584 -0.222927
9.11681 80000167400001006 80000167400001005 80000167400001024 80000167400001004 4.93938066349 -5.33934 4.53661 -1.29235
9.13394 80000167400001005 80000167400001004 80000167400001024 80000167400001003 4.66451770247 -5.78307 2.29347 4.01862
9.47176 80000167400001004 80000167400001003 80000167400001024 80000167400001002 4.42803373661 -6.47236 6.28204 7.10253
9.65514 80000167400001003 80000167400001002 80000167400001024 80000167400001001 4.17683491473 2.36253 8.64816 5.98212
9.67698 80000167400001002 80000167400001000 80000167400001024 80000167400000999 3.93726108473 -3.49757 0.428295 -10.6586
9.76275 80000167400001000 80000167400000999 80000167400001024 80000167400000998 3.70877426464 3.22232 4.08978 -14.9582
9.86571 80000167400000999 80000167400000998 80000167400001024 80000167400000997 3.49086136926 10.2799 17.0142 -11.7586
9.96475 80000167400000998 80000167400000997 80000167400001024 80000167400000996 3.28303305796 12.1089 12.2736 -10.9113
9.99088 80000167400000997 80000167400000996 80000167400001024 80000167400000995 3.08482263583 13.4977 15.1863 -4.15958
10.107 80000167400000996 80000167400000995 80000167400001024 80000167400000994 3.00813107163 1.96726 23.3921 -55.6946
10.1816 80000167400000995 80000167400000992 80000167400001024 80000167400000991 2.5772902716 -3.67732 49.8228 -48.6253
10.235 80000167400000992 80000167400000991 80000167400001024 80000167400000990 2.44422570455 6.26664 50.7135 -34.1598
10.2814 80000167400000991 80000167400000990 80000167400001024 80000167400000989 2.31611074396 27.2571 42.4041 -15.5552
10.2916 80000167400000990 80000167400000989 80000167400001024 80000167400000988 2.20792547238 33.0786 52.1936 -20.6882
10.3054 80000167400000989 80000167400000988 80000167400001024 80000167400000987 2.1032696526 30.4769 41.732 -9.52254
10.3083 80000167400000988 80000167400000987 80000167400001024 80000167400000986 2.00202813925 30.5765 41.106 -8.35434
10.3126 80000167400000987 80000167400000986 80000167400001024 80000167400000985 1.90408954353 33.7706 40.2639 -14.5118
10.3161 80000167400000986 80000167400000984 80000167400001024 80000167400000983 1.74357057433 25.1391 47.0989 -3.77067
10.3237 80000167400000984 80000167400000977 80000167400001024 80000167400000976 1.30237845991 12.0996 48.8897 -6.85275
10.3314 80000167400000977 80000167400000976 80000167400001024 80000167400000975 1.24847261425 20.3788 44.2086 -12.9252
9.32342 80000167400001041 80000167400001040 80000167400001047 80000167400001039 6.14490120342 -3.87781 10.0425 -20.7741
9.33866 80000167400001040 80000167400001038 80000167400001047 80000167400001037 5.84661374788 -0.496117 8.4725 -23.3554
9.02239 80000167400001138 80000167400001137 80000167400001144 80000167400001136 6.01075739884 6.62136 3.45351 -4.51614
9.05235 80000167400001137 80000167400001135 80000167400001144 80000167400001134 5.52976580795 5.4962 4.79611 -5.86559
9.09375 80000167400001135 80000167400001134 80000167400001144 80000167400001133 5.22758097313 2.12431 2.60755 -3.33321
9.10926 80000167400001134 80000167400001133 80000167400001144 80000167400001132 4.99593346816 2.19304 5.60681 -1.91444
9.1193 80000167400001133 80000167400001132 80000167400001144 80000167400001131 4.93938066349 1.34276 4.47121 -2.02298
9.14344 80000167400001132 80000167400001131 80000167400001144 80000167400001130 4.66451770247 -0.139913 3.14251 -3.3478
9.18589 80000167400001131 80000167400001130 80000167400001144 80000167400001129 4.42803373661 0.274876 10.1663 1.35507
9.00337 80000167400001167 80000167400001166 80000167400001184 80000167400001165 4.00794511147 1.78779 2.77649 -1.44307
9.03463 80000167400001166 80000167400001165 80000167400001184 80000167400001164 3.93726108473 1.96001 7.95034 0.968027
9.11681 80000167400001165 80000167400001164 80000167400001184 80000167400001163 3.70877426464 4.54429 3.78622 0.290708
9.14811 80000167400001164 80000167400001163 80000167400001184 80000167400001162 3.49086136926 2.67677 2.32902 -6.879
9.35483 80000167400001163 80000167400001162 80000167400001184 80000167400001161 3.28303305796 18.2143 -22.9684 -28.9745
9.01614 80000167400001332 80000167400001331 80000167400001342 80000167400001330 3.28303305796 -12.9781 -10.5364 5.78757
9.01614 80000167400001331 80000167400001330 80000167400001342 80000167400001329 3.08482263583 -14.1402 -11.5742 6.23622
9.04945 80000167400001330 80000167400001329 80000167400001342 80000167400001328 3.00813107163 -12.186 -11.7357 6.19179
9.06096 80000167400001329 80000167400001328 80000167400001342 80000167400001327 2.89578500573 -8.31059 -8.94493 5.72072
9.15956 80000167400001328 80000167400001326 80000167400001342 80000167400001325 2.44422570455 -2.56769 -9.01687 4.0036
9.08578 80000167400001437 80000167400001436 80000167400001442 80000167400001435 8.01217294887 -0.331354 2.45255 -7.83905
9.10415 80000167400001436 80000167400001431 80000167400001442 80000167400001430 6.49159774567 0.0361336 0.928499 -12.0257
9.17946 80000167400001431 80000167400001430 80000167400001442 80000167400001429 6.14490120342 -1.5705 0.677574 -9.29201
9.19641 80000167400001430 80000167400001429 80000167400001442 80000167400001428 6.01075739884 0.134807 2.09257 -11.0039
9.27594 80000167400001429 80000167400001428 80000167400001442 80000167400001427 5.84661374788 -1.44176 -3.63997 -9.95686
9.38005 80000167400001428 80000167400001427 80000167400001442 80000167400001426 5.52976580795 2.15715 0.867752 -10.9682
9.38412 80000167400001427 80000167400001426 80000167400001442 80000167400001425 5.22758097313 -1.47343 -2.86292 -9.24023
9.44564 80000167400001426 80000167400001425 80000167400001442 80000167400001424 4.99593346816 1.21571 -1.42957 -11.2823
9.54928 80000167400001425 80000167400001423 80000167400001442 80000167400001422 4.66451770247 -6.75525 -12.6965 -6.22906
9.59725 80000167400001423 80000167400001422 80000167400001442 80000167400001421 4.42803373661 -5.64593 -9.88929 -1.11055
9.60462 80000167400001422 80000167400001421 80000167400001442 80000167400001420 4.17683491473 -2.33147 -7.04535 -0.933521
9.61977 80000167400001421 80000167400001419 80000167400001442 80000167400001418 3.93726108473 -3.17956 -8.41413 -2.3625
9.66302 80000167400001419 80000167400001418 80000167400001442 80000167400001417 3.70877426464 -1.27923 -7.44388 0.874448
9.74373 80000167400001418 80000167400001417 80000167400001442 80000167400001416 3.49086136926 8.48579 -4.23163 18.8415
9.76669 80000167400001417 80000167400001416 80000167400001442 80000167400001415 3.28303305796 2.39236 -4.78578 8.45768
9.77334 80000167400001416 80000167400001415 80000167400001442 80000167400001414 3.08482263583 -6.06677 -5.03117 6.48106
9.79377 80000167400001415 80000167400001413 80000167400001442 80000167400001412 2.89578500573 -4.3075 -3.47902 7.97958
9.83958 80000167400001413 80000167400001412 80000167400001442 80000167400001411 2.73314261732 -1.63019 -2.12444 5.26937
9.87146 80000167400001412 80000167400001411 80000167400001442 80000167400001410 2.5772902716 2.3498 -5.92858 0.0664146
9.88187 80000167400001411 80000167400001410 80000167400001442 80000167400001409 2.44422570455 -0.302731 -6.89559 3.41766
9.8933 80000167400001410 80000167400001409 80000167400001442 80000167400001408 2.31611074396 -1.53916 -10.4373 7.89847
9.92626 80000167400001409 80000167400001408 80000167400001442 80000167400001407 2.20792547238 13.3117 -0.781427 -1.57768
9.93545 80000167400001408 80000167400001407 80000167400001442 80000167400001406 2.1032696526 13.7935 -7.31426 1.01809
10.4616 80000167400001407 80000167400001405 80000167400001442 80000167400001404 1.90408954353 -43.2506 140.714 -63.8427
10.5404 80000167400001405 80000167400001404 80000167400001442 80000167400001403 1.82268925262 -49.5626 178.511 -44.9094
10.682 80000167400001404 80000167400001401 80000167400001442 80000167400001400 1.60423452207 27.0846 186.739 -6.58978
10.7207 80000167400001401 80000167400001400 80000167400001442 80000167400001399 1.53123902916 65.8863 194.017 -3.49549
10.7748 80000167400001400 80000167400001399 80000167400001442 80000167400001398 1.47197484527 84.8598 235.18 -10.2523
10.8017 80000167400001399 80000167400001398 80000167400001442 80000167400001397 1.41409822037 56.554 281.339 2.63846
10.8241 80000167400001398 80000167400001397 80000167400001442 80000167400001396 1.3575766674 16.8692 280.738 -14.8777
10.8268 80000167400001397 80000167400001395 80000167400001442 80000167400001394 1.24847261425 71.3461 276.108 -20.3417
10.8547 80000167400001395 80000167400001394 80000167400001442 80000167400001393 1.20625808078 83.6347 277.164 -84.748
10.8571 80000167400001394 80000167400001393 80000167400001442 80000167400001392 1.15460271236 85.7639 233.701 -78.2572
11.1098 80000167400001393 80000167400001379 80000167400001442 80000167400001378 0.700106353719 592.905 720.931 -120.18
11.1518 80000167400001379 80000167400001377 80000167400001442 80000167400001376 0.644641840685 506.465 704.762 -139.169
9.1663 80000167400001510 80000167400001509 80000167400001519 80000167400001508 8.01217294887 -1.52609 -1.22811 7.32145
9.17073 80000167400001509 80000167400001508 80000167400001519 80000167400001507 7.59510714987 -1.7087 -0.823211 6.24331
9.2087 80000167400001508 80000167400001507 80000167400001519 80000167400001506 7.23627606617 -1.96385 -0.455737 2.5215
9.24733 80000167400001507 80000167400001506 80000167400001519 80000167400001505 7.00541704554 -1.38011 0.306599 4.96477
9.27246 80000167400001506 80000167400001504 80000167400001519 80000167400001503 6.49159774567 -0.909885 3.51557 4.28547
9.32187 80000167400001504 80000167400001503 80000167400001519 80000167400001502 6.14490120342 -3.17197 6.54468 5.30039
9.33566 80000167400001503 80000167400001502 80000167400001519 80000167400001501 6.01075739884 -3.83448 5.51182 6.9485
9.33716 80000167400001502 80000167400001501 80000167400001519 80000167400001500 5.84661374788 -3.66632 3.00458 6.2408
9.38815 80000167400001501 80000167400001500 80000167400001519 80000167400001499 5.52976580795 -2.25229 6.14429 7.53442
9.41909 80000167400001500 80000167400001498 80000167400001519 80000167400001497 4.99593346816 -3.42431 2.09983 7.15287
9.42404 80000167400001498 80000167400001496 80000167400001519 80000167400001495 4.66451770247 -2.31256 -0.293451 0.0836681
9.48905 80000167400001496 80000167400001495 80000167400001519 80000167400001494 4.42803373661 0.925225 0.0482699 3.17489
9.51275 80000167400001495 80000167400001494 80000167400001519 80000167400001493 4.17683491473 2.26783 -0.345138 1.80253
9.58127 80000167400001494 80000167400001493 80000167400001519 80000167400001492 4.00794511147 2.71547 2.52063 15.8242
9.60785 80000167400001493 80000167400001491 80000167400001519 80000167400001490 3.70877426464 0.165084 -6.51969 8.92408
9.61504 80000167400001491 80000167400001490 80000167400001519 80000167400001489 3.49086136926 3.68754 -0.110195 8.6423
9.62831 80000167400001490 80000167400001489 80000167400001519 80000167400001488 3.28303305796 5.92411 -1.8056 9.02261
9.64119 80000167400001489 80000167400001488 80000167400001519 80000167400001487 3.08482263583 3.6345 -5.26429 8.83103
9.65514 80000167400001488 80000167400001487 80000167400001519 80000167400001486 3.00813107163 3.45082 -2.925 6.25102
9.65945 80000167400001487 80000167400001486 80000167400001519 80000167400001485 2.89578500573 2.35818 -2.73139 8.91172
9.72012 80000167400001486 80000167400001485 80000167400001519 80000167400001484 2.73314261732 4.87878 -0.337839 3.99599
9.74018 80000167400001485 80000167400001484 80000167400001519 80000167400001483 2.5772902716 6.74596 -3.99671 0.563915
9.75133 80000167400001484 80000167400001483 80000167400001519 80000167400001482 2.44422570455 -1.24208 9.27817 -0.198536
10.3718 80000167400001483 80000167400001479 80000167400001519 80000167400001478 2.00202813925 -56.9073 160.79 -58.7741
10.5611 80000167400001479 80000167400001476 80000167400001519 80000167400001475 1.74357057433 -26.4248 156.121 -41.3116
10.6231 80000167400001476 80000167400001475 80000167400001519 80000167400001474 1.66666955611 6.20155 171.793 -15.3898
9.05811 80000167400001551 80000167400001550 80000167400001559 80000167400001549 5.52976580795 4.22593 -9.07624 0.563496
9.07216 80000167400001550 80000167400001549 80000167400001559 80000167400001548 5.22758097313 2.02154 -6.50103 1.30129
9.08309 80000167400001549 80000167400001548 80000167400001559 80000167400001547 4.99593346816 3.699 -6.55927 1.09879
9.08845 80000167400001548 80000167400001547 80000167400001559 80000167400001546 4.93938066349 2.88648 -4.08248 2.62037
9.17946 80000167400001547 80000167400001546 80000167400001559 80000167400001545 4.66451770247 3.42216 -2.8202 -0.502186
9.21671 80000167400001546 80000167400001545 80000167400001559 80000167400001544 4.42803373661 2.39311 -0.670053 -0.453519
9.39214 80000167400001545 80000167400001544 80000167400001559 80000167400001543 4.17683491473 9.11053 4.37408 8.1939
9.49951 80000167400001544 80000167400001543 80000167400001559 80000167400001542 4.00794511147 8.84232 11.0012 3.65494
9.5314 80000167400001543 80000167400001542 80000167400001559 80000167400001541 3.93726108473 9.29678 10.325 2.27835
9.61584 80000167400001542 80000167400001541 80000167400001559 80000167400001540 3.70877426464 7.40271 9.5199 -0.530566
9.6756 80000167400001541 80000167400001540 80000167400001559 80000167400001539 3.49086136926 1.30166 8.23888 -7.97234
9.68784 80000167400001540 80000167400001539 80000167400001559 80000167400001538 3.28303305796 -2.59645 4.13098 2.81877
9.79219 80000167400001539 80000167400001538 80000167400001559 80000167400001537 3.08482263583 -16.8098 7.19865 14.212
9.81177 80000167400001538 80000167400001537 80000167400001559 80000167400001536 3.00813107163 -11.5963 7.18449 10.8141
9.82075 80000167400001537 80000167400001536 80000167400001559 80000167400001535 2.89578500573 -12.4966 10.0776 13.3858
9.83531 80000167400001536 80000167400001534 80000167400001559 80000167400001533 2.5772902716 -21.0136 5.68708 17.6325
9.91528 80000167400001534 80000167400001533 80000167400001559 80000167400001532 2.44422570455 -4.36152 14.6901 18.2674
9.93922 80000167400001533 80000167400001532 80000167400001559 80000167400001531 2.31611074396 -1.95741 14.3874 12.5945
9.02239 80000167400001646 80000167400001645 80000167400001672 80000167400001644 2.1032696526 -1.36883 -3.0112 2.462
9.10671 80000167400001697 80000167400001696 80000167400001706 80000167400001695 3.49086136926 -0.451675 11.2334 2.4846
9.34165 80000167400001696 80000167400001694 80000167400001706 80000167400001693 3.08482263583 13.9964 21.3376 -0.0505569
9.38547 80000167400001694 80000167400001693 80000167400001706 80000167400001692 3.00813107163 13.6076 19.5204 1.62427
9.44797 80000167400001693 80000167400001692 80000167400001706 80000167400001691 2.89578500573 9.15938 30.2367 -12.741
9.48372 80000167400001692 80000167400001691 80000167400001706 80000167400001690 2.73314261732 9.41004 24.0471 -12.7642
9.53044 80000167400001691 80000167400001690 80000167400001706 80000167400001689 2.5772902716 10.8722 25.5827 -11.2008
9.00337 80000167400001817 80000167400001816 80000167400001823 80000167400001815 6.14490120342 -0.922663 0.702897 -4.80705
9.06096 80000167400001816 80000167400001815 80000167400001823 80000167400001814 6.01075739884 0.0592527 -3.11679 -3.29756
9.10157 80000167400001815 80000167400001814 80000167400001823 80000167400001813 5.84661374788 0.783268 -0.887207 -5.9055
9.17729 80000167400001814 80000167400001813 80000167400001823 80000167400001812 5.52976580795 1.35135 -2.12918 -5.21303
9.24733 80000167400001813 80000167400001812 80000167400001823 80000167400001811 5.22758097313 -0.625311 2.52108 -5.84259
9.33415 80000167400001812 80000167400001809 80000167400001823 80000167400001808 4.66451770247 2.95919 2.79704 -5.71025
9.37457 80000167400001809 80000167400001808 80000167400001823 80000167400001807 4.42803373661 5.9798 2.92258 -4.73051
9.46621 80000167400001808 80000167400001807 80000167400001823 80000167400001806 4.17683491473 7.79196 6.90951 -11.1536
9.49116 80000167400001807 80000167400001806 80000167400001823 80000167400001805 4.00794511147 8.07795 6.89941 -10.7615
9.50055 80000167400001806 80000167400001804 80000167400001823 80000167400001803 3.70877426464 10.0656 3.89924 -9.21626
9.55569 80000167400001804 80000167400001803 80000167400001823 80000167400001802 3.49086136926 7.28942 8.86498 -9.38253
9.62523 80000167400001803 80000167400001802 80000167400001823 80000167400001801 3.28303305796 7.34589 17.5206 -32.7819
9.7226 80000167400001802 80000167400001801 80000167400001823 80000167400001800 3.08482263583 6.82464 17.2091 -38.5926
9.73178 80000167400001801 80000167400001800 80000167400001823 80000167400001799 3.00813107163 8.48001 22.8404 -36.7108
9.76275 80000167400001800 80000167400001799 80000167400001823 80000167400001798 2.89578500573 12.0281 29.7682 -51.9365
9.81278 80000167400001799 80000167400001798 80000167400001823 80000167400001797 2.73314261732 13.6417 30.347 -56.5239
9.85944 80000167400001798 80000167400001797 80000167400001823 80000167400001796 2.5772902716 21.3904 32.1875 -73.6657
9.89993 80000167400001797 80000167400001796 80000167400001823 80000167400001795 2.44422570455 26.7315 30.3958 -86.1569
9.90321 80000167400001796 80000167400001795 80000167400001823 80000167400001794 2.31611074396 25.0198 32.5677 -82.9209
9.92509 80000167400001795 80000167400001794 80000167400001823 80000167400001793 2.20792547238 19.2913 36.6549 -82.9499
9.9411 80000167400001794 80000167400001793 80000167400001823 80000167400001792 2.1032696526 12.7733 33.1633 -61.3212
9.01298 80000167400001917 80000167400001916 80000167400001924 80000167400001915 5.84661374788 -0.231325 -2.29044 1.86684
9.08309 80000167400001916 80000167400001915 80000167400001924 80000167400001914 5.52976580795 1.35366 -4.43434 4.58995
9.11179 80000167400001915 80000167400001914 80000167400001924 80000167400001913 5.22758097313 2.13962 -2.7683 3.72634
9.13154 80000167400001914 80000167400001913 80000167400001924 80000167400001912 4.99593346816 0.349114 -2.31539 1.95853
9.15502 80000167400001913 80000167400001912 80000167400001924 80000167400001911 4.93938066349 1.81857 -0.0480774 1.70343
9.18376 80000167400001912 80000167400001911 80000167400001924 80000167400001910 4.66451770247 -0.389561 -4.09024 2.22359
9.22845 80000167400001911 80000167400001910 80000167400001924 80000167400001909 4.42803373661 -1.83946 2.54444 -1.91438
9.2342 80000167400001910 80000167400001909 80000167400001924 80000167400001908 4.17683491473 2.4167 2.08195 -2.80627
9.41784 80000167400001909 80000167400001908 80000167400001924 80000167400001907 4.00794511147 -1.19883 20.1973 -6.12658
9.42527 80000167400001908 80000167400001907 80000167400001924 80000167400001906 3.93726108473 -2.78857 15.7305 -7.83634
9.48372 80000167400001907 80000167400001905 80000167400001924 80000167400001904 3.49086136926 -5.48832 18.4457 -4.9618
9.52754 80000167400001905 80000167400001904 80000167400001924 80000167400001903 3.28303305796 -6.81444 21.3544 -6.09913
9.57436 80000167400001904 80000167400001898 80000167400001924 80000167400001897 2.44422570455 -7.79287 31.3027 17.2204
9.62754 80000167400001898 80000167400001897 80000167400001924 80000167400001896 2.31611074396 -9.2551 33.984 13.7395
9.70492 80000167400001897 80000167400001896 80000167400001924 80000167400001895 2.20792547238 -4.1933 36.9675 16.1449
9.75133 80000167400001896 80000167400001895 80000167400001924 80000167400001894 2.1032696526 -6.02289 43.616 19.6604
9.76724 80000167400001895 80000167400001894 80000167400001924 80000167400001893 2.00202813925 -8.72553 38.6508 12.8233
9.88016 80000167400001894 80000167400001892 80000167400001924 80000167400001891 1.82268925262 -0.965769 38.4131 13.3185
9.01298 80000167400001951 80000167400001950 80000167400001959 80000167400001949 3.70877426464 7.35468 9.01314 -2.40178
9.02239 80000167400001950 80000167400001947 80000167400001959 80000167400001946 3.08482263583 11.1381 11.0447 0.635945
9.05811 80000167400001976 80000167400001975 80000167400001991 80000167400001974 4.00794511147 0.0152802 -4.67371 -8.88957
9.09111 80000167400001975 80000167400001974 80000167400001991 80000167400001973 3.93726108473 0.376248 -2.99779 -8.90163
9.15273 80000167400001974 80000167400001973 80000167400001991 80000167400001972 3.70877426464 -1.84431 -2.09349 -10.3836
9.16182 80000167400001973 80000167400001971 80000167400001991 80000167400001970 3.28303305796 3.12573 1.04517 -9.74763
9.18376 80000167400001971 80000167400001970 80000167400001991 80000167400001969 3.08482263583 4.14203 -2.13304 -1.89456
9.19013 80000167400001970 80000167400001969 80000167400001991 80000167400001968 3.00813107163 4.3923 -0.931311 -2.34736
9.19013 80000167400001969 80000167400001968 80000167400001991 80000167400001967 2.89578500573 4.77576 1.56408 -1.01019
9.19433 80000167400001968 80000167400001967 80000167400001991 80000167400001966 2.73314261732 0.346723 2.05369 0.534114
9.21869 80000167400001967 80000167400001966 80000167400001991 80000167400001965 2.5772902716 0.788364 4.84984 0.375558
9.26896 80000167400001966 80000167400001965 80000167400001991 80000167400001964 2.44422570455 -1.22805 3.20689 1.63403
9.81378 80000167400001965 80000167400001960 80000167400001991 80000167400001892 1.90408954353 0.582985 33.0422 4.92743
9.06939 80000167400002057 80000167400002056 80000167400002064 80000167400002055 5.52976580795 -6.16841 -2.87313 12.5467
9.10671 80000167400002056 80000167400002055 80000167400002064 80000167400002054 5.22758097313 -4.95018 -5.22133 11.9263
9.19848 80000167400002055 80000167400002054 80000167400002064 80000167400002053 4.99593346816 -5.46302 -12.48 3.48809
9.21472 80000167400002054 80000167400002052 80000167400002064 80000167400002051 4.66451770247 -9.03444 -12.67 4.6501
9.2342 80000167400002052 80000167400002049 80000167400002064 80000167400002048 4.00794511147 -6.98088 -10.0787 3.92603
9.25828 80000167400002049 80000167400002048 80000167400002064 80000167400002047 3.93726108473 -6.76662 -11.1004 5.37381
9.30602 80000167400002048 80000167400002047 80000167400002064 80000167400002046 3.70877426464 -8.29567 -12.7178 6.00253
9.43617 80000167400002047 80000167400002046 80000167400002064 80000167400002045 3.49086136926 2.59024 -29.2399 -3.22618
9.50973 80000167400002046 80000167400002045 80000167400002064 80000167400002044 3.28303305796 -0.388156 -18.1638 -0.245219
9.58127 80000167400002045 80000167400002044 80000167400002064 80000167400002043 3.08482263583 9.6674 -22.2081 2.17435
9.58807 80000167400002044 80000167400002042 80000167400002064 80000167400002041 2.89578500573 13.2238 -17.1929 0.167139
9.65224 80000167400002042 80000167400002041 80000167400002064 80000167400002040 2.73314261732 4.27316 -14.4391 -1.70366
9.69647 80000167400002041 80000167400002040 80000167400002064 80000167400002039 2.5772902716 15.1695 -13.3078 -9.0956
9.76892 80000167400002040 80000167400002038 80000167400002064 80000167400002037 2.31611074396 57.1069 -10.779 -20.8514
9.77113 80000167400002038 80000167400002037 80000167400002064 80000167400002036 2.20792547238 55.9256 -3.30524 -28.3122
9.78795 80000167400002037 80000167400002036 80000167400002064 80000167400002035 2.1032696526 56.1152 -2.94616 -24.3613
9.82565 80000167400002036 80000167400002035 80000167400002064 80000167400002034 2.00202813925 72.3526 -6.39014 -20.0017
9.83147 80000167400002035 80000167400002032 80000167400002064 80000167400002031 1.74357057433 51.872 6.3688 -25.8011
9.84521 80000167400002032 80000167400002031 80000167400002064 80000167400002030 1.66666955611 52.6863 13.0334 -20.6972
9.85944 80000167400002031 80000167400002029 80000167400002064 80000167400002028 1.53123902916 69.6816 4.32356 -26.7683
9.00012 80000167400002127 80000167400002126 80000167400002152 80000167400002125 2.20792547238 -5.33094 -6.70498 -0.992141
