logMh | fpID | subhaloID | main leaf ID | descID |  z
9.13871 80000101800000106 80000101800000105 80000101800000108 80000101800000104 10.9190331982 6.37258 1.94724 2.47709
9.15502 80000101800000105 80000101800000104 80000101800000108 80000101800000103 10.3674435724 3.34714 4.86579 0.444276
9.2845 80000101800000104 80000101800000103 80000101800000108 80000101800000102 9.99659046619 2.27993 9.30658 6.09036
9.38005 80000101800000103 80000101800000102 80000101800000108 80000101800000101 9.84138043947 9.13249 5.42064 7.25706
9.47396 80000101800000102 80000101800000101 80000101800000108 80000101800000100 9.38877127194 10.3101 -0.0323991 -0.465701
9.57956 80000101800000101 80000101800000100 80000101800000108 80000101800000099 9.00233985416 10.0219 -10.3192 -17.3008
9.63442 80000101800000100 80000101800000099 80000101800000108 80000101800000098 8.9079991856 10.1693 -10.1813 -19.0099
9.74314 80000101800000099 80000101800000098 80000101800000108 80000101800000097 8.44947629437 12.3699 -10.4904 -25.7194
9.89787 80000101800000098 80000101800000097 80000101800000108 80000101800000096 8.01217294887 7.83409 -37.0695 -23.3472
9.91845 80000101800000097 80000101800000096 80000101800000108 80000101800000095 7.59510714987 -1.76171 -15.5499 -8.43547
10.0974 80000101800000096 80000101800000095 80000101800000108 80000101800000094 7.23627606617 0.801645 -5.90478 12.3185
10.1701 80000101800000095 80000101800000094 80000101800000108 80000101800000093 7.00541704554 -8.21984 -0.572999 4.43385
10.221 80000101800000094 80000101800000093 80000101800000108 80000101800000092 6.85511726265 -14.1881 -2.66084 -2.17591
10.2784 80000101800000093 80000101800000092 80000101800000108 80000101800000091 6.49159774567 -13.1252 -1.12929 0.317702
10.3326 80000101800000092 80000101800000091 80000101800000108 80000101800000090 6.14490120342 -14.173 7.05503 4.54971
10.348 80000101800000091 80000101800000090 80000101800000108 80000101800000089 6.01075739884 -21.4198 -2.36904 -3.85404
10.4273 80000101800000090 80000101800000089 80000101800000108 80000101800000088 5.84661374788 -30.2033 0.304219 -1.16274
10.5254 80000101800000089 80000101800000088 80000101800000108 80000101800000087 5.52976580795 -35.6339 -7.54712 -11.205
10.6748 80000101800000088 80000101800000087 80000101800000108 80000101800000086 5.22758097313 -57.1831 -3.53435 -7.74587
10.7894 80000101800000087 80000101800000086 80000101800000108 80000101800000085 4.99593346816 -49.3106 -3.70995 5.2644
10.7936 80000101800000086 80000101800000085 80000101800000108 80000101800000084 4.93938066349 -50.5 0.654886 1.7735
10.9139 80000101800000085 80000101800000084 80000101800000108 80000101800000083 4.66451770247 -44.4766 21.7431 32.6888
10.9951 80000101800000084 80000101800000083 80000101800000108 80000101800000082 4.42803373661 -13.3997 57.8495 46.4372
11.0544 80000101800000083 80000101800000082 80000101800000108 80000101800000081 4.17683491473 -22.9671 78.6605 52.7081
11.0856 80000101800000082 80000101800000081 80000101800000108 80000101800000080 4.00794511147 -36.3532 89.456 44.988
11.1021 80000101800000081 80000101800000080 80000101800000108 80000101800000079 3.93726108473 -35.0048 92.0313 46.8167
11.1702 80000101800000080 80000101800000079 80000101800000108 80000101800000078 3.70877426464 -30.5872 135.137 32.8144
11.1999 80000101800000079 80000101800000078 80000101800000108 80000101800000077 3.49086136926 -21.5903 155.629 -36.2607
11.2189 80000101800000078 80000101800000076 80000101800000108 80000101800000075 3.08482263583 17.6547 117.946 -35.9098
11.2314 80000101800000076 80000101800000075 80000101800000108 80000101800000074 3.00813107163 -1.97161 117.596 -42.8642
11.249 80000101800000075 80000101800000074 80000101800000108 80000101800000073 2.89578500573 15.2029 127.464 -52.1089
11.2967 80000101800000074 80000101800000073 80000101800000108 80000101800000072 2.73314261732 -88.5402 55.4436 -16.9865
11.322 80000101800000073 80000101800000072 80000101800000108 80000101800000071 2.5772902716 -93.2326 18.2542 -45.7401
11.3708 80000101800000072 80000101800000071 80000101800000108 80000101800000070 2.44422570455 -154.193 -11.4191 -22.8632
11.4259 80000101800000071 80000101800000070 80000101800000108 80000101800000069 2.31611074396 -182.103 -12.3146 -37.5492
11.4383 80000101800000070 80000101800000069 80000101800000108 80000101800000068 2.20792547238 -176.511 -18.966 -85.3768
11.4925 80000101800000069 80000101800000068 80000101800000108 80000101800000067 2.1032696526 -173.141 30.9155 -63.7123
11.5305 80000101800000068 80000101800000067 80000101800000108 80000101800000066 2.00202813925 -176.918 40.2925 -21.8961
11.5713 80000101800000067 80000101800000066 80000101800000108 80000101800000065 1.90408954353 -183.196 51.6972 4.03539
11.5778 80000101800000066 80000101800000065 80000101800000108 80000101800000064 1.82268925262 -174.384 61.1913 -48.1701
11.592 80000101800000065 80000101800000064 80000101800000108 80000101800000063 1.74357057433 -152.286 44.7091 -45.0389
11.6053 80000101800000064 80000101800000063 80000101800000108 80000101800000062 1.66666955611 -167.105 46.5451 16.9351
11.6083 80000101800000063 80000101800000062 80000101800000108 80000101800000061 1.60423452207 -145.298 32.0219 40.3884
11.6255 80000101800000062 80000101800000061 80000101800000108 80000101800000060 1.53123902916 -131.187 5.06523 92.2254
11.6295 80000101800000061 80000101800000060 80000101800000108 80000101800000059 1.47197484527 -159.993 10.3013 95.1167
11.6396 80000101800000060 80000101800000059 80000101800000108 80000101800000058 1.41409822037 -217.464 -2.73206 100.026
11.6514 80000101800000059 80000101800000058 80000101800000108 80000101800000057 1.3575766674 -185.939 14.4976 111.627
11.6604 80000101800000058 80000101800000057 80000101800000108 80000101800000056 1.30237845991 -135.117 13.9744 136.062
11.6719 80000101800000057 80000101800000056 80000101800000108 80000101800000055 1.24847261425 -144.995 27.9669 160.304
11.6847 80000101800000056 80000101800000055 80000101800000108 80000101800000054 1.20625808078 -148.074 58.4671 212.723
11.693 80000101800000055 80000101800000054 80000101800000108 80000101800000053 1.15460271236 -119.862 100.249 199.1
11.7055 80000101800000054 80000101800000053 80000101800000108 80000101800000052 1.11415056377 -155.813 92.9864 205.111
11.7083 80000101800000053 80000101800000052 80000101800000108 80000101800000051 1.07445789455 -151.184 117.155 191.577
11.7133 80000101800000052 80000101800000051 80000101800000108 80000101800000050 1.03551044566 -164.09 101.924 211.912
11.728 80000101800000051 80000101800000050 80000101800000108 80000101800000049 0.997294225782 -176.09 112.098 225.168
11.7306 80000101800000050 80000101800000049 80000101800000108 80000101800000048 0.987852810816 -188.368 107.188 210.582
11.7373 80000101800000049 80000101800000048 80000101800000108 80000101800000047 0.950531351585 -194.819 97.7472 231.616
11.7429 80000101800000048 80000101800000047 80000101800000108 80000101800000046 0.923000816178 -187.325 108.618 222.869
11.751 80000101800000047 80000101800000046 80000101800000108 80000101800000045 0.886896937575 -211.851 137.334 205.703
11.7576 80000101800000046 80000101800000045 80000101800000108 80000101800000044 0.851470900625 -219.699 171.287 195.134
11.7594 80000101800000045 80000101800000044 80000101800000108 80000101800000043 0.816709979012 -240.61 165.692 195.703
11.7612 80000101800000044 80000101800000043 80000101800000108 80000101800000042 0.791068248946 -247.702 186.839 177.639
11.7622 80000101800000043 80000101800000042 80000101800000108 80000101800000041 0.757441372616 -265.063 182.77 144.832
11.7627 80000101800000042 80000101800000040 80000101800000108 80000101800000039 0.700106353719 -250.814 186.573 109.169
11.7719 80000101800000040 80000101800000039 80000101800000108 80000101800000038 0.676110411213 -261.568 160.428 113.361
11.78 80000101800000039 80000101800000038 80000101800000108 80000101800000037 0.644641840685 -278.195 157.885 106.749
11.7839 80000101800000038 80000101800000037 80000101800000108 80000101800000036 0.621428745243 -270.687 131.071 122.735
11.7867 80000101800000037 80000101800000036 80000101800000108 80000101800000035 0.598543288188 -298.428 88.6008 156.458
11.7902 80000101800000036 80000101800000035 80000101800000108 80000101800000034 0.575980845108 -270.51 82.1357 138.461
11.7979 80000101800000035 80000101800000034 80000101800000108 80000101800000033 0.546392183141 -263.441 60.7605 157.114
11.8 80000101800000034 80000101800000033 80000101800000108 80000101800000032 0.524565820434 -245.286 48.2843 167.011
11.8016 80000101800000033 80000101800000032 80000101800000108 80000101800000031 0.503047523245 -238.972 13.8361 156.202
11.8048 80000101800000032 80000101800000031 80000101800000108 80000101800000030 0.481832943421 -238.34 -11.859 166.718
11.8104 80000101800000031 80000101800000030 80000101800000108 80000101800000029 0.460917794181 -247.955 -19.7387 144.425
11.8178 80000101800000030 80000101800000029 80000101800000108 80000101800000028 0.440297849248 -257.495 -4.29625 153.744
11.8231 80000101800000029 80000101800000028 80000101800000108 80000101800000027 0.419968941997 -250.133 -33.948 169.487
11.8251 80000101800000028 80000101800000027 80000101800000108 80000101800000026 0.399926964614 -189.382 -22.9383 136.107
11.8384 80000101800000027 80000101800000026 80000101800000108 80000101800000025 0.38016786726 -211.631 -24.8322 135.287
11.8444 80000101800000026 80000101800000025 80000101800000108 80000101800000024 0.360687657262 -195.019 -30.5995 139.835
11.8478 80000101800000025 80000101800000024 80000101800000108 80000101800000023 0.347853841858 -232.034 -11.703 174.753
11.8557 80000101800000024 80000101800000022 80000101800000108 80000101800000021 0.310074120128 -161.27 -16.2718 159.644
11.8601 80000101800000022 80000101800000021 80000101800000108 80000101800000020 0.291583239722 -153.798 19.2415 163.301
11.8639 80000101800000021 80000101800000020 80000101800000108 80000101800000019 0.273353346578 -119.647 55.5578 161.035
11.8681 80000101800000020 80000101800000019 80000101800000108 80000101800000018 0.261343256161 -131.253 63.6123 172.421
11.8704 80000101800000019 80000101800000014 80000101800000108 80000101800000013 0.180385261706 -76.8511 207.913 202.312
11.8714 80000101800000014 80000101800000013 80000101800000108 80000101800000012 0.169252033244 -56.6183 212.02 216.057
11.877 80000101800000013 80000101800000012 80000101800000108 80000101800000011 0.152748768902 -54.1285 220.48 212.486
11.8865 80000101800000012 80000101800000009 80000101800000108 80000101800000008 0.109869940459 -16.9257 285.447 214.454
11.8902 80000101800000009 80000101800000008 80000101800000108 80000101800000007 0.0994018026302 -23.8578 266.567 227.455
11.8931 80000101800000008 80000101800000007 80000101800000108 80000101800000006 0.0838844307975 -21.7783 249.425 230.993
11.8956 80000101800000007 80000101800000006 80000101800000108 80000101800000005 0.0736613846564 -4.34533 247.872 220.386
11.9007 80000101800000006 80000101800000005 80000101800000108 80000101800000004 0.0585073227945 -6.10513 223.833 235.527
11.9017 80000101800000005 80000101800000004 80000101800000108 80000101800000003 0.0485236299818 3.51526 222.924 231.732
11.9038 80000101800000004 80000101800000003 80000101800000108 80000101800000002 0.0337243718735 -37.7475 211.439 248.519
11.9072 80000101800000003 80000101800000002 80000101800000108 80000101800000001 0.0239744283828 -2.45716 214.798 240.205
11.9111 80000101800000002 80000101800000001 80000101800000108 80000101800000000 0.00952166696794 -9.93118 190.756 231.469
11.9133 80000101800000001 80000101800000000 80000101800000108 -1 2.22044604925e-16 -14.7121 202.674 241.344
9.07492 80000101800000194 80000101800000193 80000101800000196 80000101800000192 10.9190331982 3.81839 -6.00519 -6.1962
9.13394 80000101800000193 80000101800000192 80000101800000196 80000101800000191 10.3674435724 1.50163 -6.85952 -7.07978
9.15042 80000101800000192 80000101800000191 80000101800000196 80000101800000190 9.99659046619 0.557416 -4.11562 -5.86807
9.2742 80000101800000191 80000101800000190 80000101800000196 80000101800000189 9.84138043947 -1.92534 14.888 4.94497
9.34016 80000101800000190 80000101800000189 80000101800000196 80000101800000188 9.38877127194 -6.07133 10.2259 -0.278364
9.43617 80000101800000189 80000101800000188 80000101800000196 80000101800000187 9.00233985416 2.67754 11.0057 0.291039
9.03763 80000101800000205 80000101800000204 80000101800000212 80000101800000203 6.14490120342 4.67499 -0.6435 13.3521
9.04653 80000101800000204 80000101800000203 80000101800000212 80000101800000202 6.01075739884 2.43925 -2.06692 13.0325
9.10157 80000101800000236 80000101800000235 80000101800000243 80000101800000234 8.01217294887 1.59747 0.68766 -10.7929
9.10415 80000101800000235 80000101800000233 80000101800000243 80000101800000232 7.23627606617 3.41349 -4.96971 -4.99699
9.13871 80000101800000233 80000101800000232 80000101800000243 80000101800000231 7.00541704554 4.45389 -4.68329 -2.65473
9.21671 80000101800000232 80000101800000231 80000101800000243 80000101800000230 6.85511726265 6.6822 2.10331 -6.49883
9.13871 80000101800000274 80000101800000273 80000101800000279 80000101800000272 7.23627606617 5.45651 3.4561 -8.09078
9.29951 80000101800000273 80000101800000272 80000101800000279 80000101800000271 7.00541704554 0.936557 13.4948 -3.62681
9.31401 80000101800000272 80000101800000271 80000101800000279 80000101800000270 6.85511726265 0.433824 7.48456 -9.1558
9.33566 80000101800000271 80000101800000270 80000101800000279 80000101800000269 6.49159774567 -2.69464 13.7044 -6.11536
9.45946 80000101800000270 80000101800000269 80000101800000279 80000101800000268 6.14490120342 -9.14185 8.21654 -2.41596
9.48692 80000101800000269 80000101800000266 80000101800000279 80000101800000265 5.52976580795 -3.10348 8.81735 -4.87369
9.64193 80000101800000266 80000101800000265 80000101800000279 80000101800000264 5.22758097313 -13.366 0.170471 1.6214
9.20055 80000101800000287 80000101800000286 80000101800000296 80000101800000285 5.84661374788 -7.02027 14.7383 -5.45314
9.06096 80000101800000322 80000101800000321 80000101800000327 80000101800000320 9.99659046619 -9.25398 2.31525 15.2633
9.19433 80000101800000321 80000101800000319 80000101800000327 80000101800000318 9.38877127194 -12.51 -1.35103 15.1822
9.20668 80000101800000319 80000101800000318 80000101800000327 80000101800000317 9.00233985416 -9.37918 0.00873688 8.25221
9.24733 80000101800000318 80000101800000316 80000101800000327 80000101800000315 8.44947629437 -5.81545 0.624745 13.2041
9.10926 80000101800000362 80000101800000361 80000101800000365 80000101800000360 12.0418635439 10.2026 -0.872624 -9.1033
9.34609 80000101800000361 80000101800000359 80000101800000365 80000101800000358 10.9190331982 10.289 6.00941 -1.28472
9.44564 80000101800000359 80000101800000358 80000101800000365 80000101800000357 10.3674435724 9.32656 0.792308 -7.36881
9.50973 80000101800000358 80000101800000357 80000101800000365 80000101800000356 9.99659046619 11.4008 -0.195253 -10.0655
9.51074 80000101800000357 80000101800000356 80000101800000365 80000101800000355 9.84138043947 9.95229 2.26894 -9.39782
9.60136 80000101800000356 80000101800000355 80000101800000365 80000101800000354 9.38877127194 8.92279 -12.1673 -12.4636
9.66655 80000101800000355 80000101800000354 80000101800000365 80000101800000353 9.00233985416 7.84185 -20.0927 -16.5887
9.68717 80000101800000354 80000101800000352 80000101800000365 80000101800000351 8.44947629437 -0.303728 -19.9537 -15.6443
9.92548 80000101800000352 80000101800000351 80000101800000365 80000101800000350 8.01217294887 7.92125 -23.1976 -31.3095
9.96084 80000101800000351 80000101800000350 80000101800000365 80000101800000349 7.59510714987 -6.33627 -15.8939 -32.2207
10.0598 80000101800000350 80000101800000349 80000101800000365 80000101800000348 7.23627606617 -7.95062 -14.6243 -34.818
10.0604 80000101800000349 80000101800000348 80000101800000365 80000101800000347 7.00541704554 -12.7929 -12.9425 -31.3122
10.1005 80000101800000348 80000101800000347 80000101800000365 80000101800000346 6.85511726265 -12.328 -2.35152 -24.866
10.158 80000101800000347 80000101800000346 80000101800000365 80000101800000345 6.49159774567 -14.9715 -15.8052 -24.9871
10.1718 80000101800000346 80000101800000345 80000101800000365 80000101800000344 6.14490120342 -10.8528 -7.14734 -25.2733
10.1924 80000101800000345 80000101800000343 80000101800000365 80000101800000342 5.84661374788 -9.18565 -5.26766 -25.0946
9.12668 80000101800000395 80000101800000394 80000101800000397 80000101800000393 9.99659046619 -13.7641 -8.14198 4.11016
9.13634 80000101800000394 80000101800000390 80000101800000397 80000101800000389 8.44947629437 -8.17701 -12.8816 -4.35417
9.11179 80000101800000454 80000101800000453 80000101800000459 80000101800000452 9.38877127194 3.30293 -2.68515 -2.42235
9.14344 80000101800000453 80000101800000452 80000101800000459 80000101800000451 9.00233985416 3.24296 -1.64554 -1.4783
9.14578 80000101800000452 80000101800000451 80000101800000459 80000101800000450 8.9079991856 2.81699 -1.15088 -2.355
9.27246 80000101800000451 80000101800000450 80000101800000459 80000101800000449 8.44947629437 0.290343 -3.27367 -4.25356
9.36199 80000101800000450 80000101800000449 80000101800000459 80000101800000448 8.01217294887 -5.48345 -3.60794 -2.9373
9.40518 80000101800000449 80000101800000448 80000101800000459 80000101800000447 7.59510714987 -7.70637 -1.09109 -0.87822
9.58383 80000101800000448 80000101800000446 80000101800000459 80000101800000445 7.00541704554 -8.65263 26.1471 26.265
9.59394 80000101800000446 80000101800000445 80000101800000459 80000101800000444 6.85511726265 -10.5122 11.0264 5.11763
9.67284 80000101800000445 80000101800000444 80000101800000459 80000101800000443 6.49159774567 -11.7227 13.2281 5.68039
9.68985 80000101800000444 80000101800000443 80000101800000459 80000101800000442 6.14490120342 -9.17301 9.53068 -5.59112
9.7336 80000101800000443 80000101800000442 80000101800000459 80000101800000441 6.01075739884 -11.622 6.4937 -3.98077
9.01614 80000101800000571 80000101800000570 80000101800000576 80000101800000569 6.49159774567 -8.2957 -9.82514 -2.1488
9.22651 80000101800000570 80000101800000569 80000101800000576 80000101800000568 6.14490120342 -9.36067 -10.8979 -4.94278
9.25828 80000101800000569 80000101800000568 80000101800000576 80000101800000567 6.01075739884 -10.3949 -5.5802 -4.04933
9.27938 80000101800000568 80000101800000567 80000101800000576 80000101800000566 5.84661374788 -9.70392 -4.77267 -4.66333
9.32805 80000101800000567 80000101800000566 80000101800000576 80000101800000565 5.52976580795 -6.47538 -5.07152 -7.94963
9.33566 80000101800000566 80000101800000565 80000101800000576 80000101800000564 5.22758097313 -2.36485 -0.0843364 -6.77014
9.13154 80000101800000620 80000101800000619 80000101800000628 80000101800000618 8.01217294887 0.436845 -1.93156 5.77586
9.17729 80000101800000619 80000101800000618 80000101800000628 80000101800000617 7.59510714987 -2.22819 -1.15385 6.03157
9.28788 80000101800000618 80000101800000617 80000101800000628 80000101800000616 7.23627606617 -2.12303 -0.671933 2.12412
9.31401 80000101800000617 80000101800000616 80000101800000628 80000101800000615 7.00541704554 1.91277 -6.46153 0.979945
9.37595 80000101800000616 80000101800000614 80000101800000628 80000101800000613 6.49159774567 -0.331506 -2.83958 -1.12026
9.41659 80000101800000614 80000101800000612 80000101800000628 80000101800000611 6.01075739884 4.3992 -6.72191 2.89723
9.42649 80000101800000612 80000101800000611 80000101800000628 80000101800000610 5.84661374788 -3.56128 -9.33951 5.26076
9.48372 80000101800000611 80000101800000610 80000101800000628 80000101800000609 5.52976580795 -12.0076 -11.8185 10.506
9.52948 80000101800000610 80000101800000609 80000101800000628 80000101800000608 5.22758097313 -16.2716 -9.96258 14.4378
9.04062 80000101800000685 80000101800000684 80000101800000690 80000101800000683 10.3674435724 1.85028 1.83254 3.8036
9.08038 80000101800000684 80000101800000683 80000101800000690 80000101800000682 9.99659046619 0.316495 -3.25417 5.27072
9.22457 80000101800000683 80000101800000682 80000101800000690 80000101800000681 9.84138043947 2.41621 -2.93393 -0.402299
9.27766 80000101800000682 80000101800000681 80000101800000690 80000101800000680 9.38877127194 9.53072 2.52714 -6.10034
9.2811 80000101800000681 80000101800000680 80000101800000690 80000101800000679 9.00233985416 8.8993 4.52181 -0.581164
9.2811 80000101800000680 80000101800000679 80000101800000690 80000101800000678 8.9079991856 10.7785 4.75197 0.449061
9.39214 80000101800000679 80000101800000678 80000101800000690 80000101800000677 8.44947629437 12.663 3.19603 -0.455362
9.4026 80000101800000678 80000101800000677 80000101800000690 80000101800000676 8.01217294887 7.94446 1.2198 2.35622
9.49326 80000101800000677 80000101800000676 80000101800000690 80000101800000675 7.59510714987 10.6609 -0.247614 -2.31036
9.51873 80000101800000676 80000101800000675 80000101800000690 80000101800000674 7.23627606617 6.1363 -3.69233 -6.20858
9.6573 80000101800000675 80000101800000674 80000101800000690 80000101800000673 7.00541704554 -4.85012 -18.8136 -9.52287
9.70428 80000101800000674 80000101800000673 80000101800000690 80000101800000672 6.85511726265 -7.12996 -21.2588 -13.1141
9.72322 80000101800000673 80000101800000671 80000101800000690 80000101800000670 6.14490120342 -6.91072 -22.7284 -11.4872
9.7342 80000101800000671 80000101800000669 80000101800000690 80000101800000668 5.84661374788 -5.70613 -28.2791 -8.57623
9.10415 80000101800000707 80000101800000706 80000101800000707 80000101800000705 10.3674435724 -14.2939 0.246039 8.16638
9.06378 80000101800000766 80000101800000765 80000101800000773 80000101800000764 7.59510714987 5.3879 1.21018 2.06109
9.18802 80000101800000765 80000101800000764 80000101800000773 80000101800000763 7.23627606617 12.8742 0.522471 -3.93461
9.24362 80000101800000764 80000101800000763 80000101800000773 80000101800000762 7.00541704554 2.13912 0.189204 -2.80468
9.4549 80000101800000763 80000101800000762 80000101800000773 80000101800000761 6.85511726265 -6.51846 7.53916 -4.13958
9.60785 80000101800000762 80000101800000760 80000101800000773 80000101800000759 6.14490120342 -4.54439 12.1743 -8.64332
9.62523 80000101800000760 80000101800000759 80000101800000773 80000101800000758 6.01075739884 -0.433831 9.72298 -8.17022
9.64638 80000101800000759 80000101800000758 80000101800000773 80000101800000757 5.84661374788 0.267895 5.02507 -5.33068
9.70492 80000101800000758 80000101800000757 80000101800000773 80000101800000756 5.52976580795 6.77229 6.82652 -1.73661
9.81278 80000101800000757 80000101800000756 80000101800000773 80000101800000755 5.22758097313 5.0438 -12.916 6.39315
9.85536 80000101800000756 80000101800000755 80000101800000773 80000101800000754 4.99593346816 3.21451 -20.1091 5.3
9.86882 80000101800000755 80000101800000754 80000101800000773 80000101800000753 4.93938066349 -1.63885 -20.1113 1.27294
9.94222 80000101800000754 80000101800000753 80000101800000773 80000101800000752 4.66451770247 20.6475 -21.2906 -1.50809
10.0199 80000101800000753 80000101800000752 80000101800000773 80000101800000751 4.42803373661 32.8411 -21.1315 -8.45943
10.0638 80000101800000752 80000101800000751 80000101800000773 80000101800000750 4.17683491473 28.413 -22.6449 -7.04794
10.0746 80000101800000751 80000101800000749 80000101800000773 80000101800000748 3.93726108473 36.1575 -13.521 -15.3066
9.0098 80000101800000777 80000101800000776 80000101800000778 80000101800000775 7.59510714987 25.006 6.65288 12.5264
9.01614 80000101800000823 80000101800000822 80000101800000831 80000101800000821 5.52976580795 -2.66036 -9.758 0.104364
9.11681 80000101800000822 80000101800000821 80000101800000831 80000101800000820 5.22758097313 -1.18459 -14.2305 -1.82677
9.23229 80000101800000821 80000101800000820 80000101800000831 80000101800000819 4.99593346816 2.99285 -14.1114 6.89391
9.26543 80000101800000820 80000101800000818 80000101800000831 80000101800000817 4.66451770247 3.79378 -12.8958 6.05556
9.2862 80000101800000818 80000101800000817 80000101800000831 80000101800000816 4.42803373661 5.80579 -12.472 3.71289
9.29622 80000101800000817 80000101800000816 80000101800000831 80000101800000815 4.17683491473 4.34812 -11.3562 1.96355
9.32958 80000101800000816 80000101800000815 80000101800000831 80000101800000814 4.00794511147 1.2992 -10.5957 0.939909
9.32958 80000101800000815 80000101800000814 80000101800000831 80000101800000813 3.93726108473 2.43086 -10.8928 -2.18434
9.34902 80000101800000814 80000101800000813 80000101800000831 80000101800000812 3.70877426464 -0.3549 -8.72422 -4.67684
9.24918 80000101800000915 80000101800000914 80000101800000928 80000101800000913 4.17683491473 -10.3878 14.0759 -11.6425
9.29124 80000101800000914 80000101800000913 80000101800000928 80000101800000912 4.00794511147 -15.0815 9.31374 -14.8921
9.32031 80000101800000913 80000101800000912 80000101800000928 80000101800000911 3.93726108473 -11.8443 1.5349 -17.5198
9.38277 80000101800000912 80000101800000911 80000101800000928 80000101800000910 3.70877426464 -14.403 -8.43296 -22.0572
9.44564 80000101800000911 80000101800000910 80000101800000928 80000101800000909 3.49086136926 -7.08471 -19.4071 -25.3031
9.50567 80000101800000910 80000101800000909 80000101800000928 80000101800000908 3.28303305796 -19.5868 -9.29411 -28.8567
9.01298 80000101800000942 80000101800000941 80000101800000959 80000101800000940 4.17683491473 -5.2354 -8.60591 1.12463
9.30115 80000101800000941 80000101800000934 80000101800000959 80000101800000933 3.00813107163 -6.43937 -14.9112 -17.6164
9.04945 80000101800001038 80000101800001037 80000101800001047 80000101800001036 7.59510714987 -5.42092 9.94118 1.48001
9.06939 80000101800001037 80000101800001035 80000101800001047 80000101800001034 7.00541704554 -4.11264 -2.81326 -0.44582
9.09375 80000101800001035 80000101800001034 80000101800001047 80000101800001033 6.85511726265 -4.19038 -0.911371 -1.44754
9.09637 80000101800001034 80000101800001033 80000101800001047 80000101800001032 6.49159774567 -2.99304 -3.71571 -2.40862
9.1573 80000101800001033 80000101800001032 80000101800001047 80000101800001031 6.14490120342 -2.79341 -1.0069 -3.29982
9.19848 80000101800001032 80000101800001031 80000101800001047 80000101800001030 6.01075739884 -1.8049 0.483087 -3.49084
9.2342 80000101800001031 80000101800001030 80000101800001047 80000101800001029 5.84661374788 -4.82298 -1.43331 -5.14438
9.27766 80000101800001030 80000101800001029 80000101800001047 80000101800001028 5.52976580795 -2.4559 6.87768 -2.24115
9.30115 80000101800001029 80000101800001028 80000101800001047 80000101800001027 5.22758097313 -4.95161 -2.45248 -7.9921
9.34756 80000101800001028 80000101800001026 80000101800001047 80000101800001025 4.93938066349 -6.53279 -6.64206 -6.91632
9.36902 80000101800001026 80000101800001025 80000101800001047 80000101800001024 4.66451770247 -10.2625 3.81232 -9.63775
9.40001 80000101800001025 80000101800001024 80000101800001047 80000101800001023 4.42803373661 -3.83111 -3.28248 -4.10499
9.44329 80000101800001024 80000101800001023 80000101800001047 80000101800001022 4.17683491473 -12.4376 -1.48664 -10.8485
9.45261 80000101800001023 80000101800001022 80000101800001047 80000101800001021 4.00794511147 -13.162 3.32347 -10.3727
9.09111 80000101800001099 80000101800001098 80000101800001102 80000101800001097 7.23627606617 -3.41943 0.419544 2.74564
9.12178 80000101800001098 80000101800001097 80000101800001102 80000101800001096 7.00541704554 -12.735 1.48711 4.21141
9.17293 80000101800001097 80000101800001096 80000101800001102 80000101800001095 6.85511726265 -11.0618 1.17369 4.4036
9.20668 80000101800001096 80000101800001094 80000101800001102 80000101800001093 6.14490120342 -10.7296 3.33913 8.39285
9.23037 80000101800001094 80000101800001093 80000101800001102 80000101800001092 6.01075739884 -11.179 3.58587 6.4412
9.34165 80000101800001093 80000101800001092 80000101800001102 80000101800001091 5.84661374788 -22.85 2.30483 7.98516
9.38277 80000101800001092 80000101800001091 80000101800001102 80000101800001090 5.52976580795 -18.8964 5.00274 7.22545
9.39871 80000101800001091 80000101800001090 80000101800001102 80000101800001089 5.22758097313 -15.8255 2.57219 10.6486
9.42404 80000101800001090 80000101800001089 80000101800001102 80000101800001088 4.99593346816 -18.8174 0.725727 11.6923
9.47176 80000101800001089 80000101800001088 80000101800001102 80000101800001087 4.93938066349 -21.477 -1.7971 13.0676
9.02855 80000101800001132 80000101800001131 80000101800001141 80000101800001130 5.52976580795 1.13894 -4.08143 -4.37778
9.10926 80000101800001131 80000101800001129 80000101800001141 80000101800001128 4.99593346816 3.92848 -3.2819 -4.61398
9.11431 80000101800001129 80000101800001128 80000101800001141 80000101800001127 4.93938066349 3.1464 -1.0272 -5.69834
9.0316 80000101800001165 80000101800001164 80000101800001171 80000101800001163 3.28303305796 5.95095 -15.6961 0.673511
9.05811 80000101800001164 80000101800001163 80000101800001171 80000101800001162 3.08482263583 2.37231 -11.1806 -6.34256
9.06378 80000101800001163 80000101800001162 80000101800001171 80000101800001161 3.00813107163 0.648293 -16.5471 -7.39537
9.07492 80000101800001162 80000101800001161 80000101800001171 80000101800001160 2.89578500573 1.95426 -13.2091 -6.43416
9.08578 80000101800001161 80000101800001160 80000101800001171 80000101800001159 2.73314261732 2.58079 -12.5016 -3.71074
9.12178 80000101800001160 80000101800001159 80000101800001171 80000101800001158 2.5772902716 0.168843 -13.8607 -7.32993
9.01928 80000101800001184 80000101800001183 80000101800001207 80000101800001182 2.20792547238 -2.41809 -2.98389 -10.3765
9.02548 80000101800001254 80000101800001253 80000101800001258 80000101800001252 9.99659046619 0.665611 0.442435 -8.57676
9.03763 80000101800001253 80000101800001252 80000101800001258 80000101800001251 9.84138043947 1.22424 -0.00803948 -9.39881
9.09898 80000101800001252 80000101800001251 80000101800001258 80000101800001250 9.38877127194 0.9779 -1.24741 -8.05872
9.25466 80000101800001251 80000101800001250 80000101800001258 80000101800001249 9.00233985416 4.09114 -3.0131 -9.08012
9.2672 80000101800001250 80000101800001249 80000101800001258 80000101800001248 8.9079991856 3.49771 -2.56083 -8.17953
9.32342 80000101800001249 80000101800001248 80000101800001258 80000101800001247 8.44947629437 4.19711 -2.94842 -6.16354
9.40131 80000101800001248 80000101800001247 80000101800001258 80000101800001246 8.01217294887 6.32968 -4.67527 -8.36343
9.58127 80000101800001247 80000101800001246 80000101800001258 80000101800001245 7.59510714987 9.06542 6.4861 -0.06089
9.63442 80000101800001246 80000101800001245 80000101800001258 80000101800001244 7.23627606617 8.16072 6.07385 5.5514
9.63593 80000101800001245 80000101800001244 80000101800001258 80000101800001243 7.00541704554 15.9815 8.52391 1.88877
9.69118 80000101800001244 80000101800001243 80000101800001258 80000101800001242 6.85511726265 11.3212 10.978 1.9289
9.76388 80000101800001243 80000101800001242 80000101800001258 80000101800001241 6.49159774567 18.8117 15.4571 -0.187932
9.83673 80000101800001242 80000101800001240 80000101800001258 80000101800001239 6.01075739884 23.2197 18.4897 -12.4482
9.83721 80000101800001240 80000101800001239 80000101800001258 80000101800001238 5.84661374788 27.8366 21.7765 -10.3316
10.0098 80000101800001239 80000101800001238 80000101800001258 80000101800001237 5.52976580795 15.4657 16.7474 -6.39746
10.1523 80000101800001238 80000101800001237 80000101800001258 80000101800001236 5.22758097313 37.8331 39.8091 -18.822
10.1927 80000101800001237 80000101800001236 80000101800001258 80000101800001235 4.99593346816 36.2677 21.9715 -23.5399
10.204 80000101800001236 80000101800001235 80000101800001258 80000101800001234 4.93938066349 36.0924 27.8956 -25.3201
10.2624 80000101800001235 80000101800001234 80000101800001258 80000101800001233 4.66451770247 46.1903 28.3371 -29.1001
10.3052 80000101800001234 80000101800001233 80000101800001258 80000101800001232 4.42803373661 47.5497 36.4161 -34.5408
10.3317 80000101800001233 80000101800001232 80000101800001258 80000101800001231 4.17683491473 51.1142 39.1702 -40.8177
10.3561 80000101800001232 80000101800001231 80000101800001258 80000101800001230 4.00794511147 62.9462 42.0316 -47.4767
10.3753 80000101800001231 80000101800001230 80000101800001258 80000101800001229 3.93726108473 54.8537 27.7418 -55.1228
10.4032 80000101800001230 80000101800001227 80000101800001258 80000101800001226 3.28303305796 33.887 16.9357 -58.2041
10.4075 80000101800001227 80000101800001225 80000101800001258 80000101800001224 3.00813107163 42.4937 6.60745 -58.7432
10.4728 80000101800001225 80000101800001224 80000101800001258 80000101800001223 2.89578500573 53.4093 -0.42609 -86.4544
9.09898 80000101800001282 80000101800001281 80000101800001288 80000101800001280 8.44947629437 -1.3918 -6.77662 -15.7056
9.25466 80000101800001281 80000101800001280 80000101800001288 80000101800001279 8.01217294887 -6.2641 -7.64448 -3.76104
9.34165 80000101800001280 80000101800001279 80000101800001288 80000101800001278 7.59510714987 -7.23323 -4.97734 -11.2075
9.06378 80000101800001317 80000101800001316 80000101800001321 80000101800001315 8.01217294887 -3.24166 -4.76954 0.380766
9.06378 80000101800001316 80000101800001315 80000101800001321 80000101800001314 7.59510714987 -3.05275 -3.09184 1.2971
9.12912 80000101800001315 80000101800001314 80000101800001321 80000101800001313 7.23627606617 -2.5944 -2.91603 0.880632
9.13394 80000101800001314 80000101800001313 80000101800001321 80000101800001312 7.00541704554 -2.43223 -3.45521 0.596528
9.14578 80000101800001313 80000101800001312 80000101800001321 80000101800001311 6.85511726265 -4.05773 -4.08308 0.223785
9.23229 80000101800001312 80000101800001311 80000101800001321 80000101800001310 6.49159774567 -0.566084 -3.88639 -1.13665
9.2845 80000101800001311 80000101800001310 80000101800001321 80000101800001309 6.14490120342 -2.46162 -2.884 -2.98808
9.09637 80000101800001595 80000101800001594 80000101800001602 80000101800001593 3.93726108473 -0.388247 0.14979 -10.2449
9.16182 80000101800001594 80000101800001593 80000101800001602 80000101800001592 3.70877426464 -1.66448 -0.352311 -8.66881
9.1663 80000101800001593 80000101800001587 80000101800001602 80000101800001586 2.73314261732 -4.44487 1.96858 -8.5458
9.23229 80000101800001587 80000101800001586 80000101800001602 80000101800001585 2.5772902716 -5.82151 -1.3289 -9.81901
9.00012 80000101800001802 80000101800001801 80000101800001828 80000101800001800 2.44422570455 -5.90671 -1.0738 -2.65703
9.02239 80000101800001801 80000101800001800 80000101800001828 80000101800001799 2.31611074396 -7.73953 -3.66925 -0.960361
9.03763 80000101800001800 80000101800001799 80000101800001828 80000101800001798 2.20792547238 -10.3411 0.214156 -1.89103
9.04653 80000101800001799 80000101800001798 80000101800001828 80000101800001797 2.1032696526 -8.08575 1.89103 -2.73472
9.05235 80000101800001798 80000101800001796 80000101800001828 80000101800001795 1.90408954353 -5.69784 0.507628 -1.62349
9.05811 80000101800001902 80000101800001901 80000101800001902 80000101800001900 7.59510714987 -1.24978 -4.58826 -2.88073
9.14578 80000101800001901 80000101800001900 80000101800001902 80000101800001899 7.23627606617 -2.641 -11.6664 -5.6995
9.24918 80000101800001900 80000101800001899 80000101800001902 80000101800001898 7.00541704554 -11.0193 -6.53147 7.74059
9.2828 80000101800001899 80000101800001898 80000101800001902 80000101800001897 6.85511726265 -14.8933 -10.1675 11.4712
9.33415 80000101800001898 80000101800001896 80000101800001902 80000101800001895 6.14490120342 5.71493 -11.1838 -0.403999
9.39081 80000101800001896 80000101800001894 80000101800001902 80000101800001893 5.84661374788 17.7546 -5.23728 -1.48092
9.46285 80000101800001894 80000101800001893 80000101800001902 80000101800001892 5.52976580795 19.5071 -5.66478 -0.645239
9.49848 80000101800001893 80000101800001889 80000101800001902 80000101800001888 4.66451770247 -8.85921 -18.9534 8.70446
9.54185 80000101800001889 80000101800001888 80000101800001902 80000101800001887 4.42803373661 14.372 -6.64528 -0.148008
9.56021 80000101800001888 80000101800001887 80000101800001902 80000101800001886 4.17683491473 2.33828 -6.22046 -4.38867
9.58891 80000101800001887 80000101800001886 80000101800001902 80000101800001885 4.00794511147 -3.76179 -11.4974 -1.72067
9.58975 80000101800001886 80000101800001881 80000101800001902 80000101800001880 3.08482263583 3.29693 4.13234 6.81402
9.62985 80000101800001881 80000101800001878 80000101800001902 80000101800001877 2.73314261732 1.69299 2.66897 -1.84944
9.63669 80000101800001878 80000101800001877 80000101800001902 80000101800001876 2.5772902716 4.39873 14.4173 -1.51933
9.70169 80000101800001877 80000101800001876 80000101800001902 80000101800001875 2.44422570455 5.92692 18.8559 3.35859
9.74491 80000101800001876 80000101800001875 80000101800001902 80000101800001874 2.31611074396 -16.093 25.5824 -9.88683
9.76669 80000101800001875 80000101800001874 80000101800001902 80000101800001873 2.20792547238 -8.37271 5.64762 -10.6251
9.80415 80000101800001874 80000101800001873 80000101800001902 80000101800001872 2.1032696526 -13.8816 4.91972 -7.71002
9.84381 80000101800001873 80000101800001872 80000101800001902 80000101800001871 2.00202813925 -31.2305 -4.29662 -24.3124
9.85124 80000101800001872 80000101800001862 80000101800001902 80000101800001861 1.30237845991 -33.6193 -11.9522 -20.6498
9.02855 80000101800001948 80000101800001947 80000101800001962 80000101800001946 3.28303305796 -4.85577 0.745921 1.86515
9.0316 80000101800001947 80000101800001946 80000101800001962 80000101800001945 3.08482263583 -4.72426 1.44707 5.79351
9.03463 80000101800001946 80000101800001939 80000101800001962 80000101800001938 2.20792547238 -6.31775 2.09683 5.78103
9.04062 80000101800001939 80000101800001935 80000101800001962 80000101800001934 1.82268925262 -6.97875 1.60777 8.33539
9.05524 80000101800001935 80000101800001933 80000101800001962 80000101800001932 1.66666955611 -6.61895 3.05084 9.58074
9.05524 80000101800001933 80000101800001932 80000101800001962 80000101800001931 1.60423452207 -7.17913 2.54266 7.07735
9.10415 80000101800001932 80000101800001931 80000101800001962 80000101800001930 1.53123902916 -10.255 -0.00269089 5.3682
9.25466 80000101800002045 80000101800002044 80000101800002056 80000101800002043 3.28303305796 18.4411 -2.80818 3.79988
9.63442 80000101800002044 80000101800002043 80000101800002056 80000101800002042 3.08482263583 17.5456 -3.78346 -32.4846
9.69647 80000101800002043 80000101800002042 80000101800002056 80000101800002041 3.00813107163 25.5129 3.94809 -32.0192
9.71132 80000101800002042 80000101800002041 80000101800002056 80000101800002040 2.89578500573 22.7535 6.13679 -32.61
9.72445 80000101800002041 80000101800002040 80000101800002056 80000101800002039 2.73314261732 29.3129 3.76002 -24.0781
9.75765 80000101800002040 80000101800002039 80000101800002056 80000101800002038 2.5772902716 33.8066 -0.92145 -35.6036
9.17073 80000101800002058 80000101800002057 80000101800002065 80000101800002044 3.49086136926 22.2684 -4.68531 16.026
9.15956 80000101800002072 80000101800002071 80000101800002082 80000101800002070 3.70877426464 -2.74194 -5.18151 -16.094
9.04062 80000101800002191 80000101800002190 80000101800002198 80000101800002189 5.52976580795 1.79229 0.982406 -3.45158
9.22845 80000101800002190 80000101800002189 80000101800002198 80000101800002188 5.22758097313 7.97281 4.36279 11.8526
9.33866 80000101800002189 80000101800002186 80000101800002198 80000101800002185 4.66451770247 -1.90374 3.65923 10.7913
9.42033 80000101800002186 80000101800002185 80000101800002198 80000101800002184 4.42803373661 -9.51343 3.16306 15.7055
9.42893 80000101800002185 80000101800002184 80000101800002198 80000101800002183 4.17683491473 -9.67316 6.65042 14.6899
9.46285 80000101800002184 80000101800002183 80000101800002198 80000101800002182 4.00794511147 -13.342 3.73725 15.94
9.48265 80000101800002183 80000101800002181 80000101800002198 80000101800002180 3.70877426464 -15.2354 9.69515 20.48
9.5314 80000101800002181 80000101800002180 80000101800002198 80000101800002179 3.49086136926 -32.9263 13.8464 27.4389
9.53618 80000101800002180 80000101800002179 80000101800002198 80000101800002178 3.28303305796 -34.8402 10.2066 34.5405
9.60543 80000101800002179 80000101800002176 80000101800002198 80000101800002175 2.89578500573 -64.0727 -6.31958 52.5972
9.0316 80000101800002335 80000101800002334 80000101800002353 80000101800002333 3.00813107163 -3.56066 -4.71166 -1.28425
9.04062 80000101800002334 80000101800002333 80000101800002353 80000101800002332 2.89578500573 -2.75488 -6.28269 -1.63091
9.05524 80000101800002333 80000101800002332 80000101800002353 80000101800002331 2.73314261732 -4.52168 -3.56296 -4.94575
9.07216 80000101800002332 80000101800002331 80000101800002353 80000101800002330 2.5772902716 -1.06633 -5.48257 -2.95609
9.18376 80000101800002331 80000101800002330 80000101800002353 80000101800002329 2.44422570455 6.45489 0.213723 -20.1999
9.00337 80000101800002389 80000101800002388 80000101800002399 80000101800002387 3.70877426464 2.89513 -0.850116 5.63585
9.03763 80000101800002388 80000101800002385 80000101800002399 80000101800002384 3.08482263583 6.44585 -0.44664 7.08896
9.0666 80000101800002492 80000101800002491 80000101800002499 80000101800002490 7.59510714987 1.47002 -5.02769 2.85375
9.32031 80000101800002491 80000101800002487 80000101800002499 80000101800002486 6.49159774567 7.53283 1.19602 4.73701
9.47724 80000101800002487 80000101800002486 80000101800002499 80000101800002485 6.14490120342 22.4689 -4.29657 8.74597
9.48479 80000101800002486 80000101800002485 80000101800002499 80000101800002484 6.01075739884 19.9169 -7.4924 7.58955
9.54185 80000101800002485 80000101800002484 80000101800002499 80000101800002483 5.84661374788 20.4153 -7.92474 4.63295
9.62677 80000101800002484 80000101800002482 80000101800002499 80000101800002481 5.22758097313 18.2381 -9.25323 4.91736
9.65369 80000101800002482 80000101800002481 80000101800002499 80000101800002480 4.99593346816 14.3013 -4.15563 -0.814778
9.67491 80000101800002481 80000101800002480 80000101800002499 80000101800002479 4.93938066349 17.8674 -1.88501 -1.52683
9.69778 80000101800002480 80000101800002475 80000101800002499 80000101800002474 3.93726108473 10.2654 -1.26681 8.26471
9.7195 80000101800002475 80000101800002473 80000101800002499 80000101800002472 3.49086136926 -0.10295 3.08633 10.6163
9.74255 80000101800002473 80000101800002471 80000101800002499 80000101800002470 3.08482263583 9.31025 6.55875 14.602
9.76049 80000101800002471 80000101800002470 80000101800002499 80000101800002469 3.00813107163 9.16826 5.83158 15.3301
9.77169 80000101800002470 80000101800002469 80000101800002499 80000101800002468 2.89578500573 15.7045 -0.909656 10.6247
9.77881 80000101800002469 80000101800002468 80000101800002499 80000101800002467 2.73314261732 12.2405 5.17371 9.15954
9.80721 80000101800002468 80000101800002467 80000101800002499 80000101800002466 2.5772902716 14.6905 0.241503 13.4955
9.83099 80000101800002467 80000101800002466 80000101800002499 80000101800002465 2.44422570455 12.8162 -1.80776 15.9188
9.05811 80000101800002790 80000101800002789 80000101800002799 80000101800002788 6.49159774567 6.74547 -4.15784 2.35664
9.08309 80000101800002789 80000101800002788 80000101800002799 80000101800002787 6.14490120342 6.51857 -4.85492 2.29022
9.19641 80000101800002788 80000101800002787 80000101800002799 80000101800002786 6.01075739884 7.78485 -5.18962 1.38826
9.2087 80000101800002787 80000101800002786 80000101800002799 80000101800002785 5.84661374788 5.78218 -5.53632 2.52025
9.2742 80000101800002786 80000101800002785 80000101800002799 80000101800002784 5.52976580795 16.4852 -9.25334 6.52634
9.3044 80000101800002785 80000101800002784 80000101800002799 80000101800002783 5.22758097313 19.4396 -11.0126 6.99874
9.37457 80000101800002784 80000101800002783 80000101800002799 80000101800002782 4.99593346816 19.284 -10.2424 2.19609
9.38547 80000101800002783 80000101800002782 80000101800002799 80000101800002781 4.93938066349 16.8145 -13.7917 8.14461
9.46397 80000101800002782 80000101800002781 80000101800002799 80000101800002780 4.66451770247 12.9179 -10.4462 16.407
9.5629 80000101800002781 80000101800002780 80000101800002799 80000101800002779 4.42803373661 0.962306 -3.23066 33.7096
9.65586 80000101800002780 80000101800002779 80000101800002799 80000101800002778 4.17683491473 -3.46743 -19.3512 37.5145
9.68918 80000101800002779 80000101800002778 80000101800002799 80000101800002777 4.00794511147 -0.447332 -20.8465 41.5715
9.71132 80000101800002778 80000101800002777 80000101800002799 80000101800002776 3.93726108473 1.132 -19.8698 38.1708
9.77499 80000101800002777 80000101800002776 80000101800002799 80000101800002775 3.70877426464 4.71271 -25.7757 40.002
9.83769 80000101800002776 80000101800002775 80000101800002799 80000101800002774 3.49086136926 2.53879 -21.3278 53.8875
9.90888 80000101800002775 80000101800002774 80000101800002799 80000101800002773 3.28303305796 6.26513 -27.9119 67.5607
9.91129 80000101800002774 80000101800002773 80000101800002799 80000101800002772 3.08482263583 3.62528 -12.8459 65.3801
9.92471 80000101800002773 80000101800002772 80000101800002799 80000101800002771 3.00813107163 3.54094 -19.2423 66.3704
9.96511 80000101800002772 80000101800002770 80000101800002799 80000101800002769 2.73314261732 12.5439 -27.7109 63.4313
9.02548 80000101800002829 80000101800002828 80000101800002841 80000101800002827 4.99593346816 3.87599 -2.21853 -1.11778
9.03763 80000101800002828 80000101800002827 80000101800002841 80000101800002826 4.93938066349 2.02246 -1.96634 -2.67803
9.05524 80000101800002827 80000101800002826 80000101800002841 80000101800002825 4.66451770247 6.16759 -7.62784 -5.7484
9.10157 80000101800002826 80000101800002825 80000101800002841 80000101800002824 4.42803373661 2.74443 -3.09078 -6.44185
9.00337 80000101800002960 80000101800002959 80000101800002971 80000101800002958 1.74357057433 -3.7758 8.3057 -21.8437
9.04062 80000101800002959 80000101800002958 80000101800002971 80000101800002957 1.66666955611 -4.53262 7.73849 -21.9033
9.23988 80000101800003111 80000101800003110 80000101800003120 80000101800003109 3.28303305796 5.05809 8.40896 17.0361
9.30115 80000101800003110 80000101800003109 80000101800003120 80000101800003108 3.08482263583 7.00595 -0.410952 16.6888
9.3044 80000101800003109 80000101800003108 80000101800003120 80000101800003107 3.00813107163 5.8619 -0.952912 14.4744
9.33415 80000101800003108 80000101800003107 80000101800003120 80000101800003106 2.89578500573 4.67093 -6.59113 20.0812
9.37732 80000101800003107 80000101800003106 80000101800003120 80000101800003105 2.73314261732 0.829614 -2.20765 8.54067
9.41156 80000101800003106 80000101800003105 80000101800003120 80000101800003104 2.5772902716 1.83972 -6.89834 14.7261
9.45145 80000101800003105 80000101800003104 80000101800003120 80000101800003103 2.44422570455 7.04338 -4.55095 12.842
9.45261 80000101800003104 80000101800003103 80000101800003120 80000101800003102 2.31611074396 9.19403 -1.07892 13.7259
9.05811 80000101800003242 80000101800003241 80000101800003245 80000101800003240 10.3674435724 -1.71218 -3.61336 2.84978
9.09111 80000101800003241 80000101800003240 80000101800003245 80000101800003239 9.99659046619 -3.36041 -2.65753 2.15027
9.13154 80000101800003240 80000101800003239 80000101800003245 80000101800003238 9.84138043947 -3.31828 -0.513513 3.46329
9.13634 80000101800003239 80000101800003238 80000101800003245 80000101800003237 9.38877127194 -1.16467 -4.31266 1.38104
9.20464 80000101800003238 80000101800003237 80000101800003245 80000101800003236 9.00233985416 1.29379 -0.194506 4.7868
9.29124 80000101800003237 80000101800003236 80000101800003245 80000101800003235 8.9079991856 4.20927 4.51998 7.49717
9.43015 80000101800003236 80000101800003235 80000101800003245 80000101800003234 8.44947629437 6.58485 3.73649 6.25506
9.48479 80000101800003235 80000101800003234 80000101800003245 80000101800003233 8.01217294887 5.61813 4.06972 6.07821
9.54372 80000101800003234 80000101800003233 80000101800003245 80000101800003232 7.59510714987 6.0641 1.04195 7.02995
9.60705 80000101800003233 80000101800003232 80000101800003245 80000101800003231 7.23627606617 10.5189 0.388534 8.04668
9.65151 80000101800003232 80000101800003231 80000101800003245 80000101800003230 7.00541704554 15.1025 2.10257 16.3811
9.6804 80000101800003231 80000101800003230 80000101800003245 80000101800003229 6.85511726265 15.2261 -4.43537 9.24535
9.75536 80000101800003230 80000101800003229 80000101800003245 80000101800003228 6.49159774567 23.365 -1.5742 16.3151
9.80415 80000101800003229 80000101800003228 80000101800003245 80000101800003227 6.14490120342 22.7071 0.92544 17.7551
9.84099 80000101800003228 80000101800003227 80000101800003245 80000101800003226 6.01075739884 20.036 -3.93335 14.3057
9.88144 80000101800003227 80000101800003226 80000101800003245 80000101800003225 5.84661374788 19.2921 -2.52571 14.7152
9.91726 80000101800003226 80000101800003225 80000101800003245 80000101800003224 5.52976580795 18.8028 -3.97195 14.787
9.98109 80000101800003225 80000101800003224 80000101800003245 80000101800003223 5.22758097313 15.0479 -2.95966 18.2902
9.98652 80000101800003224 80000101800003223 80000101800003245 80000101800003222 4.99593346816 15.4163 -2.13231 19.3361
9.98719 80000101800003223 80000101800003221 80000101800003245 80000101800003220 4.66451770247 8.45291 -12.1155 17.8994
9.99848 80000101800003221 80000101800003218 80000101800003245 80000101800003217 4.00794511147 18.0962 -11.1107 4.09135
10.0385 80000101800003218 80000101800003216 80000101800003245 80000101800003215 3.70877426464 12.1172 -0.62963 16.7774
10.0595 80000101800003216 80000101800003215 80000101800003245 80000101800003214 3.49086136926 14.8975 -2.85878 16.2531
10.0969 80000101800003215 80000101800003214 80000101800003245 80000101800003213 3.28303305796 15.6392 -3.35241 21.3426
10.1339 80000101800003214 80000101800003213 80000101800003245 80000101800003212 3.08482263583 16.0289 -18.5381 11.8669
10.152 80000101800003213 80000101800003211 80000101800003245 80000101800003210 2.89578500573 18.7848 -10.7023 18.8072
10.2414 80000101800003211 80000101800003210 80000101800003245 80000101800003209 2.73314261732 13.5762 -13.484 50.0447
10.2606 80000101800003210 80000101800003209 80000101800003245 80000101800003208 2.5772902716 7.37773 -3.66172 59.6793
10.2919 80000101800003209 80000101800003208 80000101800003245 80000101800003207 2.44422570455 15.5799 -0.863998 62.1655
10.3083 80000101800003208 80000101800003207 80000101800003245 80000101800003206 2.31611074396 21.1313 8.2504 61.5025
9.08578 80000101800003305 80000101800003304 80000101800003312 80000101800003303 8.01217294887 5.46732 11.7694 -11.4383
9.13154 80000101800003304 80000101800003303 80000101800003312 80000101800003302 7.59510714987 6.20961 12.0707 -6.02217
9.15273 80000101800003303 80000101800003302 80000101800003312 80000101800003301 7.23627606617 7.89845 13.3116 -8.59331
9.18802 80000101800003302 80000101800003301 80000101800003312 80000101800003300 7.00541704554 8.23782 11.4903 -6.55246
9.21472 80000101800003301 80000101800003300 80000101800003312 80000101800003299 6.85511726265 7.02123 14.3578 -5.45024
9.23988 80000101800003300 80000101800003299 80000101800003312 80000101800003298 6.49159774567 8.60721 5.18541 -3.79451
9.31083 80000101800003299 80000101800003298 80000101800003312 80000101800003297 6.14490120342 6.96804 9.66776 -9.19881
9.31874 80000101800003298 80000101800003295 80000101800003312 80000101800003294 5.52976580795 6.53323 5.68232 -2.55092
9.32497 80000101800003295 80000101800003293 80000101800003312 80000101800003292 4.99593346816 2.77656 11.6297 0.492792
9.35338 80000101800003293 80000101800003290 80000101800003312 80000101800003289 4.42803373661 10.4732 3.5796 -3.66792
9.35483 80000101800003290 80000101800003288 80000101800003312 80000101800003287 4.00794511147 5.71418 4.01242 -0.641338
9.38412 80000101800003288 80000101800003286 80000101800003312 80000101800003285 3.70877426464 5.83301 1.32521 0.763109
9.4026 80000101800003286 80000101800003285 80000101800003312 80000101800003284 3.49086136926 6.68563 -0.408485 -0.183846
9.40902 80000101800003285 80000101800003282 80000101800003312 80000101800003281 3.00813107163 3.90849 4.17252 4.32839
9.0066 80000101800003398 80000101800003397 80000101800003407 80000101800003396 6.01075739884 4.90526 2.85065 -5.10961
9.10926 80000101800003397 80000101800003396 80000101800003407 80000101800003395 5.84661374788 6.55328 9.74628 -4.68391
9.20055 80000101800003396 80000101800003394 80000101800003407 80000101800003393 5.22758097313 -1.94732 2.84773 -11.6747
9.21472 80000101800003394 80000101800003392 80000101800003407 80000101800003391 4.93938066349 3.5892 6.73749 -9.01988
9.23988 80000101800003392 80000101800003390 80000101800003407 80000101800003389 4.42803373661 -0.748818 4.46567 -11.9896
9.33566 80000101800003390 80000101800003389 80000101800003407 80000101800003388 4.17683491473 -9.88659 -4.77715 -13.338
9.58723 80000101800003389 80000101800003386 80000101800003407 80000101800003385 3.70877426464 -28.9594 -1.68353 -6.48764
9.68244 80000101800003386 80000101800003384 80000101800003407 80000101800003383 3.08482263583 -24.5274 3.62692 -12.2924
9.70557 80000101800003384 80000101800003383 80000101800003407 80000101800003382 3.00813107163 -19.4552 9.40392 -13.941
9.71068 80000101800003383 80000101800003381 80000101800003407 80000101800003380 2.73314261732 -19.3281 0.493732 -10.847
9.72198 80000101800003381 80000101800003380 80000101800003407 80000101800003379 2.5772902716 -16.1289 3.83133 -17.3878
9.75593 80000101800003380 80000101800003378 80000101800003407 80000101800003377 2.31611074396 -14.829 0.320447 3.04119
9.76724 80000101800003378 80000101800003377 80000101800003407 80000101800003376 2.20792547238 -14.2491 -0.594746 -0.846342
9.81026 80000101800003377 80000101800003376 80000101800003407 80000101800003375 2.1032696526 -3.12638 -9.892 -1.28456
9.83291 80000101800003376 80000101800003375 80000101800003407 80000101800003374 2.00202813925 -0.387422 -9.0248 4.39032
9.85307 80000101800003375 80000101800003374 80000101800003407 80000101800003373 1.90408954353 0.185626 -8.71409 1.03214
9.87843 80000101800003374 80000101800003373 80000101800003407 80000101800003372 1.82268925262 -3.38078 -19.748 14.4191
9.89538 80000101800003373 80000101800003372 80000101800003407 80000101800003371 1.74357057433 -2.14613 -0.748172 4.38226
9.02548 80000101800003424 80000101800003423 80000101800003428 80000101800003422 6.85511726265 4.50594 0.990074 12.9108
9.03763 80000101800003423 80000101800003419 80000101800003428 80000101800003418 5.84661374788 2.85753 -0.742503 2.09443
9.08578 80000101800003419 80000101800003418 80000101800003428 80000101800003417 5.52976580795 2.62577 1.48664 0.0359626
9.15042 80000101800003418 80000101800003417 80000101800003428 80000101800003416 5.22758097313 4.938 2.27444 4.834
9.18589 80000101800003417 80000101800003415 80000101800003428 80000101800003414 4.93938066349 0.344896 -1.04834 7.68372
9.19223 80000101800003415 80000101800003414 80000101800003428 80000101800003413 4.66451770247 4.18005 0.154557 9.99429
9.34609 80000101800003414 80000101800003411 80000101800003428 80000101800003410 4.00794511147 -18.11 1.78698 0.850083
9.49221 80000101800003411 80000101800003410 80000101800003428 80000101800003409 3.93726108473 -26.6244 1.85024 -2.99303
9.12912 80000101800003489 80000101800003488 80000101800003511 80000101800003487 2.89578500573 1.83955 3.80324 9.61791
9.01928 80000101800003643 80000101800003642 80000101800003649 80000101800003641 7.23627606617 1.3004 -3.2192 -2.45038
9.02239 80000101800003642 80000101800003641 80000101800003649 80000101800003640 7.00541704554 0.707367 -4.86752 -1.75136
9.06378 80000101800003641 80000101800003640 80000101800003649 80000101800003639 6.85511726265 0.361076 -4.93192 -0.986464
9.09898 80000101800003640 80000101800003639 80000101800003649 80000101800003638 6.49159774567 0.894248 -1.14436 1.37084
9.1573 80000101800003639 80000101800003638 80000101800003649 80000101800003637 6.14490120342 0.0616163 -3.4205 -0.359993
9.1663 80000101800003638 80000101800003636 80000101800003649 80000101800003635 5.84661374788 0.644903 -2.10506 2.50457
9.22066 80000101800003636 80000101800003635 80000101800003649 80000101800003634 5.52976580795 5.13986 -1.269 -3.81935
9.24548 80000101800003635 80000101800003631 80000101800003649 80000101800003630 4.66451770247 -0.813394 -0.865209 0.128927
9.27766 80000101800003631 80000101800003629 80000101800003649 80000101800003628 4.17683491473 -1.34553 -4.17547 0.612467
9.31401 80000101800003629 80000101800003628 80000101800003649 80000101800003627 4.00794511147 -2.66939 -9.38876 0.0400209
9.32958 80000101800003628 80000101800003627 80000101800003649 80000101800003626 3.93726108473 0.316522 -7.75093 4.24135
9.34313 80000101800003627 80000101800003624 80000101800003649 80000101800003623 3.28303305796 -0.959847 -5.59205 -0.185387
9.38681 80000101800003624 80000101800003623 80000101800003649 80000101800003622 3.08482263583 0.352669 -4.68181 -2.35557
9.40646 80000101800003623 80000101800003622 80000101800003649 80000101800003621 3.00813107163 0.220175 -3.91918 -2.92719
9.42404 80000101800003622 80000101800003620 80000101800003649 80000101800003619 2.73314261732 -14.0543 -2.9956 0.456092
9.42649 80000101800003620 80000101800003619 80000101800003649 80000101800003618 2.5772902716 -15.9522 -2.99293 5.7175
9.45719 80000101800003619 80000101800003618 80000101800003649 80000101800003617 2.44422570455 -22.3153 -4.92838 6.17632
9.20055 80000101800003701 80000101800003700 80000101800003701 80000101800003699 0.923000816178 -1.31963 -3.27093 0.832933
9.20668 80000101800003700 80000101800003699 80000101800003701 80000101800003698 0.886896937575 -3.10095 1.31435 -4.90785
9.06378 80000101800003766 80000101800003765 80000101800003775 80000101800003764 4.66451770247 0.0420908 0.586995 -2.48058
9.2087 80000101800003765 80000101800003764 80000101800003775 80000101800003763 4.42803373661 -17.691 8.07232 0.653499
9.22262 80000101800003764 80000101800003763 80000101800003775 80000101800003762 4.17683491473 -13.5344 5.82637 2.47717
9.2862 80000101800003763 80000101800003762 80000101800003775 80000101800003761 4.00794511147 -12.9899 4.85377 -11.7632
9.3044 80000101800003762 80000101800003761 80000101800003775 80000101800003760 3.93726108473 -14.8067 3.03924 -14.1717
9.32651 80000101800003761 80000101800003760 80000101800003775 80000101800003759 3.70877426464 -12.8789 9.98877 -1.12515
9.37042 80000101800003760 80000101800003759 80000101800003775 80000101800003758 3.49086136926 -12.1449 9.92953 -9.03341
9.39609 80000101800003759 80000101800003758 80000101800003775 80000101800003757 3.28303305796 -10.6413 9.64242 -7.91788
9.40774 80000101800003758 80000101800003757 80000101800003775 80000101800003756 3.08482263583 -6.32947 8.40486 -3.94389
9.41282 80000101800003757 80000101800003756 80000101800003775 80000101800003755 3.00813107163 -5.91299 9.78687 -7.10236
9.46172 80000101800003756 80000101800003755 80000101800003775 80000101800003754 2.89578500573 -2.9707 9.33058 -5.67544
9.4651 80000101800003755 80000101800003753 80000101800003775 80000101800003752 2.5772902716 -1.88961 6.43324 -7.16021
9.51873 80000101800003753 80000101800003752 80000101800003775 80000101800003751 2.44422570455 0.617833 4.80194 -7.5778
9.54372 80000101800003752 80000101800003751 80000101800003775 80000101800003750 2.31611074396 3.23096 6.23348 -4.70657
9.54465 80000101800003751 80000101800003749 80000101800003775 80000101800003748 2.1032696526 4.4665 7.40313 -4.67719
9.37595 80000101800003910 80000101800003909 80000101800003926 80000101800003908 5.22758097313 17.5274 -2.14353 6.90985
9.45261 80000101800003909 80000101800003908 80000101800003926 80000101800003907 4.99593346816 12.9689 -1.55087 5.75419
9.48265 80000101800003908 80000101800003906 80000101800003926 80000101800003905 4.66451770247 14.5728 0.78027 1.33336
9.51575 80000101800003906 80000101800003905 80000101800003926 80000101800003904 4.42803373661 13.126 -1.05397 4.19157
9.54091 80000101800003905 80000101800003904 80000101800003926 80000101800003903 4.17683491473 11.3321 -3.36678 8.27956
9.59725 80000101800003904 80000101800003903 80000101800003926 80000101800003902 4.00794511147 15.0105 4.16129 10.7204
9.5989 80000101800003903 80000101800003902 80000101800003926 80000101800003901 3.93726108473 14.2592 3.71176 10.7901
9.62056 80000101800003902 80000101800003901 80000101800003926 80000101800003900 3.70877426464 10.0772 5.41272 12.1964
9.67353 80000101800003901 80000101800003900 80000101800003926 80000101800003899 3.49086136926 -1.85414 8.2054 19.0529
9.70877 80000101800003900 80000101800003899 80000101800003926 80000101800003898 3.28303305796 0.619457 10.9951 26.0842
9.80568 80000101800003899 80000101800003898 80000101800003926 80000101800003897 3.08482263583 -1.86005 5.92252 39.9124
9.81827 80000101800003898 80000101800003896 80000101800003926 80000101800003895 2.89578500573 -1.60198 -2.03282 29.4531
9.91329 80000101800003896 80000101800003895 80000101800003926 80000101800003894 2.73314261732 -25.3783 -27.9094 33.2215
9.98887 80000101800003895 80000101800003894 80000101800003926 80000101800003893 2.5772902716 -28.5448 -35.4072 29.6842
10.0001 80000101800003894 80000101800003893 80000101800003926 80000101800003892 2.44422570455 -35.1914 -31.8381 21.9234
10.0227 80000101800003893 80000101800003892 80000101800003926 80000101800003891 2.31611074396 -40.3457 -26.4829 7.48019
10.0319 80000101800003892 80000101800003891 80000101800003926 80000101800003890 2.20792547238 -42.1037 -24.3623 6.84976
10.0436 80000101800003891 80000101800003890 80000101800003926 80000101800003889 2.1032696526 -39.8607 -34.776 8.97579
10.0486 80000101800003890 80000101800003881 80000101800003926 80000101800003880 1.41409822037 3.38318 -26.7495 64.6706
9.10671 80000101800003938 80000101800003937 80000101800003942 80000101800003936 5.52976580795 6.83834 6.90009 5.44098
9.2342 80000101800003984 80000101800003983 80000101800003999 80000101800003982 4.17683491473 -36.8208 19.0549 -12.4477
9.25284 80000101800003983 80000101800003982 80000101800003999 80000101800003981 4.00794511147 -39.4529 19.4021 -11.2543
9.04653 80000101800004131 80000101800004130 80000101800004154 80000101800004129 2.73314261732 11.0722 27.2016 9.7632
9.00337 80000101800004371 80000101800004370 80000101800004395 80000101800004369 1.60423452207 -3.75737 -1.3666 -20.0815
9.01928 80000101800004493 80000101800004492 80000101800004508 80000101800004491 3.49086136926 -3.62223 5.439 -4.71909
9.04062 80000101800004492 80000101800004487 80000101800004508 80000101800004486 2.73314261732 -2.06459 4.87936 -3.85563
