logMh | fpID | subhaloID | main leaf ID | descID |  z
9.01928 40000000101401185 40000000101401184 40000000101401186 40000000101401183 12.6747021048 -2.62383 -1.75721 -2.16826
9.23229 40000000101401184 40000000101401183 40000000101401186 40000000101401182 12.0418635439 -3.60351 2.37574 -0.930269
9.30602 40000000101401183 40000000101401182 40000000101401186 40000000101401181 11.4973879548 -4.82306 0.503995 -1.34731
9.41156 40000000101401182 40000000101401181 40000000101401186 40000000101401180 10.9190331982 -3.69212 3.68738 -0.470479
9.50158 40000000101401181 40000000101401180 40000000101401186 40000000101401179 10.3674435724 -3.53076 2.30958 1.89141
9.52169 40000000101401180 40000000101401179 40000000101401186 40000000101401178 9.99659046619 -2.60452 2.43807 1.39699
9.56911 40000000101401179 40000000101401178 40000000101401186 40000000101401177 9.84138043947 -3.78212 3.30595 -0.238971
9.68717 40000000101401178 40000000101401177 40000000101401186 40000000101401176 9.38877127194 6.52644 -6.1713 4.66071
9.80054 40000000101401177 40000000101401176 40000000101401186 40000000101401175 9.00233985416 12.7967 13.8584 4.10652
9.91049 40000000101401176 40000000101401174 40000000101401186 40000000101401173 8.44947629437 3.50099 22.4675 7.78575
10.0242 40000000101401174 40000000101401173 40000000101401186 40000000101401172 8.01217294887 -31.3775 25.7623 16.211
10.0828 40000000101401173 40000000101401172 40000000101401186 40000000101401171 7.59510714987 -27.5194 18.5597 13.743
10.143 40000000101401172 40000000101401171 40000000101401186 40000000101401170 7.23627606617 -14.3062 13.3186 12.2672
10.274 40000000101401171 40000000101401170 40000000101401186 40000000101401169 7.00541704554 -0.481017 -2.53535 16.1164
10.408 40000000101401170 40000000101401169 40000000101401186 40000000101401168 6.85511726265 1.32416 3.98811 17.9155
10.6901 40000000101401169 40000000101401167 40000000101401186 40000000101401166 6.14490120342 41.8829 23.8928 10.4847
10.7072 40000000101401167 40000000101401166 40000000101401186 40000000101401165 6.01075739884 55.9954 34.371 21.0146
10.7497 40000000101401166 40000000101401165 40000000101401186 40000000101401164 5.84661374788 64.9236 32.7959 20.963
10.8163 40000000101401165 40000000101401164 40000000101401186 40000000101401163 5.52976580795 49.8361 47.3164 11.6465
10.986 40000000101401164 40000000101401163 40000000101401186 40000000101401162 5.22758097313 82.3596 46.7088 28.0517
11.0837 40000000101401163 40000000101401162 40000000101401186 40000000101401161 4.99593346816 123.426 73.8306 76.0599
11.1715 40000000101401162 40000000101401161 40000000101401186 40000000101401160 4.93938066349 125.716 78.9792 166.924
11.2988 40000000101401161 40000000101401160 40000000101401186 40000000101401159 4.66451770247 131.054 54.2596 155.826
11.3829 40000000101401160 40000000101401159 40000000101401186 40000000101401158 4.42803373661 102.912 40.761 166.942
11.4368 40000000101401159 40000000101401158 40000000101401186 40000000101401157 4.17683491473 97.1373 -29.5891 130.637
11.5023 40000000101401158 40000000101401157 40000000101401186 40000000101401156 4.00794511147 -97.7042 56.9665 182.904
11.5215 40000000101401157 40000000101401156 40000000101401186 40000000101401155 3.93726108473 -55.1981 51.3355 162.666
11.5896 40000000101401156 40000000101401155 40000000101401186 40000000101401154 3.70877426464 -239.508 103.082 176.413
11.6148 40000000101401155 40000000101401154 40000000101401186 40000000101401153 3.49086136926 -194.296 123.544 147.706
11.6501 40000000101401154 40000000101401153 40000000101401186 40000000101401152 3.28303305796 -282.777 142.643 107.368
11.7016 40000000101401153 40000000101401152 40000000101401186 40000000101401151 3.08482263583 -328.523 216.485 62.9406
11.7244 40000000101401152 40000000101401151 40000000101401186 40000000101401150 3.00813107163 -344.464 229.892 66.5878
11.7606 40000000101401151 40000000101401150 40000000101401186 40000000101401149 2.89578500573 -382.803 319.121 66.9248
11.7797 40000000101401150 40000000101401149 40000000101401186 40000000101401148 2.73314261732 -335.092 347.239 69.6541
11.8064 40000000101401149 40000000101401148 40000000101401186 40000000101401147 2.5772902716 -348.216 398.421 62.7228
11.8434 40000000101401148 40000000101401147 40000000101401186 40000000101401146 2.44422570455 -375.018 547.415 37.0214
11.8706 40000000101401147 40000000101401146 40000000101401186 40000000101401145 2.31611074396 -353.723 642.732 31.6476
11.8849 40000000101401146 40000000101401145 40000000101401186 40000000101401144 2.20792547238 -363.817 659.925 49.3977
11.9086 40000000101401145 40000000101401144 40000000101401186 40000000101401143 2.1032696526 -404.013 687.392 46.5561
11.9287 40000000101401144 40000000101401143 40000000101401186 40000000101401142 2.00202813925 -420.994 620.601 27.1856
11.943 40000000101401143 40000000101401142 40000000101401186 40000000101401141 1.90408954353 -553.086 667.972 150.451
11.9521 40000000101401142 40000000101401141 40000000101401186 40000000101401140 1.82268925262 -675.469 678.762 191.103
11.9521 40000000101401141 40000000101401140 40000000101401186 40000000101401139 1.74357057433 -625.829 699.66 161.384
11.9571 40000000101401140 40000000101401139 40000000101401186 40000000101401138 1.66666955611 -665.304 745.474 132.737
11.9647 40000000101401139 40000000101401138 40000000101401186 40000000101401137 1.60423452207 -665.547 739.928 128.283
11.9683 40000000101401138 40000000101401135 40000000101401186 40000000101401134 1.41409822037 -706.772 665.526 194.541
11.9761 40000000101401135 40000000101401134 40000000101401186 40000000101401133 1.3575766674 -718.647 626.003 267.126
12.0082 40000000101401134 40000000101401131 40000000101401186 40000000101401130 1.20625808078 -735.646 596.374 337.715
12.0395 40000000101401131 40000000101401130 40000000101401186 40000000101401129 1.15460271236 -759.693 368.736 443.567
12.0573 40000000101401130 40000000101401128 40000000101401186 40000000101401127 1.07445789455 -817.135 336.656 434.942
12.0747 40000000101401128 40000000101401126 40000000101401186 40000000101401125 0.997294225782 -769.547 52.3661 484.744
12.0797 40000000101401126 40000000101401125 40000000101401186 40000000101401124 0.987852810816 -757.026 25.4365 496.693
12.0957 40000000101401125 40000000101401124 40000000101401186 40000000101401123 0.950531351585 -755.328 -77.5874 525.55
12.105 40000000101401124 40000000101401123 40000000101401186 40000000101401122 0.923000816178 -755.2 -152.817 548.705
12.1131 40000000101401123 40000000101401122 40000000101401186 40000000101401121 0.886896937575 -751.59 -233.467 536.255
12.1186 40000000101401122 40000000101401120 40000000101401186 40000000101401119 0.816709979012 -672.211 -249.997 426.934
12.1291 40000000101401120 40000000101401119 40000000101401186 40000000101401118 0.791068248946 -694.214 -293.473 431.425
12.1433 40000000101401119 40000000101401118 40000000101401186 40000000101401117 0.757441372616 -640.631 -248.212 394.331
9.24918 40000000101401244 40000000101401243 40000000101401248 40000000101401242 10.9190331982 5.89419 3.14777 -1.5311
9.2742 40000000101401243 40000000101401242 40000000101401248 40000000101401241 10.3674435724 6.36385 2.57256 -3.74662
9.36199 40000000101401242 40000000101401241 40000000101401248 40000000101401240 9.99659046619 5.95199 8.48894 -4.08337
9.43617 40000000101401241 40000000101401240 40000000101401248 40000000101401239 9.84138043947 1.7841 -1.53032 -4.04434
9.56646 40000000101401240 40000000101401239 40000000101401248 40000000101401238 9.38877127194 -11.2117 -2.19287 2.19512
9.68582 40000000101401239 40000000101401238 40000000101401248 40000000101401237 9.00233985416 -24.3214 -3.94565 8.11688
9.69647 40000000101401238 40000000101401237 40000000101401248 40000000101401236 8.9079991856 -23.5217 -4.3634 6.20638
9.78528 40000000101401237 40000000101401236 40000000101401248 40000000101401235 8.44947629437 -25.3542 -9.55522 7.54368
9.86438 40000000101401236 40000000101401235 40000000101401248 40000000101401234 8.01217294887 -29.772 -11.7593 3.35926
9.94222 40000000101401235 40000000101401234 40000000101401248 40000000101401233 7.59510714987 -17.8862 2.8426 -3.51674
10.5917 40000000101401234 40000000101401230 40000000101401248 40000000101401167 6.49159774567 43.9027 17.2821 12.4428
9.12178 40000000101401265 40000000101401264 40000000101401270 40000000101401263 10.3674435724 -0.517871 1.99913 1.59289
9.20668 40000000101401264 40000000101401263 40000000101401270 40000000101401262 9.99659046619 -2.24842 0.75033 1.24495
9.06939 40000000101401283 40000000101401282 40000000101401290 40000000101401281 7.23627606617 -0.674331 7.35564 -3.90522
9.0098 40000000101401294 40000000101401293 40000000101401299 40000000101401230 7.00541704554 4.51719 0.683543 2.76297
9.10926 40000000101401334 40000000101401333 40000000101401341 40000000101401332 9.38877127194 4.30083 7.87558 -8.71592
9.10926 40000000101401333 40000000101401332 40000000101401341 40000000101401331 9.00233985416 4.22158 6.24613 -6.70826
9.19848 40000000101401332 40000000101401331 40000000101401341 40000000101401330 8.9079991856 0.938636 7.89691 -5.73325
9.40646 40000000101401331 40000000101401330 40000000101401341 40000000101401329 8.44947629437 -0.773366 6.19352 -5.4889
9.48157 40000000101401330 40000000101401329 40000000101401341 40000000101401328 8.01217294887 1.04117 2.99208 -3.4265
9.55021 40000000101401329 40000000101401328 40000000101401341 40000000101401327 7.59510714987 -0.0475307 3.16292 -3.07121
9.62445 40000000101401328 40000000101401327 40000000101401341 40000000101401326 7.23627606617 6.34341 3.72615 -1.2133
9.13394 40000000101401479 40000000101401478 40000000101401486 40000000101401477 9.00233985416 1.83073 5.18753 10.8271
9.14108 40000000101401478 40000000101401476 40000000101401486 40000000101401475 8.44947629437 0.90432 1.16345 2.83438
9.25284 40000000101401476 40000000101401475 40000000101401486 40000000101401474 8.01217294887 2.41164 6.50273 7.20861
9.2845 40000000101401475 40000000101401474 40000000101401486 40000000101401473 7.59510714987 3.34561 3.53713 6.35903
9.33111 40000000101401474 40000000101401473 40000000101401486 40000000101401472 7.23627606617 0.329801 2.53584 4.25226
9.02548 40000000101401496 40000000101401495 40000000101401498 40000000101401494 7.00541704554 -3.11736 -5.8838 3.40728
9.0316 40000000101401495 40000000101401494 40000000101401498 40000000101401493 6.85511726265 -2.46331 -5.61772 2.97403
9.05811 40000000101401494 40000000101401493 40000000101401498 40000000101401492 6.49159774567 -4.43712 -5.91428 6.10456
9.10926 40000000101401493 40000000101401492 40000000101401498 40000000101401491 6.14490120342 -4.29218 -12.3128 -0.483235
9.13871 40000000101401492 40000000101401490 40000000101401498 40000000101401489 5.84661374788 -4.97601 -18.6095 4.19319
9.03763 40000000101401582 40000000101401581 40000000101401588 40000000101401580 9.38877127194 -0.564497 10.2646 -2.34888
9.07492 40000000101401581 40000000101401580 40000000101401588 40000000101401579 9.00233985416 0.508052 8.21944 -2.12207
9.08578 40000000101401580 40000000101401579 40000000101401588 40000000101401578 8.9079991856 -1.00617 8.46216 -2.09691
9.18162 40000000101401579 40000000101401578 40000000101401588 40000000101401577 8.44947629437 0.549395 1.68302 1.53301
9.24175 40000000101401578 40000000101401577 40000000101401588 40000000101401576 8.01217294887 -2.40708 7.24117 -1.65919
9.26365 40000000101401577 40000000101401576 40000000101401588 40000000101401575 7.59510714987 -0.804942 9.46612 -4.51543
9.02855 40000000101401600 40000000101401599 40000000101401605 40000000101401598 7.00541704554 -9.42163 9.52538 -14.5392
9.0316 40000000101401599 40000000101401598 40000000101401605 40000000101401597 6.85511726265 -8.95905 8.34611 -14.032
9.12668 40000000101401598 40000000101401597 40000000101401605 40000000101401596 6.49159774567 -11.3155 10.0918 -21.0897
9.13634 40000000101401597 40000000101401596 40000000101401605 40000000101401595 6.14490120342 -9.11741 8.05142 -19.4793
9.00337 40000000101401617 40000000101401616 40000000101401625 40000000101401615 7.23627606617 3.97154 -0.342561 -5.66581
9.09898 40000000101401616 40000000101401611 40000000101401625 40000000101401610 6.01075739884 0.765894 -6.11889 2.79518
9.13154 40000000101401611 40000000101401610 40000000101401625 40000000101401609 5.84661374788 6.27103 -5.32002 3.4469
9.11431 40000000101401706 40000000101401705 40000000101401716 40000000101401704 7.00541704554 1.20401 5.05707 8.19093
9.11431 40000000101401705 40000000101401704 40000000101401716 40000000101401703 6.85511726265 3.44546 6.17614 8.90457
9.25101 40000000101401704 40000000101401703 40000000101401716 40000000101401702 6.49159774567 -4.34747 -0.939341 -8.19888
9.30602 40000000101401703 40000000101401702 40000000101401716 40000000101401701 6.14490120342 -2.35783 3.07843 -4.18731
9.3634 40000000101401702 40000000101401701 40000000101401716 40000000101401700 6.01075739884 -5.50008 4.6383 -3.98494
9.00012 40000000101401743 40000000101401742 40000000101401749 40000000101401741 8.44947629437 -0.711943 4.90146 5.45658
9.01298 40000000101401742 40000000101401741 40000000101401749 40000000101401740 8.01217294887 1.533 5.68933 0.175749
9.12424 40000000101401741 40000000101401740 40000000101401749 40000000101401739 7.59510714987 5.87954 11.259 4.37721
9.15042 40000000101401740 40000000101401739 40000000101401749 40000000101401738 7.23627606617 3.31659 18.0171 9.46074
9.00012 40000000101401762 40000000101401761 40000000101401770 40000000101401760 7.00541704554 -1.11515 -2.01535 -2.17567
9.04653 40000000101401761 40000000101401760 40000000101401770 40000000101401759 6.85511726265 -2.74482 -0.985681 -2.44957
9.00337 40000000101401781 40000000101401780 40000000101401785 40000000101401779 6.85511726265 0.874456 -7.26231 4.9727
9.01928 40000000101401848 40000000101401847 40000000101401850 40000000101401846 9.84138043947 -7.94751 4.58789 -0.659278
9.09898 40000000101401847 40000000101401846 40000000101401850 40000000101401845 9.38877127194 -7.10794 2.44616 -2.58405
9.10671 40000000101401846 40000000101401845 40000000101401850 40000000101401844 9.00233985416 -6.52141 2.25149 -2.56156
9.10671 40000000101401845 40000000101401844 40000000101401850 40000000101401843 8.9079991856 -5.56639 1.37352 -1.73336
9.23799 40000000101401844 40000000101401843 40000000101401850 40000000101401842 8.44947629437 -5.17775 1.28425 -2.62337
9.2811 40000000101401843 40000000101401842 40000000101401850 40000000101401841 8.01217294887 -3.48967 0.552817 -1.08095
9.37869 40000000101401842 40000000101401841 40000000101401850 40000000101401840 7.59510714987 -1.96116 0.207605 0.921067
9.48479 40000000101401841 40000000101401840 40000000101401850 40000000101401839 7.23627606617 6.19587 -3.63814 1.01264
9.48586 40000000101401840 40000000101401839 40000000101401850 40000000101401838 7.00541704554 -0.59412 -5.94698 2.73225
9.48905 40000000101401839 40000000101401838 40000000101401850 40000000101401837 6.85511726265 2.78377 -6.02156 -3.23484
9.54836 40000000101401838 40000000101401837 40000000101401850 40000000101401836 6.49159774567 -2.24886 2.51467 -1.32499
9.05811 40000000101401951 40000000101401950 40000000101401959 40000000101401949 6.14490120342 -9.68324 6.04682 4.29892
9.15042 40000000101401950 40000000101401949 40000000101401959 40000000101401948 6.01075739884 13.9945 0.165668 -2.60808
9.15502 40000000101401949 40000000101401948 40000000101401959 40000000101401947 5.84661374788 -3.40584 3.11763 5.49464
9.01298 40000000101401970 40000000101401969 40000000101401979 40000000101401968 6.14490120342 1.37725 -6.02449 0.0911385
9.03763 40000000101401969 40000000101401968 40000000101401979 40000000101401967 6.01075739884 2.13871 -7.04392 -1.82468
9.08038 40000000101401968 40000000101401966 40000000101401979 40000000101401965 5.52976580795 2.48337 -5.59291 -0.669503
9.04945 40000000101402026 40000000101402025 40000000101402031 40000000101402024 8.01217294887 -2.76408 -4.48891 -4.13269
9.15042 40000000101402025 40000000101402023 40000000101402031 40000000101402022 7.23627606617 -0.64463 -3.53508 0.942937
9.16852 40000000101402023 40000000101402022 40000000101402031 40000000101402021 7.00541704554 -0.535988 -2.2295 2.04789
9.33111 40000000101402022 40000000101402021 40000000101402031 40000000101402020 6.85511726265 7.2796 -12.6879 -10.6136
9.49848 40000000101402021 40000000101402020 40000000101402031 40000000101402019 6.49159774567 9.62742 -16.9057 -0.0589209
9.57783 40000000101402020 40000000101402019 40000000101402031 40000000101402018 6.14490120342 19.3144 -17.3273 7.58356
9.35914 40000000101402071 40000000101402070 40000000101402078 40000000101402069 7.23627606617 1.75786 2.30236 -3.43959
9.43136 40000000101402070 40000000101402069 40000000101402078 40000000101402068 7.00541704554 -0.861139 -2.54536 -2.181
9.57175 40000000101402069 40000000101402066 40000000101402078 40000000101402065 6.14490120342 6.74747 -13.7667 10.0429
9.6623 40000000101402066 40000000101402064 40000000101402078 40000000101402063 5.84661374788 5.70848 9.60622 -7.6216
9.67422 40000000101402064 40000000101402063 40000000101402078 40000000101402062 5.52976580795 2.82068 2.88937 -2.87414
9.67491 40000000101402063 40000000101402060 40000000101402078 40000000101402059 4.93938066349 -9.49792 -1.81085 -2.3672
9.04945 40000000101402104 40000000101402103 40000000101402119 40000000101402102 5.22758097313 5.60723 11.8873 -3.64427
9.06939 40000000101402103 40000000101402101 40000000101402119 40000000101402100 4.93938066349 2.78928 11.4264 -1.07715
9.09111 40000000101402101 40000000101402099 40000000101402119 40000000101402098 4.42803373661 4.65387 10.6579 -1.60945
9.07216 40000000101402156 40000000101402155 40000000101402160 40000000101402154 13.3382482898 0.885523 3.74114 3.07053
9.1193 40000000101402155 40000000101402154 40000000101402160 40000000101402153 12.6747021048 0.477042 2.06868 2.09356
9.20055 40000000101402154 40000000101402153 40000000101402160 40000000101402152 12.0418635439 0.344596 3.75358 3.84698
9.26365 40000000101402153 40000000101402152 40000000101402160 40000000101402151 11.4973879548 -0.58472 1.25569 2.10768
9.36622 40000000101402152 40000000101402151 40000000101402160 40000000101402150 10.9190331982 -1.04421 -0.0921493 3.46025
9.46397 40000000101402151 40000000101402150 40000000101402160 40000000101402149 10.3674435724 0.786435 0.23844 0.0365493
9.54185 40000000101402150 40000000101402149 40000000101402160 40000000101402148 9.99659046619 -2.78252 -0.930482 -3.94372
9.56468 40000000101402149 40000000101402148 40000000101402160 40000000101402147 9.84138043947 -2.32829 -3.04401 -4.41866
9.75421 40000000101402148 40000000101402147 40000000101402160 40000000101402146 9.38877127194 5.08299 -14.9962 8.38095
9.90075 40000000101402147 40000000101402146 40000000101402160 40000000101402145 9.00233985416 5.79765 -14.7855 17.851
9.95508 40000000101402146 40000000101402145 40000000101402160 40000000101402144 8.9079991856 4.78592 -13.2065 13.0966
10.0027 40000000101402145 40000000101402144 40000000101402160 40000000101402143 8.44947629437 5.37694 -17.1972 20.2898
10.076 40000000101402144 40000000101402143 40000000101402160 40000000101402142 8.01217294887 5.89819 -15.9906 25.919
10.1645 40000000101402143 40000000101402142 40000000101402160 40000000101402141 7.59510714987 5.3617 -16.267 20.2791
10.224 40000000101402142 40000000101402141 40000000101402160 40000000101402140 7.23627606617 5.0451 -23.8317 21.1654
10.2599 40000000101402141 40000000101402140 40000000101402160 40000000101402139 7.00541704554 4.29634 -30.7163 15.6773
10.2693 40000000101402140 40000000101402139 40000000101402160 40000000101402138 6.85511726265 4.55714 -24.6546 20.598
10.3731 40000000101402139 40000000101402138 40000000101402160 40000000101402137 6.49159774567 39.6435 -10.1233 -2.09536
10.4229 40000000101402138 40000000101402137 40000000101402160 40000000101402136 6.14490120342 52.1861 -26.3273 -8.54084
10.4476 40000000101402137 40000000101402135 40000000101402160 40000000101402134 5.84661374788 29.0868 -35.1977 1.74641
10.5413 40000000101402135 40000000101402134 40000000101402160 40000000101402133 5.52976580795 27.1423 -24.6553 6.06041
9.03763 40000000101402174 40000000101402173 40000000101402178 40000000101402172 12.0418635439 2.26422 -0.660342 -2.71567
9.07766 40000000101402173 40000000101402172 40000000101402178 40000000101402171 11.4973879548 2.8679 -0.647222 -1.26581
9.10926 40000000101402172 40000000101402171 40000000101402178 40000000101402170 10.9190331982 2.83505 -1.31313 -2.93768
9.21272 40000000101402171 40000000101402170 40000000101402178 40000000101402169 10.3674435724 2.10911 1.49981 -2.43356
9.22066 40000000101402170 40000000101402169 40000000101402178 40000000101402168 9.99659046619 -0.703489 1.33822 -5.5076
9.0066 40000000101402210 40000000101402209 40000000101402215 40000000101402208 10.9190331982 0.181673 -2.90137 -2.59769
9.06939 40000000101402209 40000000101402208 40000000101402215 40000000101402207 10.3674435724 2.39561 -2.89034 -3.92024
9.19641 40000000101402208 40000000101402207 40000000101402215 40000000101402206 9.99659046619 3.90416 -5.1354 -7.30069
9.02855 40000000101402225 40000000101402224 40000000101402229 40000000101402223 7.59510714987 -11.3692 4.26492 3.6402
9.12424 40000000101402257 40000000101402256 40000000101402261 40000000101402255 9.38877127194 -1.47855 1.90089 -6.12144
9.22262 40000000101402256 40000000101402255 40000000101402261 40000000101402254 9.00233985416 -6.96439 4.38429 -6.32927
9.22651 40000000101402255 40000000101402254 40000000101402261 40000000101402253 8.9079991856 -6.55001 4.28151 -5.91416
9.29951 40000000101402254 40000000101402253 40000000101402261 40000000101402252 8.44947629437 -3.7886 2.30152 -7.33373
9.41909 40000000101402253 40000000101402252 40000000101402261 40000000101402251 8.01217294887 -4.3049 -4.92888 -7.86048
9.49116 40000000101402252 40000000101402251 40000000101402261 40000000101402250 7.59510714987 -6.22094 -0.925504 -8.79405
9.51475 40000000101402251 40000000101402250 40000000101402261 40000000101402249 7.23627606617 -6.25588 -5.09265 -10.0671
9.56735 40000000101402250 40000000101402249 40000000101402261 40000000101402248 7.00541704554 -11.1812 -9.098 -11.4239
9.57697 40000000101402249 40000000101402248 40000000101402261 40000000101402247 6.85511726265 -10.1171 -7.05817 -11.3825
10.0587 40000000101402248 40000000101402246 40000000101402261 40000000101402245 6.14490120342 21.4246 -9.16996 -35.2386
10.0804 40000000101402246 40000000101402245 40000000101402261 40000000101402244 6.01075739884 15.7417 -7.94999 -48.397
10.1108 40000000101402245 40000000101402244 40000000101402261 40000000101402243 5.84661374788 12.952 -15.4202 -48.5897
10.2355 40000000101402244 40000000101402243 40000000101402261 40000000101402242 5.52976580795 17.1013 -42.934 -45.5835
9.08845 40000000101402267 40000000101402266 40000000101402274 40000000101402265 7.59510714987 3.10015 4.88814 -7.34303
9.09898 40000000101402266 40000000101402264 40000000101402274 40000000101402263 7.00541704554 -0.445541 4.54399 -6.03274
9.87452 40000000101402264 40000000101402262 40000000101402274 40000000101402246 6.49159774567 16.9891 -6.1036 -16.338
9.00012 40000000101402286 40000000101402285 40000000101402290 40000000101402284 8.44947629437 -1.69993 -3.27982 2.92874
9.06939 40000000101402285 40000000101402284 40000000101402290 40000000101402283 8.01217294887 -0.0704466 -1.71108 2.28153
9.10926 40000000101402284 40000000101402283 40000000101402290 40000000101402282 7.59510714987 -0.917435 -1.61935 2.25155
9.17729 40000000101402283 40000000101402282 40000000101402290 40000000101402281 7.23627606617 -1.39667 -1.0458 2.34148
9.2087 40000000101402282 40000000101402281 40000000101402290 40000000101402280 7.00541704554 -1.14732 -2.57974 1.8449
9.34756 40000000101402281 40000000101402280 40000000101402290 40000000101402279 6.85511726265 -1.78027 -2.94117 6.38766
9.03763 40000000101402297 40000000101402296 40000000101402304 40000000101402295 7.59510714987 -8.49769 4.48184 -4.6079
9.06939 40000000101402296 40000000101402294 40000000101402304 40000000101402293 7.00541704554 -4.6768 5.70347 0.0627786
9.08309 40000000101402294 40000000101402293 40000000101402304 40000000101402292 6.85511726265 -2.92878 1.74082 1.28594
9.07766 40000000101402419 40000000101402418 40000000101402423 40000000101402417 10.3674435724 -7.68431 2.44121 1.40148
9.1193 40000000101402418 40000000101402417 40000000101402423 40000000101402416 9.99659046619 -5.97084 0.787888 -0.654836
9.13154 40000000101402417 40000000101402416 40000000101402423 40000000101402415 9.84138043947 -5.90843 1.43187 -0.783447
9.21272 40000000101402416 40000000101402415 40000000101402423 40000000101402414 9.38877127194 -9.69187 3.56947 0.723233
9.26543 40000000101402415 40000000101402414 40000000101402423 40000000101402413 9.00233985416 -8.22057 -0.910231 0.0414413
9.35194 40000000101402414 40000000101402412 40000000101402423 40000000101402411 8.44947629437 -14.4403 2.53259 -1.25098
9.41784 40000000101402412 40000000101402411 40000000101402423 40000000101402410 8.01217294887 -14.7881 4.30548 -3.38452
9.50363 40000000101402411 40000000101402410 40000000101402423 40000000101402409 7.59510714987 -18.7927 6.66821 -3.95294
9.58553 40000000101402410 40000000101402409 40000000101402423 40000000101402408 7.23627606617 -18.5271 4.48248 0.32897
9.65586 40000000101402409 40000000101402408 40000000101402423 40000000101402407 7.00541704554 -17.3626 0.500818 8.10934
9.70363 40000000101402408 40000000101402407 40000000101402423 40000000101402406 6.85511726265 -20.7611 1.37946 6.29551
9.82565 40000000101402407 40000000101402406 40000000101402423 40000000101402405 6.49159774567 -20.6791 -5.08665 4.83697
9.90034 40000000101402406 40000000101402405 40000000101402423 40000000101402404 6.14490120342 -32.0952 20.3294 5.23157
9.97904 40000000101402405 40000000101402404 40000000101402423 40000000101402403 6.01075739884 -38.9378 20.2393 13.7293
10.1125 40000000101402404 40000000101402403 40000000101402423 40000000101402402 5.84661374788 -23.6762 37.8157 13.1981
10.1985 40000000101402403 40000000101402402 40000000101402423 40000000101402401 5.52976580795 -35.7741 47.292 12.2427
10.2083 40000000101402402 40000000101402401 40000000101402423 40000000101402400 5.22758097313 -31.2238 48.6153 4.98794
9.04062 40000000101402451 40000000101402450 40000000101402460 40000000101402449 7.23627606617 -3.11669 3.11009 3.21211
9.10157 40000000101402511 40000000101402510 40000000101402512 40000000101402509 3.49086136926 -15.2382 -4.46882 1.01892
9.13394 40000000101402633 40000000101402632 40000000101402637 40000000101402631 10.3674435724 2.26491 1.45787 -4.65802
9.17729 40000000101402632 40000000101402631 40000000101402637 40000000101402630 9.99659046619 2.18978 0.863322 -5.47668
9.19641 40000000101402631 40000000101402630 40000000101402637 40000000101402629 9.84138043947 2.6082 0.219024 -5.27268
9.32958 40000000101402630 40000000101402629 40000000101402637 40000000101402628 9.38877127194 1.16828 2.92244 4.01679
9.48586 40000000101402629 40000000101402628 40000000101402637 40000000101402627 9.00233985416 -0.361896 8.45469 9.95356
9.53902 40000000101402628 40000000101402627 40000000101402637 40000000101402626 8.9079991856 -1.45909 11.0894 9.69429
9.56735 40000000101402627 40000000101402626 40000000101402637 40000000101402625 8.44947629437 0.37954 11.8665 8.17317
9.76049 40000000101402626 40000000101402625 40000000101402637 40000000101402624 8.01217294887 7.19408 0.512869 22.6245
9.82906 40000000101402625 40000000101402624 40000000101402637 40000000101402623 7.59510714987 7.33187 -1.80147 22.7583
9.91289 40000000101402624 40000000101402623 40000000101402637 40000000101402622 7.23627606617 7.38944 -8.94572 16.8398
9.93431 40000000101402623 40000000101402622 40000000101402637 40000000101402621 7.00541704554 7.70814 -9.13417 14.7994
9.95545 40000000101402622 40000000101402621 40000000101402637 40000000101402620 6.85511726265 6.77929 -9.07294 14.2269
10.0249 40000000101402621 40000000101402620 40000000101402637 40000000101402619 6.49159774567 -2.96492 -12.9386 6.8975
10.0995 40000000101402620 40000000101402619 40000000101402637 40000000101402618 6.14490120342 -25.6339 -18.2613 -5.83388
10.1327 40000000101402619 40000000101402618 40000000101402637 40000000101402617 6.01075739884 -28.9041 -10.4507 -3.27496
10.1614 40000000101402618 40000000101402617 40000000101402637 40000000101402616 5.84661374788 -24.8834 -8.32374 6.35454
10.2018 40000000101402617 40000000101402616 40000000101402637 40000000101402615 5.52976580795 -38.2509 -10.6625 25.4846
10.2173 40000000101402616 40000000101402615 40000000101402637 40000000101402614 5.22758097313 -32.2371 -3.33705 12.0254
10.2306 40000000101402615 40000000101402614 40000000101402637 40000000101402613 4.99593346816 -28.4188 -8.84155 -13.2043
10.2395 40000000101402614 40000000101402613 40000000101402637 40000000101402612 4.93938066349 -31.7865 -2.92184 -1.05128
9.01928 40000000101402692 40000000101402691 40000000101402707 40000000101402690 4.17683491473 -3.83621 -14.6594 -5.06976
9.10157 40000000101402691 40000000101402690 40000000101402707 40000000101402689 4.00794511147 -6.48394 -15.3102 -6.29059
9.17946 40000000101402730 40000000101402729 40000000101402733 40000000101402728 6.49159774567 -0.096362 -2.83933 8.20601
9.19641 40000000101402729 40000000101402728 40000000101402733 40000000101402727 6.14490120342 4.43167 -6.37479 9.56434
9.19641 40000000101402728 40000000101402727 40000000101402733 40000000101402726 6.01075739884 3.77198 -7.24933 7.86081
9.26543 40000000101402727 40000000101402725 40000000101402733 40000000101402724 5.52976580795 3.74101 -5.15739 6.16544
9.2672 40000000101402725 40000000101402724 40000000101402733 40000000101402723 5.22758097313 6.49965 -5.57539 6.20941
9.2672 40000000101402724 40000000101402723 40000000101402733 40000000101402722 4.99593346816 6.76287 -6.7697 2.8114
9.00337 40000000101402764 40000000101402763 40000000101402770 40000000101402762 7.59510714987 -1.91099 0.831127 2.9354
9.06939 40000000101402763 40000000101402762 40000000101402770 40000000101402761 7.23627606617 -4.26561 0.354363 -0.415848
9.25284 40000000101402762 40000000101402761 40000000101402770 40000000101402760 7.00541704554 -3.95686 8.10444 7.70873
9.39081 40000000101402761 40000000101402757 40000000101402770 40000000101402756 6.01075739884 -16.7 -2.44086 4.72991
9.06939 40000000101402788 40000000101402787 40000000101402796 40000000101402786 5.52976580795 1.91286 -1.16745 7.76253
9.08845 40000000101402787 40000000101402786 40000000101402796 40000000101402785 5.22758097313 0.145176 -2.58431 4.90521
9.18802 40000000101402786 40000000101402785 40000000101402796 40000000101402784 4.99593346816 -3.16615 0.462824 10.3508
9.19013 40000000101402785 40000000101402784 40000000101402796 40000000101402783 4.93938066349 -1.03546 0.0092666 10.3839
9.21671 40000000101402784 40000000101402783 40000000101402796 40000000101402782 4.66451770247 -0.695555 0.0264928 8.79164
9.03463 40000000101403132 40000000101403131 40000000101403141 40000000101403130 6.01075739884 -5.73044 7.42336 -2.05483
9.04945 40000000101403131 40000000101403130 40000000101403141 40000000101403129 5.84661374788 -4.00553 4.8386 1.58059
9.08038 40000000101403130 40000000101403129 40000000101403141 40000000101403128 5.52976580795 -5.98272 -0.030875 8.48291
9.21272 40000000101403129 40000000101403128 40000000101403141 40000000101403127 5.22758097313 -8.97949 1.16943 9.25446
9.23229 40000000101403128 40000000101403127 40000000101403141 40000000101403126 4.99593346816 -13.3925 0.248474 9.96731
9.25466 40000000101403127 40000000101403125 40000000101403141 40000000101403124 4.66451770247 -13.3969 -0.544126 8.79086
9.01928 40000000101403161 40000000101403160 40000000101403167 40000000101403159 5.52976580795 3.24512 -5.46206 -14.1901
9.0666 40000000101403160 40000000101403159 40000000101403167 40000000101403158 5.22758097313 4.41667 -7.13887 -10.918
9.01614 40000000101403179 40000000101403178 40000000101403192 40000000101403177 3.70877426464 -2.46818 4.79605 2.94681
9.06939 40000000101403178 40000000101403177 40000000101403192 40000000101403176 3.49086136926 -4.93363 7.25192 1.94208
9.15273 40000000101403177 40000000101403176 40000000101403192 40000000101403175 3.28303305796 -9.11204 13.557 -11.2862
9.09637 40000000101403243 40000000101403242 40000000101403247 40000000101403241 9.99659046619 -0.959422 -0.881124 0.768022
9.34902 40000000101403242 40000000101403240 40000000101403247 40000000101403239 9.38877127194 -11.5808 -9.17461 5.87091
9.42527 40000000101403240 40000000101403239 40000000101403247 40000000101403238 9.00233985416 -9.51005 -8.28638 4.8898
9.42893 40000000101403239 40000000101403238 40000000101403247 40000000101403237 8.9079991856 -12.0422 -8.15491 6.76329
9.51575 40000000101403238 40000000101403237 40000000101403247 40000000101403236 8.44947629437 -7.99002 -6.44653 3.90378
9.56999 40000000101403237 40000000101403236 40000000101403247 40000000101403235 8.01217294887 -6.32502 -4.16014 4.53832
9.63366 40000000101403236 40000000101403235 40000000101403247 40000000101403234 7.59510714987 -7.80258 -1.45145 5.20617
9.7384 40000000101403235 40000000101403234 40000000101403247 40000000101403233 7.23627606617 -1.76505 0.560854 3.61891
9.80874 40000000101403234 40000000101403233 40000000101403247 40000000101403232 7.00541704554 -2.05294 -9.5311 6.12617
9.81678 40000000101403233 40000000101403232 40000000101403247 40000000101403231 6.85511726265 -1.90465 -7.58106 3.76283
9.96617 40000000101403232 40000000101403231 40000000101403247 40000000101403230 6.49159774567 17.1521 -12.1731 1.45521
10.1448 40000000101403231 40000000101403230 40000000101403247 40000000101403229 6.14490120342 31.7111 -39.3239 -17.6881
10.191 40000000101403230 40000000101403229 40000000101403247 40000000101403228 6.01075739884 26.6142 -52.6276 -34.779
10.2806 40000000101403229 40000000101403228 40000000101403247 40000000101403227 5.84661374788 4.97758 -54.7561 -36.059
10.4034 40000000101403228 40000000101403227 40000000101403247 40000000101403226 5.52976580795 -34.7631 -33.2219 -8.08112
10.4747 40000000101403227 40000000101403226 40000000101403247 40000000101403225 5.22758097313 -11.0217 -36.304 -41.4216
10.5526 40000000101403226 40000000101403225 40000000101403247 40000000101403224 4.99593346816 -27.1566 -32.0519 -27.1241
10.5745 40000000101403225 40000000101403224 40000000101403247 40000000101403223 4.93938066349 -31.233 -32.269 -32.2398
10.6218 40000000101403224 40000000101403223 40000000101403247 40000000101403222 4.66451770247 -35.9904 -10.5039 -24.3862
10.6545 40000000101403223 40000000101403222 40000000101403247 40000000101403221 4.42803373661 -49.0424 -6.90422 -10.2304
9.0098 40000000101403305 40000000101403304 40000000101403309 40000000101403303 6.49159774567 -2.82736 4.91995 -14.8782
9.02548 40000000101403304 40000000101403303 40000000101403309 40000000101403302 6.14490120342 -2.53531 4.01463 -15.5264
9.03763 40000000101403303 40000000101403302 40000000101403309 40000000101403301 6.01075739884 -3.29158 4.63373 -14.8553
9.03763 40000000101403302 40000000101403301 40000000101403309 40000000101403300 5.84661374788 -2.62024 4.28737 -14.401
9.08309 40000000101403343 40000000101403342 40000000101403352 40000000101403341 7.23627606617 -6.44575 8.66665 5.8504
9.24362 40000000101403342 40000000101403341 40000000101403352 40000000101403340 7.00541704554 7.52398 8.77034 14.3248
9.0066 40000000101403368 40000000101403367 40000000101403373 40000000101403366 8.01217294887 0.747038 -2.55187 4.77348
9.08578 40000000101403367 40000000101403366 40000000101403373 40000000101403365 7.59510714987 3.28795 -4.45922 4.61413
9.25466 40000000101403366 40000000101403365 40000000101403373 40000000101403364 7.23627606617 5.98361 3.35549 6.12888
9.36199 40000000101403365 40000000101403364 40000000101403373 40000000101403363 7.00541704554 36.3644 -11.0638 -3.14638
9.46733 40000000101403364 40000000101403363 40000000101403373 40000000101403362 6.85511726265 44.0382 -1.97736 10.4263
9.00012 40000000101403451 40000000101403450 40000000101403457 40000000101403449 8.01217294887 -2.0444 0.353825 0.0638331
9.12424 40000000101403450 40000000101403448 40000000101403457 40000000101403447 7.23627606617 -9.67736 2.82143 -1.90315
9.14344 40000000101403448 40000000101403443 40000000101403457 40000000101403442 6.01075739884 -2.08439 5.60838 0.931939
9.17729 40000000101403443 40000000101403442 40000000101403457 40000000101403441 5.84661374788 -7.03955 10.6762 0.859629
9.14578 40000000101403480 40000000101403479 40000000101403485 40000000101403478 5.84661374788 -1.99549 -20.9698 -1.73433
9.2845 40000000101403479 40000000101403477 40000000101403485 40000000101403476 5.22758097313 -15.6077 -4.96463 1.55581
9.32031 40000000101403477 40000000101403473 40000000101403485 40000000101403472 4.42803373661 -5.47839 -10.9597 14.2549
9.36763 40000000101403473 40000000101403472 40000000101403485 40000000101403471 4.17683491473 -4.717 -14.0945 3.28088
9.37042 40000000101403472 40000000101403471 40000000101403485 40000000101403470 4.00794511147 -7.30162 -7.92247 -0.813429
9.22066 40000000101403487 40000000101403486 40000000101403493 40000000101403477 5.52976580795 16.509 -14.7305 10.2116
9.04358 40000000101403682 40000000101403681 40000000101403689 40000000101403680 8.9079991856 4.45106 -1.28037 1.45284
9.09637 40000000101403681 40000000101403680 40000000101403689 40000000101403679 8.44947629437 6.10885 1.95697 4.34489
9.17293 40000000101403680 40000000101403679 40000000101403689 40000000101403678 8.01217294887 6.55312 1.75503 3.92371
9.24733 40000000101403679 40000000101403678 40000000101403689 40000000101403677 7.59510714987 5.81846 0.89737 -0.919626
9.29951 40000000101403678 40000000101403677 40000000101403689 40000000101403676 7.23627606617 4.27612 1.76692 0.821723
9.44447 40000000101403677 40000000101403676 40000000101403689 40000000101403675 7.00541704554 -8.59326 -1.4581 -2.30538
9.4606 40000000101403676 40000000101403675 40000000101403689 40000000101403674 6.85511726265 -9.83309 -0.0321693 -2.82158
9.48372 40000000101403675 40000000101403674 40000000101403689 40000000101403673 6.49159774567 6.84967 5.48385 4.31445
9.60543 40000000101403674 40000000101403673 40000000101403689 40000000101403672 6.14490120342 -2.35037 16.4525 -7.92121
9.62056 40000000101403673 40000000101403672 40000000101403689 40000000101403671 6.01075739884 5.39151 11.0128 2.959
9.626 40000000101403672 40000000101403671 40000000101403689 40000000101403670 5.84661374788 5.88305 12.6027 2.73028
9.69383 40000000101403671 40000000101403670 40000000101403689 40000000101403669 5.52976580795 -0.607176 16.4119 -4.0343
9.7342 40000000101403670 40000000101403669 40000000101403689 40000000101403668 5.22758097313 -3.55202 21.5727 -10.427
9.78582 40000000101403669 40000000101403668 40000000101403689 40000000101403667 4.99593346816 -1.10122 24.0026 -12.8096
9.79272 40000000101403668 40000000101403667 40000000101403689 40000000101403666 4.93938066349 -0.928768 24.8036 -11.6171
9.80312 40000000101403667 40000000101403666 40000000101403689 40000000101403665 4.66451770247 0.964054 21.5791 -16.5405
9.80975 40000000101403666 40000000101403665 40000000101403689 40000000101403664 4.42803373661 16.9284 -1.49346 -11.3347
9.13394 40000000101403732 40000000101403731 40000000101403736 40000000101403730 7.23627606617 4.36963 1.33483 4.34403
9.32031 40000000101403731 40000000101403730 40000000101403736 40000000101403729 7.00541704554 -12.8739 -7.46107 5.24627
9.43737 40000000101403730 40000000101403728 40000000101403736 40000000101403727 6.49159774567 -2.80423 -7.12583 2.2466
9.50872 40000000101403728 40000000101403727 40000000101403736 40000000101403726 6.14490120342 -8.65686 -12.6762 8.59487
9.52462 40000000101403727 40000000101403723 40000000101403736 40000000101403722 5.22758097313 -4.66567 -7.43455 3.26511
9.14344 40000000101403905 40000000101403904 40000000101403912 40000000101403903 7.59510714987 -7.92462 0.00629397 15.1161
9.22845 40000000101403904 40000000101403903 40000000101403912 40000000101403902 7.23627606617 -8.64073 5.43802 15.8754
9.24548 40000000101403903 40000000101403902 40000000101403912 40000000101403901 7.00541704554 -11.5995 4.39921 13.5697
9.32031 40000000101403902 40000000101403900 40000000101403912 40000000101403899 6.49159774567 -5.65211 6.78188 9.87079
9.34609 40000000101403900 40000000101403898 40000000101403912 40000000101403897 6.01075739884 -8.69511 0.147238 7.72049
9.38005 40000000101403898 40000000101403897 40000000101403912 40000000101403896 5.84661374788 -6.59426 2.20223 10.1473
9.42404 40000000101403897 40000000101403892 40000000101403912 40000000101403891 4.66451770247 -12.616 10.811 3.06562
9.45833 40000000101403892 40000000101403891 40000000101403912 40000000101403890 4.42803373661 -9.14557 9.48559 9.34305
9.46397 40000000101403891 40000000101403890 40000000101403912 40000000101403889 4.17683491473 -7.33551 11.6405 4.25885
9.09111 40000000101403942 40000000101403941 40000000101403947 40000000101403940 6.14490120342 -9.42305 1.88078 10.7351
9.13871 40000000101403941 40000000101403940 40000000101403947 40000000101403939 6.01075739884 -2.69763 7.17252 10.4168
9.16182 40000000101403940 40000000101403939 40000000101403947 40000000101403938 5.84661374788 -2.26733 6.05168 6.90048
9.16407 40000000101403939 40000000101403938 40000000101403947 40000000101403937 5.52976580795 -5.20177 7.99262 3.3673
9.18802 40000000101403938 40000000101403937 40000000101403947 40000000101403936 5.22758097313 -3.96257 8.51761 5.73295
9.08845 40000000101403966 40000000101403965 40000000101403978 40000000101403964 4.17683491473 19.0729 16.1944 11.2531
9.09898 40000000101403965 40000000101403962 40000000101403978 40000000101403961 3.70877426464 15.1549 18.5368 7.38627
9.08578 40000000101404005 40000000101404004 40000000101404014 40000000101404003 4.17683491473 7.18667 -8.9891 -3.00735
9.11179 40000000101404004 40000000101404001 40000000101404014 40000000101404000 3.70877426464 7.61715 -3.77642 -2.69927
9.07766 40000000101404089 40000000101404088 40000000101404097 40000000101404087 8.01217294887 -2.42224 -0.89095 1.23026
9.10671 40000000101404088 40000000101404087 40000000101404097 40000000101404086 7.59510714987 -3.77149 -0.381575 -3.11401
9.38547 40000000101404087 40000000101404086 40000000101404097 40000000101404085 7.23627606617 7.38839 2.92176 16.6981
9.54278 40000000101404086 40000000101404085 40000000101404097 40000000101404084 7.00541704554 18.4905 0.240001 19.9858
9.5629 40000000101404085 40000000101404084 40000000101404097 40000000101404083 6.85511726265 42.0752 0.901752 22.9609
9.59477 40000000101404084 40000000101404082 40000000101404097 40000000101404081 6.14490120342 26.109 -2.34815 14.5809
9.626 40000000101404082 40000000101404081 40000000101404097 40000000101404080 6.01075739884 26.6091 -2.35136 15.95
9.64859 40000000101404081 40000000101404080 40000000101404097 40000000101404079 5.84661374788 26.4836 -2.18196 16.1037
9.65802 40000000101404080 40000000101404079 40000000101404097 40000000101404078 5.52976580795 19.9304 -3.45401 15.6579
9.66302 40000000101404079 40000000101404078 40000000101404097 40000000101404077 5.22758097313 16.5326 -2.49747 12.7369
9.68985 40000000101404078 40000000101404077 40000000101404097 40000000101404076 4.99593346816 18.3955 -0.520257 9.94335
9.69383 40000000101404077 40000000101404076 40000000101404097 40000000101404075 4.93938066349 20.8977 -0.857402 9.79475
9.71385 40000000101404076 40000000101404075 40000000101404097 40000000101404074 4.66451770247 17.4962 3.02115 9.43357
9.72813 40000000101404075 40000000101404074 40000000101404097 40000000101404073 4.42803373661 11.5317 5.55249 9.45255
9.0066 40000000101404107 40000000101404106 40000000101404112 40000000101404105 8.44947629437 2.83141 6.54101 1.52834
9.0066 40000000101404106 40000000101404105 40000000101404112 40000000101404104 8.01217294887 3.99533 3.98657 1.82552
9.01614 40000000101404151 40000000101404150 40000000101404157 40000000101404149 6.85511726265 -9.82051 -4.30577 3.53464
9.04945 40000000101404150 40000000101404148 40000000101404157 40000000101404147 6.14490120342 -8.82709 -0.775961 2.2724
9.07216 40000000101404148 40000000101404147 40000000101404157 40000000101404146 6.01075739884 -9.30291 1.08424 1.41917
9.15042 40000000101404147 40000000101404146 40000000101404157 40000000101404145 5.84661374788 -15.4177 -5.99652 -5.54729
9.21869 40000000101404146 40000000101404144 40000000101404157 40000000101404143 5.22758097313 -10.7371 0.312598 -0.422565
9.23229 40000000101404144 40000000101404142 40000000101404157 40000000101404141 4.93938066349 -9.17543 -0.879976 -3.10916
9.24362 40000000101404142 40000000101404141 40000000101404157 40000000101404140 4.66451770247 -9.50403 -2.69142 -3.07231
9.29787 40000000101404141 40000000101404140 40000000101404157 40000000101404139 4.42803373661 -8.99693 -6.75587 -0.169232
9.29951 40000000101404140 40000000101404136 40000000101404157 40000000101404135 3.70877426464 -2.17274 -5.64345 1.39737
9.35048 40000000101404183 40000000101404182 40000000101404187 40000000101404181 4.99593346816 -4.16077 -4.90089 4.03921
9.37732 40000000101404182 40000000101404181 40000000101404187 40000000101404180 4.93938066349 -5.70861 -3.13205 5.64352
9.38141 40000000101404181 40000000101404177 40000000101404187 40000000101404176 4.00794511147 -12.8174 -1.95724 -1.65061
9.06939 40000000101404209 40000000101404208 40000000101404217 40000000101404207 4.00794511147 16.562 -5.70878 1.10226
9.12178 40000000101404208 40000000101404205 40000000101404217 40000000101404204 3.49086136926 13.6787 -4.07683 -1.32306
9.01928 40000000101404369 40000000101404368 40000000101404380 40000000101404367 5.52976580795 -1.36152 -3.68949 8.10619
9.05811 40000000101404368 40000000101404363 40000000101404380 40000000101404362 4.42803373661 -0.0703407 -0.520497 0.0948441
9.12912 40000000101404363 40000000101404362 40000000101404380 40000000101404361 4.17683491473 1.03763 0.176754 0.644951
9.14108 40000000101404362 40000000101404361 40000000101404380 40000000101404360 4.00794511147 0.0473129 0.907878 -2.73344
9.14344 40000000101404361 40000000101404360 40000000101404380 40000000101404359 3.93726108473 -0.195003 -0.83408 -2.23065
9.01298 40000000101404692 40000000101404691 40000000101404705 40000000101404690 4.66451770247 -1.27403 -3.70128 6.95103
9.01298 40000000101404691 40000000101404690 40000000101404705 40000000101404689 4.42803373661 -0.406183 -2.81926 6.78895
9.08578 40000000101404690 40000000101404689 40000000101404705 40000000101404688 4.17683491473 2.84912 -2.23114 5.75407
9.10926 40000000101404689 40000000101404688 40000000101404705 40000000101404687 4.00794511147 1.90387 -8.80753 3.62839
9.11681 40000000101404688 40000000101404687 40000000101404705 40000000101404686 3.93726108473 1.51409 -5.8899 4.89179
9.0066 40000000101404729 40000000101404728 40000000101404743 40000000101404727 3.93726108473 -5.77617 2.92204 1.67554
9.0316 40000000101404728 40000000101404727 40000000101404743 40000000101404726 3.70877426464 -0.991174 0.230319 -2.32723
9.05524 40000000101404727 40000000101404726 40000000101404743 40000000101404725 3.49086136926 -7.58695 -1.77937 0.387482
9.07216 40000000101404726 40000000101404725 40000000101404743 40000000101404724 3.28303305796 -8.69337 3.23806 1.2035
9.08845 40000000101404725 40000000101404724 40000000101404743 40000000101404723 3.08482263583 -9.7945 2.78519 0.510736
9.04358 40000000101404803 40000000101404802 40000000101404811 40000000101404801 6.49159774567 0.00572244 -6.4699 2.02534
9.07766 40000000101404802 40000000101404801 40000000101404811 40000000101404800 6.14490120342 2.3805 -8.3689 3.56069
9.10671 40000000101404801 40000000101404800 40000000101404811 40000000101404799 6.01075739884 3.60551 -6.99874 2.35174
9.11431 40000000101404800 40000000101404799 40000000101404811 40000000101404798 5.84661374788 4.05115 -6.91997 2.07845
9.33263 40000000101404799 40000000101404798 40000000101404811 40000000101404797 5.52976580795 -0.0394063 -18.6601 5.58326
9.59725 40000000101404798 40000000101404797 40000000101404811 40000000101404796 5.22758097313 -21.2699 -55.4756 55.146
9.0066 40000000101404845 40000000101404844 40000000101404858 40000000101404843 4.42803373661 6.0156 -3.50007 -5.38393
9.05811 40000000101404844 40000000101404842 40000000101404858 40000000101404841 4.00794511147 6.03208 -3.18069 -6.16665
9.09111 40000000101404842 40000000101404841 40000000101404858 40000000101404840 3.93726108473 1.71074 0.296298 -9.33146
9.12912 40000000101404841 40000000101404840 40000000101404858 40000000101404839 3.70877426464 1.57444 -7.57703 -11.4146
9.13154 40000000101404840 40000000101404839 40000000101404858 40000000101404838 3.49086136926 6.7363 -10.0228 -11.4028
9.14578 40000000101404909 40000000101404908 40000000101404916 40000000101404907 8.01217294887 -5.39259 4.27642 3.10801
9.17946 40000000101404908 40000000101404906 40000000101404916 40000000101404905 7.23627606617 -8.35965 6.80081 -1.60707
9.25828 40000000101404906 40000000101404905 40000000101404916 40000000101404904 7.00541704554 -11.0472 7.06679 -2.42311
9.28788 40000000101404905 40000000101404904 40000000101404916 40000000101404903 6.85511726265 -11.158 7.95133 -2.70902
9.32805 40000000101404904 40000000101404903 40000000101404916 40000000101404902 6.49159774567 -9.30826 10.6351 0.833554
9.38412 40000000101404903 40000000101404902 40000000101404916 40000000101404901 6.14490120342 -11.6711 12.1954 0.218117
9.43737 40000000101404902 40000000101404901 40000000101404916 40000000101404900 6.01075739884 -7.60206 8.06501 2.82191
9.45833 40000000101404901 40000000101404900 40000000101404916 40000000101404899 5.84661374788 -10.5243 10.3811 2.17017
9.53996 40000000101404900 40000000101404899 40000000101404916 40000000101404898 5.52976580795 -12.3051 9.24556 -2.79698
9.57087 40000000101404899 40000000101404898 40000000101404916 40000000101404897 5.22758097313 -10.4175 10.2536 -0.137059
9.60462 40000000101404898 40000000101404897 40000000101404916 40000000101404896 4.99593346816 -13.6161 11.0453 0.978772
9.68447 40000000101404897 40000000101404896 40000000101404916 40000000101404895 4.93938066349 -21.9237 17.3118 -2.02524
9.71887 40000000101404896 40000000101404895 40000000101404916 40000000101404894 4.66451770247 -14.3637 21.8239 4.33101
9.749 40000000101404895 40000000101404894 40000000101404916 40000000101404893 4.42803373661 -14.6075 19.5688 5.54204
9.75879 40000000101404894 40000000101404893 40000000101404916 40000000101404892 4.17683491473 -11.5975 19.0523 5.39484
9.76049 40000000101404893 40000000101404891 40000000101404916 40000000101404890 3.93726108473 -6.88569 14.697 5.6183
9.03763 40000000101404981 40000000101404980 40000000101404985 40000000101404979 6.85511726265 1.29503 -5.93372 2.81594
9.12424 40000000101404980 40000000101404979 40000000101404985 40000000101404978 6.49159774567 3.05585 -6.93453 3.3686
9.2862 40000000101404979 40000000101404978 40000000101404985 40000000101404977 6.14490120342 2.10103 -15.4648 7.03321
9.35194 40000000101404978 40000000101404975 40000000101404985 40000000101404974 5.52976580795 -0.410993 -14.3162 2.43934
9.4026 40000000101404975 40000000101404974 40000000101404985 40000000101404973 5.22758097313 3.3777 -14.7592 4.7528
9.41282 40000000101404974 40000000101404973 40000000101404985 40000000101404972 4.99593346816 6.30101 -9.21401 5.33949
9.43257 40000000101404973 40000000101404971 40000000101404985 40000000101404970 4.66451770247 9.53768 -8.10212 7.15601
9.47832 40000000101404971 40000000101404970 40000000101404985 40000000101404969 4.42803373661 14.3973 -10.0352 14.0072
9.50669 40000000101404970 40000000101404969 40000000101404985 40000000101404968 4.17683491473 21.4464 -13.9598 16.5175
9.50771 40000000101404969 40000000101404968 40000000101404985 40000000101404967 4.00794511147 21.7682 -13.0293 15.8298
9.52948 40000000101404968 40000000101404967 40000000101404985 40000000101404966 3.93726108473 17.9258 -14.7035 14.3964
9.54928 40000000101404967 40000000101404964 40000000101404985 40000000101404963 3.28303305796 0.770919 -9.00271 -0.889979
9.19641 40000000101405023 40000000101405022 40000000101405035 40000000101405021 6.14490120342 4.96482 6.91303 -2.17358
9.20464 40000000101405022 40000000101405021 40000000101405035 40000000101405020 6.01075739884 2.80712 5.025 -2.84873
9.26543 40000000101405021 40000000101405018 40000000101405035 40000000101405017 5.22758097313 3.00275 2.46547 -3.01
9.27072 40000000101405018 40000000101405017 40000000101405035 40000000101405016 4.99593346816 1.94641 3.75715 -2.68061
9.29457 40000000101405017 40000000101405015 40000000101405035 40000000101405014 4.66451770247 0.709371 3.64716 -4.66805
9.34902 40000000101405015 40000000101405014 40000000101405035 40000000101405013 4.42803373661 2.25606 8.31177 -13.3236
9.36199 40000000101405014 40000000101405011 40000000101405035 40000000101405010 3.93726108473 3.44126 8.21725 -9.00685
9.40774 40000000101405066 40000000101405065 40000000101405078 40000000101405064 3.70877426464 1.42959 -11.0405 -42.8418
9.0316 40000000101405087 40000000101405086 40000000101405097 40000000101405085 4.17683491473 2.14748 -6.20015 -0.944325
9.40001 40000000101405099 40000000101405098 40000000101405100 40000000101405061 3.00813107163 9.28028 -8.1621 -14.3771
9.2026 40000000101405144 40000000101405143 40000000101405156 40000000101405142 4.17683491473 -1.99324 7.62027 -13.4781
9.21869 40000000101405143 40000000101405142 40000000101405156 40000000101405141 4.00794511147 -1.6759 8.99934 -11.3658
9.27766 40000000101405142 40000000101405140 40000000101405156 40000000101405139 3.70877426464 -3.98601 13.5267 -9.68531
9.30115 40000000101405140 40000000101405139 40000000101405156 40000000101405138 3.49086136926 -2.08072 12.1183 -6.35133
9.30278 40000000101405139 40000000101405138 40000000101405156 40000000101405137 3.28303305796 5.31362 17.3746 -5.92845
9.31874 40000000101405138 40000000101405134 40000000101405156 40000000101405133 2.73314261732 4.04563 18.7511 -8.44927
9.00012 40000000101405302 40000000101405301 40000000101405310 40000000101405300 5.52976580795 -1.02481 8.56001 3.0036
9.0098 40000000101405301 40000000101405300 40000000101405310 40000000101405299 5.22758097313 -3.45569 8.00763 2.43087
9.03763 40000000101405300 40000000101405299 40000000101405310 40000000101405298 4.99593346816 -4.82741 6.95065 2.51126
9.1193 40000000101405299 40000000101405297 40000000101405310 40000000101405296 4.66451770247 -0.581344 4.33837 0.0181946
9.12424 40000000101405297 40000000101405295 40000000101405310 40000000101405294 4.17683491473 -2.8548 0.582751 -4.05072
9.15273 40000000101405295 40000000101405292 40000000101405310 40000000101405291 3.70877426464 2.54134 7.53168 1.42492
9.19013 40000000101405292 40000000101405291 40000000101405310 40000000101405290 3.49086136926 2.87764 7.0388 1.27606
9.2026 40000000101405291 40000000101405288 40000000101405310 40000000101405287 3.00813107163 -3.03888 12.4546 1.94905
9.00012 40000000101405402 40000000101405401 40000000101405407 40000000101405400 11.4973879548 0.874231 0.380377 -0.286705
9.00012 40000000101405401 40000000101405400 40000000101405407 40000000101405399 10.9190331982 1.14918 1.03562 0.0754682
9.19433 40000000101405400 40000000101405399 40000000101405407 40000000101405398 10.3674435724 -3.2134 3.32291 -9.43929
9.36622 40000000101405399 40000000101405398 40000000101405407 40000000101405397 9.99659046619 -4.27688 -1.08793 6.07372
9.36902 40000000101405398 40000000101405397 40000000101405407 40000000101405396 9.84138043947 -5.52836 -0.391994 5.69955
9.44681 40000000101405397 40000000101405395 40000000101405407 40000000101405394 9.00233985416 -6.40066 0.689344 4.08043
9.45261 40000000101405395 40000000101405394 40000000101405407 40000000101405393 8.9079991856 -6.2401 0.25438 4.11425
9.58638 40000000101405394 40000000101405393 40000000101405407 40000000101405392 8.44947629437 -8.02303 3.16295 7.79384
9.63138 40000000101405393 40000000101405392 40000000101405407 40000000101405391 8.01217294887 -7.08465 0.870405 6.3357
9.67972 40000000101405392 40000000101405391 40000000101405407 40000000101405390 7.59510714987 -9.05538 2.89162 11.2815
9.70039 40000000101405391 40000000101405390 40000000101405407 40000000101405389 7.23627606617 -8.93134 2.55987 9.52899
9.7384 40000000101405390 40000000101405389 40000000101405407 40000000101405388 7.00541704554 -5.31226 -1.73381 9.37632
9.75765 40000000101405389 40000000101405388 40000000101405407 40000000101405387 6.85511726265 -7.82058 -4.20977 8.89866
9.84568 40000000101405388 40000000101405387 40000000101405407 40000000101405386 6.49159774567 -10.8616 1.93572 14.9087
9.90484 40000000101405387 40000000101405386 40000000101405407 40000000101405385 6.14490120342 -9.44293 -2.69919 10.2003
9.92159 40000000101405386 40000000101405385 40000000101405407 40000000101405384 6.01075739884 -9.34575 -11.4902 9.52048
9.98987 40000000101405385 40000000101405384 40000000101405407 40000000101405383 5.84661374788 -7.84893 -13.6315 4.03901
10.1085 40000000101405384 40000000101405383 40000000101405407 40000000101405382 5.52976580795 -28.2181 -14.7122 -2.91334
10.1758 40000000101405383 40000000101405382 40000000101405407 40000000101405381 5.22758097313 -23.3444 -29.507 -6.73341
10.197 40000000101405382 40000000101405381 40000000101405407 40000000101405380 4.99593346816 -21.3294 -28.342 -4.56588
10.2081 40000000101405381 40000000101405380 40000000101405407 40000000101405379 4.93938066349 -26.0156 -30.6027 -4.49693
10.2486 40000000101405380 40000000101405379 40000000101405407 40000000101405378 4.66451770247 -29.3253 -34.4815 -2.69969
10.3777 40000000101405379 40000000101405378 40000000101405407 40000000101405377 4.42803373661 -72.559 -76.4917 -27.4843
10.4671 40000000101405378 40000000101405377 40000000101405407 40000000101405376 4.17683491473 -142.384 -62.195 -39.4528
10.4937 40000000101405377 40000000101405376 40000000101405407 40000000101405375 4.00794511147 -141.053 -64.4354 -42.5113
10.5133 40000000101405376 40000000101405375 40000000101405407 40000000101405374 3.93726108473 -149.531 -71.3954 -42.2379
10.5546 40000000101405375 40000000101405374 40000000101405407 40000000101405373 3.70877426464 -145.904 -109.54 -41.8938
10.5852 40000000101405374 40000000101405373 40000000101405407 40000000101405372 3.49086136926 -144.309 -112.669 -36.1471
10.6386 40000000101405373 40000000101405372 40000000101405407 40000000101405371 3.28303305796 -94.2461 -122.815 -12.6619
10.6595 40000000101405372 40000000101405371 40000000101405407 40000000101405370 3.08482263583 -131.121 -115.849 -11.8989
9.15042 40000000101405441 40000000101405440 40000000101405445 40000000101405439 7.23627606617 -3.96236 0.0767796 4.99417
9.19433 40000000101405440 40000000101405439 40000000101405445 40000000101405438 7.00541704554 -1.06947 -1.77124 2.92499
9.35338 40000000101405439 40000000101405438 40000000101405445 40000000101405437 6.85511726265 -7.34255 -4.49692 -19.6106
9.00337 40000000101405514 40000000101405513 40000000101405522 40000000101405512 5.22758097313 5.75003 2.32692 10.0871
9.09375 40000000101405513 40000000101405512 40000000101405522 40000000101405511 4.99593346816 6.95367 -0.777942 7.79904
9.00337 40000000101405557 40000000101405556 40000000101405564 40000000101405555 6.01075739884 -10.0406 -2.67302 5.95279
9.03463 40000000101405556 40000000101405555 40000000101405564 40000000101405554 5.84661374788 -13.3044 -3.72906 8.89258
9.18162 40000000101405555 40000000101405554 40000000101405564 40000000101405553 5.52976580795 -20.2014 -6.74176 5.22957
9.19223 40000000101405554 40000000101405551 40000000101405564 40000000101405550 4.93938066349 -12.146 -9.58423 7.53259
9.55931 40000000101405551 40000000101405550 40000000101405564 40000000101405549 4.66451770247 -3.33979 -27.1934 10.9968
9.13634 40000000101405617 40000000101405616 40000000101405620 40000000101405615 5.52976580795 -15.9965 -0.85143 -3.8278
9.22066 40000000101405616 40000000101405615 40000000101405620 40000000101405614 5.22758097313 -15.9891 -6.35813 -6.35611
9.24733 40000000101405615 40000000101405614 40000000101405620 40000000101405613 4.99593346816 -14.702 -3.59238 -4.03059
9.25101 40000000101405614 40000000101405613 40000000101405620 40000000101405612 4.93938066349 -14.1059 -3.03135 -3.93223
9.25466 40000000101405613 40000000101405612 40000000101405620 40000000101405611 4.66451770247 -14.5842 -3.84961 1.69025
9.36902 40000000101405612 40000000101405611 40000000101405620 40000000101405610 4.42803373661 -13.4696 8.9795 -17.7175
9.39871 40000000101405611 40000000101405609 40000000101405620 40000000101405608 4.00794511147 -16.3061 12.7949 -18.4174
9.40902 40000000101405609 40000000101405608 40000000101405620 40000000101405607 3.93726108473 -12.584 10.2972 -16.214
9.44211 40000000101405608 40000000101405607 40000000101405620 40000000101405606 3.70877426464 -16.4244 8.41211 -17.5961
9.4549 40000000101405607 40000000101405606 40000000101405620 40000000101405605 3.49086136926 -8.61934 6.91295 -18.2844
9.47286 40000000101405606 40000000101405605 40000000101405620 40000000101405604 3.28303305796 -2.34526 8.31203 -18.9845
9.51074 40000000101405605 40000000101405604 40000000101405620 40000000101405603 3.08482263583 -0.913612 7.37299 -14.645
9.00337 40000000101405687 40000000101405686 40000000101405694 40000000101405685 6.14490120342 -0.67299 2.42257 -6.49706
9.03763 40000000101405686 40000000101405685 40000000101405694 40000000101405684 6.01075739884 -1.1949 2.61642 -6.58428
9.03763 40000000101405685 40000000101405684 40000000101405694 40000000101405683 5.84661374788 -1.96785 2.23512 -7.91457
9.27246 40000000101405684 40000000101405683 40000000101405694 40000000101405682 5.52976580795 3.03605 10.9554 -10.9291
9.31083 40000000101405683 40000000101405682 40000000101405694 40000000101405681 5.22758097313 3.76069 11.6118 -16.0986
9.37732 40000000101405682 40000000101405681 40000000101405694 40000000101405680 4.99593346816 3.96841 14.1969 -13.2486
9.38948 40000000101405681 40000000101405680 40000000101405694 40000000101405679 4.93938066349 4.69214 16.3462 -13.6567
9.46844 40000000101405680 40000000101405679 40000000101405694 40000000101405678 4.66451770247 -4.18235 20.5397 0.130125
9.49221 40000000101405679 40000000101405678 40000000101405694 40000000101405677 4.42803373661 -8.73262 18.8395 12.4872
9.54465 40000000101405678 40000000101405677 40000000101405694 40000000101405676 4.17683491473 -9.64309 18.7759 12.1474
9.56021 40000000101405677 40000000101405676 40000000101405694 40000000101405675 4.00794511147 -9.39896 22.7702 15.4889
9.08845 40000000101405752 40000000101405751 40000000101405759 40000000101405750 7.23627606617 -5.08625 2.85941 0.688591
9.13871 40000000101405751 40000000101405748 40000000101405759 40000000101405747 6.49159774567 -5.3919 3.17869 0.35965
9.16182 40000000101405748 40000000101405747 40000000101405759 40000000101405746 6.14490120342 -6.79381 4.67735 -0.574927
9.16852 40000000101405747 40000000101405746 40000000101405759 40000000101405745 6.01075739884 -5.44937 7.7947 1.94177
9.17729 40000000101405746 40000000101405744 40000000101405759 40000000101405743 5.52976580795 -6.23555 6.30698 -0.90231
9.26008 40000000101405744 40000000101405743 40000000101405759 40000000101405742 5.22758097313 -7.84336 9.70846 0.647613
9.27938 40000000101405743 40000000101405742 40000000101405759 40000000101405741 4.99593346816 -11.5806 7.33297 -4.03725
9.27938 40000000101405742 40000000101405741 40000000101405759 40000000101405740 4.93938066349 -10.205 6.72632 -3.39093
9.33111 40000000101405741 40000000101405740 40000000101405759 40000000101405739 4.66451770247 -14.8717 17.7398 -4.00116
9.40131 40000000101405740 40000000101405739 40000000101405759 40000000101405738 4.42803373661 -4.44386 15.9255 -3.24911
9.43136 40000000101405739 40000000101405738 40000000101405759 40000000101405737 4.17683491473 -4.39062 15.04 -2.40668
9.02855 40000000101405878 40000000101405877 40000000101405885 40000000101405876 5.22758097313 4.16578 0.805363 0.0948057
9.04653 40000000101405877 40000000101405876 40000000101405885 40000000101405875 4.99593346816 4.75553 -1.75066 0.845049
9.06939 40000000101405876 40000000101405875 40000000101405885 40000000101405874 4.93938066349 1.33655 -2.29458 -0.103744
9.26365 40000000101405875 40000000101405874 40000000101405885 40000000101405873 4.66451770247 -9.07536 -3.2736 19.3886
9.27766 40000000101405874 40000000101405873 40000000101405885 40000000101405872 4.42803373661 -9.35839 -3.32476 19.4777
9.30278 40000000101405873 40000000101405871 40000000101405885 40000000101405870 4.00794511147 -7.87958 -3.71431 12.9591
9.32805 40000000101405871 40000000101405869 40000000101405885 40000000101405868 3.70877426464 -9.1001 -2.60895 17.9702
9.34016 40000000101405869 40000000101405868 40000000101405885 40000000101405867 3.49086136926 -11.9723 -4.11402 14.2926
9.40518 40000000101405868 40000000101405862 40000000101405885 40000000101405861 2.5772902716 -30.6694 4.36794 3.00742
9.0316 40000000101405924 40000000101405923 40000000101405936 40000000101405922 3.08482263583 7.47954 -1.60014 -10.5495
9.05811 40000000101405923 40000000101405914 40000000101405936 40000000101405913 2.00202813925 5.20101 -4.72587 -0.262956
9.06096 40000000101405914 40000000101405909 40000000101405936 40000000101405908 1.60423452207 3.73643 -7.32831 2.05456
9.09375 40000000101405909 40000000101405908 40000000101405936 40000000101405907 1.53123902916 3.49173 -16.1992 -1.37592
9.03463 40000000101406133 40000000101406132 40000000101406144 40000000101406131 5.84661374788 -5.92568 -7.10625 -0.139391
9.1193 40000000101406132 40000000101406131 40000000101406144 40000000101406130 5.52976580795 -6.55491 -6.83133 -1.50361
9.16407 40000000101406131 40000000101406130 40000000101406144 40000000101406129 5.22758097313 -7.38441 -10.4166 2.41536
9.18589 40000000101406130 40000000101406129 40000000101406144 40000000101406128 4.99593346816 -7.45147 -11.6861 2.52622
9.2026 40000000101406129 40000000101406127 40000000101406144 40000000101406126 4.66451770247 -11.4653 -12.014 0.242672
9.2361 40000000101406127 40000000101406125 40000000101406144 40000000101406124 4.17683491473 -4.77645 -9.06259 4.24522
9.26187 40000000101406125 40000000101406124 40000000101406144 40000000101406123 4.00794511147 1.01316 -14.5689 5.42747
9.31083 40000000101406124 40000000101406123 40000000101406144 40000000101406122 3.93726108473 11.9618 -10.705 3.10503
9.37457 40000000101406123 40000000101406122 40000000101406144 40000000101406121 3.70877426464 12.1801 -11.2414 6.91306
9.44797 40000000101406122 40000000101406121 40000000101406144 40000000101406120 3.49086136926 3.63688 -9.85313 9.73159
9.46844 40000000101406121 40000000101406120 40000000101406144 40000000101406119 3.28303305796 2.4974 -19.6332 9.59875
9.47066 40000000101406120 40000000101406118 40000000101406144 40000000101406117 3.00813107163 6.9967 -15.5266 11.0219
9.02548 40000000101406195 40000000101406194 40000000101406202 40000000101406193 4.00794511147 4.16286 -11.1797 4.66064
9.02548 40000000101406194 40000000101406193 40000000101406202 40000000101406192 3.93726108473 3.6088 -11.1277 4.42309
9.05235 40000000101406193 40000000101406192 40000000101406202 40000000101406191 3.70877426464 8.04209 -13.6534 2.39986
9.06096 40000000101406234 40000000101406233 40000000101406246 40000000101406232 2.31611074396 -0.139037 -5.37265 -0.633577
9.15502 40000000101406233 40000000101406232 40000000101406246 40000000101406231 2.20792547238 10.0248 -5.33788 -14.0654
9.0666 40000000101406348 40000000101406347 40000000101406372 40000000101406346 3.70877426464 2.25539 2.01637 4.60589
9.07216 40000000101406347 40000000101406346 40000000101406372 40000000101406345 3.49086136926 4.22681 1.3685 3.60805
9.08578 40000000101406346 40000000101406345 40000000101406372 40000000101406344 3.28303305796 3.40221 0.779314 3.69665
9.09898 40000000101406345 40000000101406344 40000000101406372 40000000101406343 3.08482263583 4.75375 3.00387 3.5007
9.09898 40000000101406344 40000000101406342 40000000101406372 40000000101406341 2.89578500573 7.11085 4.46923 6.11322
9.10671 40000000101406342 40000000101406340 40000000101406372 40000000101406339 2.5772902716 4.14253 3.81731 3.25844
9.00012 40000000101406408 40000000101406407 40000000101406418 40000000101406406 3.70877426464 6.7903 7.17681 8.95298
9.06939 40000000101406407 40000000101406406 40000000101406418 40000000101406405 3.49086136926 8.11944 5.34063 11.399
9.09637 40000000101406406 40000000101406405 40000000101406418 40000000101406404 3.28303305796 10.6484 4.4856 12.0658
9.11681 40000000101406405 40000000101406404 40000000101406418 40000000101406403 3.08482263583 9.93852 5.28347 12.5819
9.13394 40000000101406404 40000000101406403 40000000101406418 40000000101406402 3.00813107163 10.7446 3.00781 15.6734
9.15502 40000000101406403 40000000101406402 40000000101406418 40000000101406401 2.89578500573 8.06173 0.588774 13.9977
9.03763 40000000101406534 40000000101406533 40000000101406540 40000000101406532 8.01217294887 -0.847375 -2.64623 -2.98363
9.08038 40000000101406533 40000000101406530 40000000101406540 40000000101406529 7.00541704554 -5.03115 -0.881974 -6.01101
9.15956 40000000101406530 40000000101406528 40000000101406540 40000000101406527 6.49159774567 -9.46905 -8.97146 -2.66452
9.16852 40000000101406528 40000000101406527 40000000101406540 40000000101406526 6.14490120342 -6.4774 -11.9562 0.184428
9.18162 40000000101406527 40000000101406526 40000000101406540 40000000101406525 6.01075739884 -5.91838 -11.1685 4.00817
9.31083 40000000101406526 40000000101406523 40000000101406540 40000000101406522 5.22758097313 -3.9943 -6.70445 5.49455
9.43617 40000000101406523 40000000101406522 40000000101406540 40000000101406521 4.93938066349 4.98143 4.28731 13.6491
9.55478 40000000101406522 40000000101406521 40000000101406540 40000000101406520 4.66451770247 -3.80837 1.67451 16.2257
9.63819 40000000101406521 40000000101406520 40000000101406540 40000000101406519 4.42803373661 -7.13151 -6.33769 15.0275
9.65442 40000000101406520 40000000101406519 40000000101406540 40000000101406518 4.17683491473 -7.47383 -12.6144 10.8265
9.66866 40000000101406519 40000000101406518 40000000101406540 40000000101406517 4.00794511147 -6.33311 -14.2823 12.1112
9.67214 40000000101406518 40000000101406517 40000000101406540 40000000101406516 3.93726108473 -6.80803 -13.9371 11.1733
9.68108 40000000101406517 40000000101406516 40000000101406540 40000000101406515 3.70877426464 -5.65641 -21.5381 10.3503
9.71448 40000000101406516 40000000101406515 40000000101406540 40000000101406514 3.49086136926 -2.30254 -30.233 6.42843
9.02855 40000000101406545 40000000101406544 40000000101406560 40000000101406543 5.84661374788 -0.355108 3.39042 1.94237
9.03463 40000000101406630 40000000101406629 40000000101406636 40000000101406628 9.00233985416 -14.2335 -10.9567 0.578871
9.03463 40000000101406629 40000000101406628 40000000101406636 40000000101406627 8.9079991856 -14.9629 -11.7151 0.656299
9.08309 40000000101406628 40000000101406627 40000000101406636 40000000101406626 8.44947629437 -11.5084 3.11202 -1.05152
9.19848 40000000101406627 40000000101406626 40000000101406636 40000000101406625 8.01217294887 -13.3112 -0.399613 2.15483
9.29787 40000000101406626 40000000101406625 40000000101406636 40000000101406624 7.59510714987 -12.8273 -3.11262 5.34414
9.3044 40000000101406625 40000000101406624 40000000101406636 40000000101406623 7.23627606617 -12.9579 -0.751251 3.94353
9.30602 40000000101406624 40000000101406623 40000000101406636 40000000101406622 7.00541704554 -6.94331 -1.43384 0.920481
9.34461 40000000101406623 40000000101406622 40000000101406636 40000000101406621 6.85511726265 -10.8699 -0.98025 0.312221
9.37732 40000000101406622 40000000101406621 40000000101406636 40000000101406620 6.49159774567 -9.45563 -0.602972 -1.67983
9.48692 40000000101406621 40000000101406620 40000000101406636 40000000101406619 6.14490120342 -6.88047 1.33931 -1.02515
9.53713 40000000101406620 40000000101406619 40000000101406636 40000000101406618 6.01075739884 -10.0344 19.3406 -3.61471
9.59972 40000000101406619 40000000101406618 40000000101406636 40000000101406617 5.84661374788 -8.27987 24.9439 -8.07345
9.59972 40000000101406618 40000000101406616 40000000101406636 40000000101406615 5.22758097313 -0.732634 16.9617 -11.4059
9.73178 40000000101406616 40000000101406615 40000000101406636 40000000101406614 4.99593346816 10.9842 -15.5811 15.9069
9.74018 40000000101406615 40000000101406614 40000000101406636 40000000101406613 4.93938066349 8.82903 -13.689 15.2685
9.78528 40000000101406614 40000000101406613 40000000101406636 40000000101406612 4.66451770247 10.8869 -17.4475 21.9528
9.89371 40000000101406613 40000000101406612 40000000101406636 40000000101406611 4.42803373661 18.5263 -31.7473 39.0133
9.93011 40000000101406612 40000000101406611 40000000101406636 40000000101406610 4.17683491473 11.5393 -27.1377 38.2051
9.93126 40000000101406611 40000000101406610 40000000101406636 40000000101406609 4.00794511147 10.3048 -19.7071 30.6771
9.94593 40000000101406610 40000000101406609 40000000101406636 40000000101406608 3.93726108473 10.1302 -26.3015 37.611
9.97663 40000000101406609 40000000101406608 40000000101406636 40000000101406607 3.70877426464 8.91601 -30.194 36.1683
9.98853 40000000101406608 40000000101406607 40000000101406636 40000000101406606 3.49086136926 10.8845 -32.7169 33.1976
9.06939 40000000101406697 40000000101406696 40000000101406702 40000000101406695 7.00541704554 -3.1599 8.33472 0.813291
9.07766 40000000101406696 40000000101406695 40000000101406702 40000000101406694 6.85511726265 -3.19465 8.01178 -1.09445
9.08845 40000000101406695 40000000101406694 40000000101406702 40000000101406693 6.49159774567 -3.18122 5.97277 -0.454127
9.17073 40000000101406694 40000000101406693 40000000101406702 40000000101406692 6.14490120342 -8.79007 2.90126 7.2121
9.21072 40000000101406693 40000000101406692 40000000101406702 40000000101406691 6.01075739884 -13.5261 -0.186911 0.322657
9.22651 40000000101406692 40000000101406690 40000000101406702 40000000101406689 5.52976580795 -6.22488 -2.39598 5.2577
