logMh | fpID | subhaloID | main leaf ID | descID |  z
9.21272 10000000022054126 10000000022054125 10000000022054131 10000000022054124 9.38877127194 7.90709 7.74744 -2.44603
9.37319 10000000022054125 10000000022054122 10000000022054131 10000000022054121 8.44947629437 5.35255 4.42032 3.86155
9.59227 10000000022054122 10000000022054120 10000000022054131 10000000022054119 7.59510714987 1.32902 -2.92479 3.49044
9.79061 10000000022054120 10000000022054119 10000000022054131 10000000022054118 7.23627606617 -12.9066 -18.2619 14.4805
9.88059 10000000022054119 10000000022054118 10000000022054131 10000000022054117 7.00541704554 -19.5358 0.734101 14.1119
9.9212 10000000022054118 10000000022054117 10000000022054131 10000000022054116 6.85511726265 -12.5559 5.7426 7.54275
9.99651 10000000022054117 10000000022054116 10000000022054131 10000000022054115 6.49159774567 -14.7757 -0.193916 13.6558
10.0506 10000000022054116 10000000022054115 10000000022054131 10000000022054114 6.14490120342 -25.2993 -15.0323 11.7407
10.093 10000000022054115 10000000022054113 10000000022054131 10000000022054112 5.84661374788 -37.316 -19.3295 20.9968
10.1716 10000000022054113 10000000022054112 10000000022054131 10000000022054111 5.52976580795 -49.665 -21.181 28.7968
10.2001 10000000022054112 10000000022054111 10000000022054131 10000000022054110 5.22758097313 -39.1225 -9.33821 25.5874
10.3108 10000000022054111 10000000022054110 10000000022054131 10000000022054109 4.99593346816 -70.3201 -28.4978 43.5868
10.3351 10000000022054110 10000000022054109 10000000022054131 10000000022054108 4.93938066349 -74.0746 -42.3536 55.2332
10.41 10000000022054109 10000000022054105 10000000022054131 10000000022054104 4.00794511147 -105.152 -73.8604 91.3184
10.4248 10000000022054105 10000000022054104 10000000022054131 10000000022054103 3.93726108473 -110.176 -66.3607 103.691
10.4323 10000000022054104 10000000022054103 10000000022054131 10000000022054102 3.70877426464 -72.5762 -52.1785 71.1944
10.5784 10000000022054103 10000000022054101 10000000022054131 10000000022054100 3.28303305796 18.7188 -97.0876 -13.1913
10.6626 10000000022054101 10000000022054100 10000000022054131 10000000022054099 3.08482263583 -139.455 -69.4642 50.2775
10.6767 10000000022054100 10000000022054099 10000000022054131 10000000022054098 3.00813107163 -130.791 -61.8425 57.8161
10.7055 10000000022054099 10000000022054098 10000000022054131 10000000022054097 2.89578500573 -119.138 -83.7698 55.5606
10.7207 10000000022054098 10000000022054097 10000000022054131 10000000022054096 2.73314261732 -110.898 -82.3529 41.867
10.7359 10000000022054097 10000000022054096 10000000022054131 10000000022054095 2.5772902716 -111.974 -92.5223 5.19412
10.768 10000000022054096 10000000022054095 10000000022054131 10000000022054094 2.44422570455 -77.6285 -91.3294 -6.71027
10.7711 10000000022054095 10000000022054094 10000000022054131 10000000022054093 2.31611074396 -119.271 -91.5856 -0.977741
10.8311 10000000022054094 10000000022054093 10000000022054131 10000000022054092 2.20792547238 -113.354 -90.5607 3.6989
10.8787 10000000022054093 10000000022054092 10000000022054131 10000000022054091 2.1032696526 -101.127 -99.3426 -7.04538
10.9137 10000000022054092 10000000022054091 10000000022054131 10000000022054090 2.00202813925 -58.4034 -51.3475 -48.9727
10.9428 10000000022054091 10000000022054090 10000000022054131 10000000022054089 1.90408954353 -69.6964 -57.8646 -63.2023
10.9672 10000000022054090 10000000022054089 10000000022054131 10000000022054088 1.82268925262 -94.6757 -52.4436 -57.281
11.0018 10000000022054089 10000000022054088 10000000022054131 10000000022054087 1.74357057433 -93.5069 -41.5491 -39.7226
11.0172 10000000022054088 10000000022054087 10000000022054131 10000000022054086 1.66666955611 -102.892 -41.8339 -26.328
11.0218 10000000022054087 10000000022054085 10000000022054131 10000000022054084 1.53123902916 -97.4039 -23.6801 -23.7365
11.0368 10000000022054085 10000000022054084 10000000022054131 10000000022054083 1.47197484527 -74.9653 -21.9139 -7.86739
11.0451 10000000022054084 10000000022054083 10000000022054131 10000000022054082 1.41409822037 -61.71 -12.5881 -16.2001
11.0552 10000000022054083 10000000022054076 10000000022054131 10000000022054075 1.07445789455 -17.459 -6.80801 -34.3495
11.0714 10000000022054076 10000000022054074 10000000022054131 10000000022054073 0.997294225782 -12.6366 -9.65905 -70.9911
11.0722 10000000022054074 10000000022054073 10000000022054131 10000000022054072 0.987852810816 -22.9896 -16.4041 -69.6593
11.0857 10000000022054073 10000000022054071 10000000022054131 10000000022054070 0.923000816178 -18.469 -14.8335 -87.8186
11.0875 10000000022054071 10000000022054070 10000000022054131 10000000022054069 0.886896937575 -14.9203 -18.3804 -96.2016
11.093 10000000022054070 10000000022054069 10000000022054131 10000000022054068 0.851470900625 -22.8036 -13.7395 -98.4883
11.1019 10000000022054069 10000000022054068 10000000022054131 10000000022054067 0.816709979012 -9.58608 -9.04065 -88.948
11.1167 10000000022054068 10000000022054067 10000000022054131 10000000022054066 0.791068248946 -14.1024 3.1875 -94.7854
11.1248 10000000022054067 10000000022054066 10000000022054131 10000000022054065 0.757441372616 -9.57704 -1.93453 -103.543
11.1303 10000000022054066 10000000022054065 10000000022054131 10000000022054064 0.732636182022 1.64411 -0.665911 -108.081
11.141 10000000022054065 10000000022054064 10000000022054131 10000000022054063 0.700106353719 -2.20849 -4.9862 -119.374
11.1451 10000000022054064 10000000022054062 10000000022054131 10000000022054061 0.644641840685 9.92005 -4.05509 -112.726
11.1539 10000000022054062 10000000022054061 10000000022054131 10000000022054060 0.621428745243 0.735731 0.669099 -130.857
11.1559 10000000022054061 10000000022054060 10000000022054131 10000000022054059 0.598543288188 15.3695 10.2118 -102.822
11.1653 10000000022054060 10000000022054059 10000000022054131 10000000022054058 0.575980845108 14.9463 15.6486 -111.522
11.1692 10000000022054059 10000000022054053 10000000022054131 10000000022054052 0.440297849248 38.4886 21.0457 -108.816
11.1732 10000000022054053 10000000022054052 10000000022054131 10000000022054051 0.419968941997 53.5379 17.3822 -118.389
11.1785 10000000022054052 10000000022054050 10000000022054131 10000000022054049 0.38016786726 63.7985 23.6447 -137.127
11.1843 10000000022054050 10000000022054049 10000000022054131 10000000022054048 0.360687657262 65.0988 23.0421 -136.236
11.1876 10000000022054049 10000000022054048 10000000022054131 10000000022054047 0.347853841858 63.1868 31.043 -158.201
11.1893 10000000022054048 10000000022054047 10000000022054131 10000000022054046 0.328829724206 70.5952 19.768 -148.001
11.1916 10000000022054047 10000000022054046 10000000022054131 10000000022054045 0.310074120128 82.509 17.6191 -161.938
11.1936 10000000022054046 10000000022054042 10000000022054131 10000000022054041 0.243540181555 74.0454 12.6343 -165.017
11.1938 10000000022054042 10000000022054041 10000000022054131 10000000022054040 0.22598838626 82.1392 15.4168 -163.378
11.198 10000000022054041 10000000022054040 10000000022054131 10000000022054039 0.214425035514 84.6725 20.6479 -160.088
11.199 10000000022054040 10000000022054039 10000000022054131 10000000022054038 0.197284182376 80.514 22.4791 -165.519
11.2049 10000000022054039 10000000022054038 10000000022054131 10000000022054037 0.180385261706 79.7965 27.0069 -165.658
11.2052 10000000022054038 10000000022054037 10000000022054131 10000000022054036 0.169252033244 78.8833 21.4115 -173.871
11.2069 10000000022054037 10000000022054036 10000000022054131 10000000022054035 0.152748768902 75.5318 28.8544 -166.36
11.2095 10000000022054036 10000000022054035 10000000022054131 10000000022054034 0.14187620397 76.609 27.3707 -170.622
11.2114 10000000022054035 10000000022054034 10000000022054131 10000000022054033 0.125759332411 70.6537 23.7151 -173.046
11.215 10000000022054034 10000000022054033 10000000022054131 10000000022054032 0.109869940459 66.6777 32.0647 -166.789
11.2153 10000000022054033 10000000022054032 10000000022054131 10000000022054031 0.0994018026302 69.2905 32.5304 -164.898
11.2186 10000000022054032 10000000022054031 10000000022054131 10000000022054030 0.0838844307975 67.1902 35.7942 -171.959
11.2218 10000000022054031 10000000022054030 10000000022054131 10000000022054029 0.0736613846564 64.1341 38.0373 -163.614
11.2244 10000000022054030 10000000022054029 10000000022054131 10000000022054028 0.0585073227945 62.4735 43.3171 -164.772
11.227 10000000022054029 10000000022054028 10000000022054131 10000000022054027 0.0485236299818 67.3368 45.8955 -165.437
11.2303 10000000022054028 10000000022054027 10000000022054131 10000000022054026 0.0337243718735 77.1255 52.4732 -183.029
11.2313 10000000022054027 10000000022054026 10000000022054131 10000000022054025 0.0239744283828 75.6295 59.5834 -182.843
11.2343 10000000022054026 10000000022054025 10000000022054131 10000000022054024 0.00952166696794 72.5344 57.2547 -183.807
11.2357 10000000022054025 10000000022054024 10000000022054131 -1 2.22044604925e-16 79.3734 58.5245 -184.19
9.02239 10000000022054226 10000000022054225 10000000022054230 10000000022054224 7.59510714987 -2.48037 2.59322 2.32034
9.07766 10000000022054225 10000000022054224 10000000022054230 10000000022054223 7.23627606617 -3.2372 2.84333 2.92214
9.10926 10000000022054224 10000000022054223 10000000022054230 10000000022054222 7.00541704554 -2.57168 2.28168 2.17715
9.11179 10000000022054223 10000000022054222 10000000022054230 10000000022054221 6.85511726265 -1.55036 4.69366 3.52463
9.07216 10000000022054387 10000000022054386 10000000022054389 10000000022054385 6.85511726265 -0.287091 -12.9071 20.2838
9.22262 10000000022054386 10000000022054385 10000000022054389 10000000022054384 6.49159774567 -15.7595 3.00716 17.6025
9.39081 10000000022054385 10000000022054384 10000000022054389 10000000022054383 6.14490120342 -7.40739 -0.00958906 19.4131
9.49221 10000000022054384 10000000022054383 10000000022054389 10000000022054382 6.01075739884 -7.94729 -8.34765 19.0232
9.56379 10000000022054383 10000000022054380 10000000022054389 10000000022054379 5.22758097313 -7.70769 -3.32285 19.0769
9.57956 10000000022054380 10000000022054379 10000000022054389 10000000022054378 4.99593346816 -10.5348 11.4187 9.81479
9.60054 10000000022054379 10000000022054377 10000000022054389 10000000022054376 4.66451770247 -7.85027 -6.34202 9.71758
9.70299 10000000022054377 10000000022054373 10000000022054389 10000000022054372 3.70877426464 -8.52546 13.6129 -13.7924
9.10157 10000000022054414 10000000022054413 10000000022054424 10000000022054412 6.49159774567 -0.293974 -2.15665 1.03018
9.19013 10000000022054413 10000000022054412 10000000022054424 10000000022054411 6.14490120342 0.992614 0.119279 -0.218441
9.61186 10000000022054412 10000000022054403 10000000022054424 10000000022054402 4.17683491473 -4.48703 3.44359 -4.32975
9.70169 10000000022054403 10000000022054402 10000000022054424 10000000022054401 4.00794511147 -11.0141 7.32522 -7.21079
9.02239 10000000022054547 10000000022054546 10000000022054553 10000000022054545 9.38877127194 -2.25005 1.37839 -6.34285
9.07766 10000000022054546 10000000022054545 10000000022054553 10000000022054544 9.00233985416 -4.4943 0.299924 -1.31909
9.2026 10000000022054545 10000000022054543 10000000022054553 10000000022054542 8.44947629437 -3.87584 2.89794 -2.23611
9.2342 10000000022054543 10000000022054542 10000000022054553 10000000022054541 8.01217294887 -1.70969 0.653702 -5.35325
9.30278 10000000022054542 10000000022054541 10000000022054553 10000000022054540 7.59510714987 -0.228599 -0.692531 -3.8075
9.35914 10000000022054541 10000000022054540 10000000022054553 10000000022054539 7.23627606617 4.63231 0.0899618 -2.73044
9.39346 10000000022054540 10000000022054539 10000000022054553 10000000022054538 7.00541704554 10.8323 -1.24295 0.0225698
9.4503 10000000022054539 10000000022054538 10000000022054553 10000000022054537 6.85511726265 10.1762 -0.826425 -0.70148
9.4651 10000000022054538 10000000022054537 10000000022054553 10000000022054536 6.49159774567 10.2199 0.933455 1.05902
9.50158 10000000022054537 10000000022054535 10000000022054553 10000000022054534 6.01075739884 9.18204 0.41349 -2.42204
9.50872 10000000022054535 10000000022054534 10000000022054553 10000000022054533 5.84661374788 10.4536 0.600571 -4.44624
9.55569 10000000022054534 10000000022054533 10000000022054553 10000000022054532 5.52976580795 3.46996 3.40321 -5.9102
9.60624 10000000022054533 10000000022054532 10000000022054553 10000000022054531 5.22758097313 -13.1276 2.16336 -6.80224
9.61663 10000000022054532 10000000022054531 10000000022054553 10000000022054530 4.99593346816 -12.9711 3.95536 -8.86749
9.62056 10000000022054531 10000000022054530 10000000022054553 10000000022054529 4.93938066349 -16.6376 1.99553 -9.00775
9.65151 10000000022054530 10000000022054524 10000000022054553 10000000022054523 3.70877426464 -16.9265 17.7409 -8.68981
9.65945 10000000022054524 10000000022054523 10000000022054553 10000000022054522 3.49086136926 -19.7967 12.957 -13.3763
9.67835 10000000022054523 10000000022054521 10000000022054553 10000000022054520 3.08482263583 -18.3928 11.6592 -14.6476
9.68717 10000000022054521 10000000022054520 10000000022054553 10000000022054519 3.00813107163 -16.5214 15.4187 -13.718
9.2361 10000000022054639 10000000022054638 10000000022054649 10000000022054637 4.99593346816 7.12152 10.8336 2.54089
9.25828 10000000022054638 10000000022054636 10000000022054649 10000000022054635 4.66451770247 3.67205 8.48816 0.263301
9.30115 10000000022054636 10000000022054635 10000000022054649 10000000022054634 4.42803373661 6.67077 10.4304 -2.73552
9.30602 10000000022054635 10000000022054634 10000000022054649 10000000022054633 4.17683491473 2.3922 10.0814 2.16512
9.37595 10000000022054634 10000000022054627 10000000022054649 10000000022054626 3.00813107163 20.6626 -2.96289 -31.2778
9.12912 10000000022054738 10000000022054737 10000000022054746 10000000022054736 7.00541704554 -6.02026 -11.9398 -14.3854
9.17073 10000000022054737 10000000022054736 10000000022054746 10000000022054735 6.85511726265 -6.41231 -10.0109 -11.7744
9.32031 10000000022054736 10000000022054735 10000000022054746 10000000022054734 6.49159774567 -5.81671 1.40172 15.3746
9.04358 10000000022054797 10000000022054796 10000000022054802 10000000022054795 8.01217294887 5.42747 3.6375 -1.45185
9.10926 10000000022054796 10000000022054795 10000000022054802 10000000022054794 7.59510714987 6.42473 2.14486 -1.71821
9.18376 10000000022054795 10000000022054794 10000000022054802 10000000022054793 7.23627606617 4.25276 1.35999 -0.130013
9.2342 10000000022054794 10000000022054793 10000000022054802 10000000022054792 7.00541704554 5.41671 -0.434015 0.414875
9.24362 10000000022054793 10000000022054792 10000000022054802 10000000022054791 6.85511726265 5.61168 3.18673 2.3616
9.36481 10000000022054792 10000000022054791 10000000022054802 10000000022054790 6.49159774567 2.28434 1.63934 9.96334
9.38547 10000000022054791 10000000022054790 10000000022054802 10000000022054789 6.14490120342 5.58569 0.769613 8.9983
9.52754 10000000022054790 10000000022054789 10000000022054802 10000000022054788 6.01075739884 7.10057 12.7767 23.8007
9.55841 10000000022054789 10000000022054788 10000000022054802 10000000022054787 5.84661374788 7.98793 10.4447 24.1308
9.59972 10000000022054788 10000000022054787 10000000022054802 10000000022054786 5.52976580795 -2.19184 7.51488 22.0128
9.66936 10000000022054787 10000000022054786 10000000022054802 10000000022054785 5.22758097313 -3.76935 -0.405134 17.7717
9.69118 10000000022054786 10000000022054785 10000000022054802 10000000022054784 4.99593346816 -13.7132 -0.493996 10.0211
9.83483 10000000022054785 10000000022054775 10000000022054802 10000000022054774 3.08482263583 -9.2351 -3.2855 3.11365
9.86169 10000000022054775 10000000022054774 10000000022054802 10000000022054773 3.00813107163 -14.6058 -2.36658 1.90125
9.09898 10000000022054897 10000000022054896 10000000022054902 10000000022054895 7.59510714987 -4.00699 -9.76409 4.54117
9.16182 10000000022054896 10000000022054895 10000000022054902 10000000022054894 7.23627606617 -3.63755 -0.987519 2.82688
9.19641 10000000022054895 10000000022054894 10000000022054902 10000000022054893 7.00541704554 -6.06917 -5.43287 6.19249
9.25101 10000000022054894 10000000022054893 10000000022054902 10000000022054892 6.85511726265 -5.92221 -2.42371 5.64909
9.34756 10000000022054893 10000000022054892 10000000022054902 10000000022054891 6.49159774567 -7.40709 -6.97972 10.6559
9.55296 10000000022054892 10000000022054891 10000000022054902 10000000022054890 6.14490120342 -3.91272 -3.37785 6.57141
9.62677 10000000022054891 10000000022054881 10000000022054902 10000000022054880 4.00794511147 -17.9697 -11.7412 -2.79929
9.62677 10000000022054881 10000000022054880 10000000022054902 10000000022054879 3.93726108473 -15.5625 -6.78499 1.2251
9.63442 10000000022054880 10000000022054876 10000000022054902 10000000022054875 3.08482263583 -33.9016 -10.9107 -0.863437
9.64638 10000000022054876 10000000022054874 10000000022054902 10000000022054873 2.89578500573 -29.1622 -5.64428 2.6232
9.0066 10000000022054982 10000000022054981 10000000022054990 10000000022054980 7.23627606617 -8.19461 0.291294 -1.20349
9.19433 10000000022054981 10000000022054980 10000000022054990 10000000022054979 7.00541704554 -6.95225 2.35278 -3.55562
9.22262 10000000022054980 10000000022054978 10000000022054990 10000000022054977 6.49159774567 -5.86719 1.83819 -2.45165
9.29457 10000000022054978 10000000022054977 10000000022054990 10000000022054976 6.14490120342 3.55034 1.0815 -4.36554
9.29457 10000000022054977 10000000022054976 10000000022054990 10000000022054975 6.01075739884 -1.21475 1.4314 -6.16186
9.33263 10000000022054976 10000000022054975 10000000022054990 10000000022054974 5.84661374788 1.25501 1.47912 -5.61618
9.44447 10000000022054975 10000000022054974 10000000022054990 10000000022054973 5.52976580795 -2.97302 1.18997 -12.3198
9.48905 10000000022054974 10000000022054972 10000000022054990 10000000022054971 4.99593346816 -1.92587 2.71713 1.61444
9.51275 10000000022054972 10000000022054971 10000000022054990 10000000022054970 4.93938066349 -1.98825 -0.2241 -1.46974
9.55931 10000000022054971 10000000022054970 10000000022054990 10000000022054969 4.66451770247 -0.647602 -0.839063 -3.62416
9.58975 10000000022054970 10000000022054969 10000000022054990 10000000022054968 4.42803373661 7.67272 -0.569515 -1.30742
9.63894 10000000022054969 10000000022054967 10000000022054990 10000000022054966 4.00794511147 -2.80159 -13.5819 3.57578
9.70621 10000000022054967 10000000022054965 10000000022054990 10000000022054964 3.70877426464 -3.45514 -5.47042 12.0517
9.72445 10000000022054965 10000000022054964 10000000022054990 10000000022054963 3.49086136926 -7.18056 -6.9827 12.1188
9.75248 10000000022054964 10000000022054963 10000000022054990 10000000022054962 3.28303305796 7.95027 -4.74319 16.4651
9.76836 10000000022054963 10000000022054962 10000000022054990 10000000022054961 3.08482263583 2.68729 -12.4502 5.86095
9.02548 10000000022055146 10000000022055145 10000000022055153 10000000022055144 5.52976580795 -1.07045 -0.496225 2.72744
9.21671 10000000022055145 10000000022055144 10000000022055153 10000000022055143 5.22758097313 -12.2646 4.37116 2.36403
9.2672 10000000022055144 10000000022055143 10000000022055153 10000000022055142 4.99593346816 -13.4747 2.20733 1.15266
9.37869 10000000022055143 10000000022055141 10000000022055153 10000000022055140 4.66451770247 -21.4182 4.28278 1.35051
9.37869 10000000022055141 10000000022055140 10000000022055153 10000000022055139 4.42803373661 -16.3841 5.18475 0.378332
9.41534 10000000022055140 10000000022055139 10000000022055153 10000000022055138 4.17683491473 -11.1563 8.34249 8.81136
9.44447 10000000022055139 10000000022055138 10000000022055153 10000000022055137 4.00794511147 -11.4907 10.3718 11.3821
