logMh | fpID | subhaloID | main leaf ID | descID |  z
9.08845 90000076900000101 90000076900000100 90000076900000106 90000076900000099 9.38877127194 -4.05389 6.19051 1.17549
9.17293 90000076900000100 90000076900000097 90000076900000106 90000076900000096 8.44947629437 -2.27432 7.94201 5.87242
9.17293 90000076900000097 90000076900000096 90000076900000106 90000076900000095 8.01217294887 -2.81494 2.69373 5.29632
9.17293 90000076900000096 90000076900000095 90000076900000106 90000076900000094 7.59510714987 -1.41467 10.2499 4.56347
9.19433 90000076900000095 90000076900000094 90000076900000106 90000076900000093 7.23627606617 -3.15343 4.18619 3.39874
9.23799 90000076900000094 90000076900000090 90000076900000106 90000076900000089 6.14490120342 -6.10168 7.09296 1.68505
9.83291 90000076900000090 90000076900000085 90000076900000106 90000076900000084 4.99593346816 -17.6354 12.759 20.8617
9.84052 90000076900000085 90000076900000084 90000076900000106 90000076900000083 4.93938066349 -16.3114 12.6692 17.3482
9.88656 90000076900000084 90000076900000082 90000076900000106 90000076900000081 4.42803373661 -17.5738 14.8118 18.8419
9.88826 90000076900000082 90000076900000080 90000076900000106 90000076900000079 4.00794511147 -15.9411 13.97 14.1037
9.90524 90000076900000080 90000076900000079 90000076900000106 90000076900000078 3.93726108473 -23.9929 6.37622 12.1492
9.93088 90000076900000079 90000076900000076 90000076900000106 90000076900000075 3.28303305796 -35.3648 16.0968 6.43742
9.98753 90000076900000076 90000076900000075 90000076900000106 90000076900000074 3.08482263583 -31.8689 23.8307 7.4403
9.98887 90000076900000075 90000076900000074 90000076900000106 90000076900000073 3.00813107163 -31.8132 27.5618 7.5438
10.1632 90000076900000074 90000076900000072 90000076900000106 90000076900000071 2.73314261732 -49.3536 35.4616 86.2115
10.2649 90000076900000072 90000076900000071 90000076900000106 90000076900000070 2.5772902716 -55.1515 33.052 111.678
10.3996 90000076900000071 90000076900000070 90000076900000106 90000076900000069 2.44422570455 -87.8548 19.7186 143.458
10.4323 90000076900000070 90000076900000069 90000076900000106 90000076900000068 2.31611074396 -91.3092 17.1117 128.824
10.4632 90000076900000069 90000076900000068 90000076900000106 90000076900000067 2.20792547238 -104.417 15.8559 139.24
10.5163 90000076900000068 90000076900000067 90000076900000106 90000076900000066 2.1032696526 -102.42 9.69847 152.353
10.5606 90000076900000067 90000076900000066 90000076900000106 90000076900000065 2.00202813925 -102.684 0.398981 151.799
10.5866 90000076900000066 90000076900000065 90000076900000106 90000076900000064 1.90408954353 -94.6764 -13.3964 138.519
10.6253 90000076900000065 90000076900000064 90000076900000106 90000076900000063 1.82268925262 -92.363 -14.5825 137.026
10.6538 90000076900000064 90000076900000063 90000076900000106 90000076900000062 1.74357057433 -68.6822 11.3275 151.288
10.6758 90000076900000063 90000076900000062 90000076900000106 90000076900000061 1.66666955611 -44.7225 48.1483 144.726
10.7328 90000076900000062 90000076900000061 90000076900000106 90000076900000060 1.60423452207 -47.3754 81.1726 131.416
10.9249 90000076900000061 90000076900000060 90000076900000106 90000076900000059 1.53123902916 -6.27174 117.404 24.5759
11.0221 90000076900000060 90000076900000059 90000076900000106 90000076900000058 1.47197484527 10.3136 96.8035 47.7281
11.06 90000076900000059 90000076900000058 90000076900000106 90000076900000057 1.41409822037 -18.4198 86.2434 45.3608
11.1218 90000076900000058 90000076900000057 90000076900000106 90000076900000056 1.3575766674 -12.89 112.193 67.721
11.1367 90000076900000057 90000076900000055 90000076900000106 90000076900000054 1.24847261425 -44.787 100.68 36.3047
11.1458 90000076900000055 90000076900000054 90000076900000106 90000076900000053 1.20625808078 -65.3531 110.059 29.2159
11.1555 90000076900000054 90000076900000053 90000076900000106 90000076900000052 1.15460271236 -106.066 96.5992 27.0257
11.1632 90000076900000053 90000076900000040 90000076900000106 90000076900000039 0.700106353719 -163.854 87.9075 9.18474
11.1663 90000076900000040 90000076900000039 90000076900000106 90000076900000038 0.676110411213 -158.648 80.4592 -5.52479
11.1859 90000076900000039 90000076900000038 90000076900000106 90000076900000037 0.644641840685 -176.433 103.076 11.3465
11.1866 90000076900000038 90000076900000037 90000076900000106 90000076900000036 0.621428745243 -197.776 106.715 12.7237
11.1999 90000076900000037 90000076900000036 90000076900000106 90000076900000035 0.598543288188 -193.426 117.007 10.7515
11.2036 90000076900000036 90000076900000035 90000076900000106 90000076900000034 0.575980845108 -178.986 99.8276 13.2879
11.207 90000076900000035 90000076900000034 90000076900000106 90000076900000033 0.546392183141 -174.62 91.0996 4.06614
11.2255 90000076900000034 90000076900000033 90000076900000106 90000076900000032 0.524565820434 -191.583 86.9305 -11.8217
11.2328 90000076900000033 90000076900000032 90000076900000106 90000076900000031 0.503047523245 -187.534 89.8511 -6.6236
11.24 90000076900000032 90000076900000029 90000076900000106 90000076900000028 0.440297849248 -166.436 102.261 27.5249
11.2461 90000076900000029 90000076900000028 90000076900000106 90000076900000027 0.419968941997 -169.181 96.1671 22.3873
11.2486 90000076900000028 90000076900000027 90000076900000106 90000076900000026 0.399926964614 -179.826 109.143 24.1709
11.2505 90000076900000027 90000076900000026 90000076900000106 90000076900000025 0.38016786726 -185.364 90.1948 37.0544
11.2513 90000076900000026 90000076900000025 90000076900000106 90000076900000024 0.360687657262 -174.954 92.0956 37.6023
11.2517 90000076900000025 90000076900000024 90000076900000106 90000076900000023 0.347853841858 -184.167 91.532 42.6877
11.2522 90000076900000024 90000076900000023 90000076900000106 90000076900000022 0.328829724206 -174.673 93.8091 44.4822
11.2523 90000076900000023 90000076900000022 90000076900000106 90000076900000021 0.310074120128 -173.035 90.4841 36.0364
11.2532 90000076900000022 90000076900000021 90000076900000106 90000076900000020 0.291583239722 -178.241 85.3862 33.4226
11.255 90000076900000021 90000076900000018 90000076900000106 90000076900000017 0.243540181555 -178.791 95.9078 7.58101
11.2579 90000076900000018 90000076900000017 90000076900000106 90000076900000016 0.22598838626 -158.236 108.186 2.87177
11.2641 90000076900000017 90000076900000016 90000076900000106 90000076900000015 0.214425035514 -169.806 106.587 -0.822402
11.2657 90000076900000016 90000076900000015 90000076900000106 90000076900000014 0.197284182376 -149.535 94.923 -0.461415
11.2697 90000076900000015 90000076900000014 90000076900000106 90000076900000013 0.180385261706 -164.102 98.4212 -14.4128
11.2757 90000076900000014 90000076900000013 90000076900000106 90000076900000012 0.169252033244 -172.353 100.201 -20.0424
11.2774 90000076900000013 90000076900000012 90000076900000106 90000076900000011 0.152748768902 -156.327 99.9003 -18.8364
11.2832 90000076900000012 90000076900000011 90000076900000106 90000076900000010 0.14187620397 -180.55 101.869 -39.6302
11.2891 90000076900000011 90000076900000010 90000076900000106 90000076900000009 0.125759332411 -158.224 93.2067 -16.9019
11.2908 90000076900000010 90000076900000009 90000076900000106 90000076900000008 0.109869940459 -161.43 95.7142 -24.672
11.2972 90000076900000009 90000076900000008 90000076900000106 90000076900000007 0.0994018026302 -159.517 93.776 -12.8251
11.298 90000076900000008 90000076900000007 90000076900000106 90000076900000006 0.0838844307975 -151.963 86.129 -11.0941
11.3021 90000076900000007 90000076900000006 90000076900000106 90000076900000005 0.0736613846564 -156.251 83.0335 -7.16708
11.3055 90000076900000006 90000076900000005 90000076900000106 90000076900000004 0.0585073227945 -150.436 84.7167 -0.703313
11.3066 90000076900000005 90000076900000004 90000076900000106 90000076900000003 0.0485236299818 -142.446 86.0819 -2.67863
11.3146 90000076900000004 90000076900000003 90000076900000106 90000076900000002 0.0337243718735 -133.086 90.7955 1.82274
11.3181 90000076900000003 90000076900000002 90000076900000106 90000076900000001 0.0239744283828 -135.268 94.9404 2.38337
11.3234 90000076900000002 90000076900000001 90000076900000106 90000076900000000 0.00952166696794 -131.253 92.3561 3.14602
11.3284 90000076900000001 90000076900000000 90000076900000106 -1 2.22044604925e-16 -142.849 89.1797 9.75299
9.07216 90000076900000113 90000076900000112 90000076900000117 90000076900000111 6.49159774567 2.10289 -1.13125 -2.64223
9.2929 90000076900000112 90000076900000111 90000076900000117 90000076900000110 6.14490120342 -5.49832 -0.698631 -1.96807
9.42281 90000076900000111 90000076900000110 90000076900000117 90000076900000109 6.01075739884 -14.49 0.408669 -2.61523
9.48372 90000076900000110 90000076900000109 90000076900000117 90000076900000108 5.84661374788 -14.6907 0.283691 0.372279
9.65369 90000076900000109 90000076900000108 90000076900000117 90000076900000107 5.52976580795 -13.225 4.80756 12.4431
9.74667 90000076900000108 90000076900000107 90000076900000117 90000076900000085 5.22758097313 -9.70356 3.70736 19.8131
9.0066 90000076900000129 90000076900000128 90000076900000134 90000076900000127 6.49159774567 -1.58477 9.84895 -7.6439
9.10926 90000076900000184 90000076900000183 90000076900000190 90000076900000182 7.23627606617 -4.42402 -3.41841 3.48187
9.22845 90000076900000183 90000076900000182 90000076900000190 90000076900000181 7.00541704554 -6.06961 -2.17847 2.24204
9.25101 90000076900000182 90000076900000181 90000076900000190 90000076900000180 6.85511726265 -5.27536 -1.4981 2.43334
9.2742 90000076900000181 90000076900000180 90000076900000190 90000076900000179 6.49159774567 -1.64577 -2.40923 1.42102
9.29622 90000076900000180 90000076900000179 90000076900000190 90000076900000178 6.14490120342 -2.70033 -2.42307 0.331548
9.31243 90000076900000179 90000076900000178 90000076900000190 90000076900000177 6.01075739884 -4.39931 -3.38357 0.85965
9.33111 90000076900000178 90000076900000177 90000076900000190 90000076900000176 5.84661374788 -2.7725 -4.78919 -0.137102
9.35914 90000076900000177 90000076900000176 90000076900000190 90000076900000175 5.52976580795 -1.46892 -6.11266 0.0651009
9.4651 90000076900000176 90000076900000175 90000076900000190 90000076900000174 5.22758097313 -4.83935 -5.87099 6.86779
9.57087 90000076900000175 90000076900000174 90000076900000190 90000076900000173 4.99593346816 -9.58647 -12.5045 15.8432
9.65297 90000076900000174 90000076900000171 90000076900000190 90000076900000170 4.42803373661 -20.6235 -9.40059 17.7334
9.68515 90000076900000171 90000076900000170 90000076900000190 90000076900000169 4.17683491473 -14.0503 -11.5101 19.0213
9.72935 90000076900000170 90000076900000169 90000076900000190 90000076900000168 4.00794511147 -8.19846 -16.2246 13.5245
9.76219 90000076900000169 90000076900000168 90000076900000190 90000076900000167 3.93726108473 -3.24671 -21.059 6.65112
9.79951 90000076900000168 90000076900000167 90000076900000190 90000076900000166 3.70877426464 -8.45269 -21.016 1.25627
9.878 90000076900000167 90000076900000166 90000076900000190 90000076900000165 3.49086136926 11.3979 -22.1775 22.3197
9.94408 90000076900000166 90000076900000165 90000076900000190 90000076900000164 3.28303305796 12.4205 -23.5758 34.1961
9.9612 90000076900000165 90000076900000164 90000076900000190 90000076900000163 3.08482263583 7.56362 -21.1028 35.4244
9.98143 90000076900000164 90000076900000163 90000076900000190 90000076900000162 3.00813107163 5.83668 -21.3924 35.8944
10.005 90000076900000163 90000076900000162 90000076900000190 90000076900000161 2.89578500573 2.99694 -20.1916 36.7031
9.01298 90000076900000227 90000076900000226 90000076900000239 90000076900000225 4.17683491473 -1.7589 -15.763 10.5766
9.04945 90000076900000226 90000076900000225 90000076900000239 90000076900000224 4.00794511147 -4.46048 -11.4201 10.2539
9.08578 90000076900000225 90000076900000224 90000076900000239 90000076900000223 3.93726108473 -0.939119 -13.8016 6.00826
9.00337 90000076900000297 90000076900000296 90000076900000305 90000076900000295 6.85511726265 -7.3623 -7.98654 7.03441
9.15502 90000076900000296 90000076900000295 90000076900000305 90000076900000294 6.49159774567 -5.07151 -4.21644 -4.15998
9.21472 90000076900000295 90000076900000294 90000076900000305 90000076900000293 6.14490120342 -8.90984 -2.58104 -1.51319
9.26187 90000076900000294 90000076900000293 90000076900000305 90000076900000292 6.01075739884 -7.04938 -3.10547 2.11003
9.35194 90000076900000293 90000076900000291 90000076900000305 90000076900000290 5.52976580795 -10.7074 -8.89587 5.28967
9.39478 90000076900000291 90000076900000290 90000076900000305 90000076900000289 5.22758097313 -3.76783 -7.62918 -2.82738
9.52462 90000076900000290 90000076900000289 90000076900000305 90000076900000288 4.99593346816 -13.6303 -7.25963 8.66566
9.54651 90000076900000289 90000076900000288 90000076900000305 90000076900000287 4.93938066349 -10.1868 -12.0175 3.11315
9.68717 90000076900000288 90000076900000287 90000076900000305 90000076900000286 4.66451770247 -22.5843 -11.5118 13.1913
9.7354 90000076900000287 90000076900000286 90000076900000305 90000076900000285 4.42803373661 -24.2724 -15.3788 15.3397
9.81428 90000076900000286 90000076900000285 90000076900000305 90000076900000284 4.17683491473 -19.6969 -21.051 7.36254
9.84893 90000076900000285 90000076900000284 90000076900000305 90000076900000283 4.00794511147 -20.7467 -18.2125 8.70172
9.86169 90000076900000284 90000076900000283 90000076900000305 90000076900000282 3.93726108473 -20.4304 -16.6791 11.1531
9.8823 90000076900000283 90000076900000281 90000076900000305 90000076900000280 3.49086136926 -21.2464 -17.1279 9.92918
9.88614 90000076900000281 90000076900000280 90000076900000305 90000076900000279 3.28303305796 -20.802 -10.4653 3.49267
9.89371 90000076900000280 90000076900000279 90000076900000305 90000076900000278 3.08482263583 -19.1803 -17.907 7.95294
9.93355 90000076900000279 90000076900000277 90000076900000305 90000076900000276 2.89578500573 -13.7905 -14.5818 18.5098
9.94667 90000076900000277 90000076900000274 90000076900000305 90000076900000273 2.44422570455 -19.1355 -2.65345 13.6661
9.15956 90000076900000520 90000076900000519 90000076900000528 90000076900000518 7.00541704554 12.7287 -0.350659 5.00591
9.17946 90000076900000519 90000076900000517 90000076900000528 90000076900000516 6.49159774567 12.8518 -1.39719 4.98998
9.18376 90000076900000517 90000076900000515 90000076900000528 90000076900000514 6.01075739884 10.2203 -1.47382 2.21201
9.22262 90000076900000515 90000076900000514 90000076900000528 90000076900000513 5.84661374788 13.9516 -2.27511 2.22481
9.30923 90000076900000514 90000076900000513 90000076900000528 90000076900000512 5.52976580795 8.04978 -4.64467 -8.23153
9.42771 90000076900000513 90000076900000512 90000076900000528 90000076900000511 5.22758097313 13.6305 6.06239 0.256011
9.5026 90000076900000512 90000076900000511 90000076900000528 90000076900000510 4.99593346816 8.34802 -6.18991 8.93822
9.54465 90000076900000511 90000076900000510 90000076900000528 90000076900000509 4.93938066349 10.3699 -3.16345 10.0492
9.58975 90000076900000510 90000076900000509 90000076900000528 90000076900000508 4.66451770247 18.4889 -9.20225 8.79357
9.69118 90000076900000509 90000076900000508 90000076900000528 90000076900000507 4.42803373661 13.7837 -0.639793 9.96992
9.77499 90000076900000508 90000076900000507 90000076900000528 90000076900000506 4.17683491473 15.4741 -3.73237 8.08961
9.83002 90000076900000507 90000076900000506 90000076900000528 90000076900000505 4.00794511147 20.4344 -2.0494 8.37493
9.8697 90000076900000506 90000076900000505 90000076900000528 90000076900000504 3.93726108473 15.3411 -7.1461 5.24409
10.1128 90000076900000505 90000076900000504 90000076900000528 90000076900000503 3.70877426464 24.6663 -21.4589 -12.7764
10.1399 90000076900000504 90000076900000503 90000076900000528 90000076900000502 3.49086136926 9.00835 14.9539 -8.59624
10.1814 90000076900000503 90000076900000502 90000076900000528 90000076900000501 3.28303305796 6.50132 34.9779 -9.01722
10.2281 90000076900000502 90000076900000501 90000076900000528 90000076900000500 3.08482263583 15.0912 -5.67163 -2.17484
10.2541 90000076900000501 90000076900000500 90000076900000528 90000076900000499 3.00813107163 9.56936 -8.3672 3.33412
10.301 90000076900000500 90000076900000499 90000076900000528 90000076900000498 2.89578500573 12.7055 -33.6178 15.9536
10.3373 90000076900000499 90000076900000498 90000076900000528 90000076900000497 2.73314261732 8.35498 -19.0342 31.847
10.3422 90000076900000498 90000076900000497 90000076900000528 90000076900000496 2.5772902716 4.86336 -23.3158 20.7399
10.3739 90000076900000497 90000076900000496 90000076900000528 90000076900000495 2.44422570455 11.0311 -18.6457 20.5608
10.395 90000076900000496 90000076900000494 90000076900000528 90000076900000493 2.20792547238 5.87951 -13.6744 20.8949
10.3961 90000076900000494 90000076900000493 90000076900000528 90000076900000492 2.1032696526 9.78869 -11.4586 27.4975
10.4152 90000076900000493 90000076900000490 90000076900000528 90000076900000489 1.82268925262 -30.3954 -1.0179 2.0775
9.17729 90000076900000589 90000076900000588 90000076900000596 90000076900000587 4.93938066349 12.3266 13.2726 -3.63148
9.2087 90000076900000588 90000076900000587 90000076900000596 90000076900000586 4.66451770247 5.43077 13.1813 2.2276
9.23229 90000076900000587 90000076900000584 90000076900000596 90000076900000583 4.00794511147 7.24374 8.98876 -10.3233
9.0098 90000076900000725 90000076900000724 90000076900000739 90000076900000723 5.22758097313 -4.08316 2.95751 4.56341
9.03463 90000076900000724 90000076900000722 90000076900000739 90000076900000721 4.93938066349 -1.52876 3.4766 2.80788
9.05524 90000076900000722 90000076900000721 90000076900000739 90000076900000720 4.66451770247 -2.2812 1.90684 2.03434
9.0666 90000076900000721 90000076900000720 90000076900000739 90000076900000719 4.42803373661 -0.517501 2.15097 1.92569
9.0666 90000076900000720 90000076900000719 90000076900000739 90000076900000718 4.17683491473 0.359812 3.71368 -1.33805
9.1193 90000076900000719 90000076900000718 90000076900000739 90000076900000717 4.00794511147 -6.72152 11.6827 5.5642
9.13634 90000076900000718 90000076900000717 90000076900000739 90000076900000716 3.93726108473 -5.6948 10.7035 5.33065
9.03463 90000076900000839 90000076900000838 90000076900000845 90000076900000837 9.00233985416 0.635145 -2.51472 10.2241
9.03763 90000076900000838 90000076900000837 90000076900000845 90000076900000836 8.9079991856 0.363597 -2.65788 9.22717
9.09898 90000076900000837 90000076900000836 90000076900000845 90000076900000835 8.44947629437 1.51821 -0.746484 3.00956
9.13394 90000076900000836 90000076900000835 90000076900000845 90000076900000834 8.01217294887 2.67559 -2.72603 7.24603
9.26365 90000076900000835 90000076900000834 90000076900000845 90000076900000833 7.59510714987 1.6008 -3.35669 4.11591
9.38005 90000076900000834 90000076900000833 90000076900000845 90000076900000832 7.23627606617 1.8188 -1.43011 2.14411
9.41408 90000076900000833 90000076900000832 90000076900000845 90000076900000831 7.00541704554 2.88624 -0.397144 2.02098
9.44797 90000076900000832 90000076900000831 90000076900000845 90000076900000830 6.85511726265 2.34013 1.8521 1.85073
9.51675 90000076900000831 90000076900000830 90000076900000845 90000076900000829 6.49159774567 -0.463559 -1.80219 2.60874
9.57956 90000076900000830 90000076900000829 90000076900000845 90000076900000828 6.14490120342 2.24676 -3.2688 2.65767
9.58723 90000076900000829 90000076900000828 90000076900000845 90000076900000827 6.01075739884 0.739756 -3.3786 -0.309677
9.61899 90000076900000828 90000076900000827 90000076900000845 90000076900000826 5.84661374788 2.77075 -4.03838 -0.345925
9.64193 90000076900000827 90000076900000826 90000076900000845 90000076900000825 5.52976580795 4.39503 -3.63479 -4.9336
9.66866 90000076900000826 90000076900000825 90000076900000845 90000076900000824 5.22758097313 5.79715 -9.7878 -3.53295
9.71762 90000076900000825 90000076900000824 90000076900000845 90000076900000823 4.99593346816 4.63822 -8.77441 -3.84648
9.72322 90000076900000824 90000076900000822 90000076900000845 90000076900000821 4.66451770247 -0.909587 -19.0824 -9.02217
9.78098 90000076900000822 90000076900000821 90000076900000845 90000076900000820 4.42803373661 0.550774 -25.4737 -8.65437
9.83387 90000076900000821 90000076900000820 90000076900000845 90000076900000819 4.17683491473 -0.632634 -21.3804 -6.63939
9.86169 90000076900000820 90000076900000819 90000076900000845 90000076900000818 4.00794511147 -0.525349 -19.8383 -8.96088
9.8719 90000076900000819 90000076900000818 90000076900000845 90000076900000817 3.93726108473 4.70785 -25.6016 -2.99733
9.98143 90000076900000818 90000076900000817 90000076900000845 90000076900000816 3.70877426464 -4.52642 -19.6169 -15.2031
10.1962 90000076900000817 90000076900000815 90000076900000845 90000076900000814 3.28303305796 -23.8491 -26.3467 -31.8797
10.301 90000076900000815 90000076900000814 90000076900000845 90000076900000813 3.08482263583 -27.9223 -34.3865 -35.8606
10.3203 90000076900000814 90000076900000812 90000076900000845 90000076900000811 2.89578500573 -22.5761 -22.1171 -58.4463
10.3753 90000076900000812 90000076900000811 90000076900000845 90000076900000810 2.73314261732 -26.8769 -35.0236 -69.739
10.3832 90000076900000811 90000076900000806 90000076900000845 90000076900000805 2.1032696526 11.4401 -31.2605 -33.7789
10.4045 90000076900000806 90000076900000805 90000076900000845 90000076900000804 2.00202813925 10.4919 -37.5049 -35.0476
10.4261 90000076900000805 90000076900000804 90000076900000845 90000076900000803 1.90408954353 20.443 -33.6531 -61.2646
10.4298 90000076900000804 90000076900000803 90000076900000845 90000076900000802 1.82268925262 6.17276 -28.6966 -66.1329
10.4707 90000076900000803 90000076900000802 90000076900000845 90000076900000801 1.74357057433 13.2384 -24.3722 -86.149
11.1367 90000076900000802 90000076900000788 90000076900000845 90000076900000787 0.987852810816 -124.151 45.9036 7.24209
9.00337 90000076900000910 90000076900000909 90000076900000911 90000076900000908 7.59510714987 9.37377 -11.8852 6.74006
9.0316 90000076900000909 90000076900000908 90000076900000911 90000076900000907 7.23627606617 8.48234 -13.9632 4.14668
9.10415 90000076900000908 90000076900000907 90000076900000911 90000076900000906 7.00541704554 10.5991 -12.1999 9.38047
9.13871 90000076900000907 90000076900000906 90000076900000911 90000076900000905 6.85511726265 12.8247 -13.3041 12.8078
9.22457 90000076900000906 90000076900000905 90000076900000911 90000076900000904 6.49159774567 12.3733 -14.4806 5.92163
9.2361 90000076900000905 90000076900000904 90000076900000911 90000076900000903 6.14490120342 10.4412 -13.3998 3.99011
9.25648 90000076900000904 90000076900000903 90000076900000911 90000076900000902 6.01075739884 10.0624 -9.47544 4.07594
9.29951 90000076900000903 90000076900000902 90000076900000911 90000076900000901 5.84661374788 7.77676 -9.18912 1.33096
9.43974 90000076900000902 90000076900000901 90000076900000911 90000076900000900 5.52976580795 10.689 -12.5951 5.44304
9.57523 90000076900000901 90000076900000900 90000076900000911 90000076900000899 5.22758097313 1.62789 -8.94393 4.9881
9.74373 90000076900000900 90000076900000899 90000076900000911 90000076900000898 4.99593346816 -20.9842 11.9695 -0.243487
9.78475 90000076900000899 90000076900000897 90000076900000911 90000076900000896 4.66451770247 -17.8097 9.28308 5.46954
9.84428 90000076900000897 90000076900000896 90000076900000911 90000076900000895 4.42803373661 -14.5742 19.0293 -8.70335
9.91766 90000076900000896 90000076900000895 90000076900000911 90000076900000894 4.17683491473 -40.0278 19.4375 15.1147
9.99519 90000076900000895 90000076900000891 90000076900000911 90000076900000890 3.49086136926 -38.4852 -8.93616 -7.20653
9.01614 90000076900000964 90000076900000963 90000076900000982 90000076900000962 2.44422570455 4.41806 -2.20335 7.05509
9.09898 90000076900001162 90000076900001161 90000076900001174 90000076900001160 4.66451770247 8.24381 -13.7669 -1.11657
9.13634 90000076900001161 90000076900001153 90000076900001174 90000076900001152 3.08482263583 4.39518 -7.78799 -0.96427
9.15042 90000076900001153 90000076900001151 90000076900001174 90000076900001150 2.89578500573 5.65831 -6.67514 1.01077
9.17073 90000076900001151 90000076900001150 90000076900001174 90000076900001149 2.73314261732 2.83578 -7.16792 1.13463
9.25284 90000076900001150 90000076900001149 90000076900001174 90000076900001148 2.5772902716 0.854013 -11.8017 4.42657
9.26896 90000076900001149 90000076900001147 90000076900001174 90000076900001146 2.31611074396 -1.98658 -12.2206 4.06022
9.29124 90000076900001147 90000076900001146 90000076900001174 90000076900001145 2.20792547238 0.279069 -13.4956 3.82695
9.29457 90000076900001146 90000076900001145 90000076900001174 90000076900001144 2.1032696526 -0.982222 -10.8033 1.77647
9.32342 90000076900001145 90000076900001144 90000076900001174 90000076900001143 2.00202813925 -1.0277 -11.3231 5.34715
9.32342 90000076900001144 90000076900001143 90000076900001174 90000076900001142 1.90408954353 -2.20592 -13.0517 4.93204
9.32805 90000076900001143 90000076900001137 90000076900001174 90000076900001136 1.47197484527 -5.98164 -6.63915 11.8821
9.32958 90000076900001137 90000076900001135 90000076900001174 90000076900001134 1.3575766674 -1.53356 -6.37356 10.5792
9.35194 90000076900001135 90000076900001134 90000076900001174 90000076900001133 1.30237845991 -8.98839 -4.29721 14.04
9.01298 90000076900001362 90000076900001361 90000076900001366 90000076900001360 4.99593346816 -7.78924 1.50975 0.243603
9.0316 90000076900001361 90000076900001360 90000076900001366 90000076900001359 4.93938066349 -4.97508 0.403519 1.5996
9.08309 90000076900001360 90000076900001355 90000076900001366 90000076900001354 3.93726108473 -9.25154 0.498969 -1.23949
9.11431 90000076900001355 90000076900001354 90000076900001366 90000076900001353 3.70877426464 -9.957 1.2321 -0.999263
9.17946 90000076900001354 90000076900001353 90000076900001366 90000076900001352 3.49086136926 -0.860916 -1.31003 -2.84059
9.33866 90000076900001353 90000076900001352 90000076900001366 90000076900001351 3.28303305796 -8.87947 8.73841 -11.1922
9.35483 90000076900001352 90000076900001351 90000076900001366 90000076900001350 3.08482263583 -8.25386 6.58303 -9.90444
9.38412 90000076900001351 90000076900001348 90000076900001366 90000076900001347 2.73314261732 -5.56428 7.06377 -11.0573
9.39609 90000076900001348 90000076900001347 90000076900001366 90000076900001346 2.5772902716 -4.07979 3.60162 -6.21518
9.39871 90000076900001347 90000076900001345 90000076900001366 90000076900001344 2.31611074396 -5.06687 4.27678 -7.56543
9.42527 90000076900001345 90000076900001344 90000076900001366 90000076900001343 2.20792547238 -8.03407 4.80266 -4.73264
9.09111 90000076900001450 90000076900001449 90000076900001467 90000076900001448 4.17683491473 -6.09134 4.57076 6.77946
9.2742 90000076900001449 90000076900001448 90000076900001467 90000076900001447 4.00794511147 -6.11487 4.19214 7.14819
9.33111 90000076900001448 90000076900001446 90000076900001467 90000076900001445 3.70877426464 -13.1768 0.838391 -2.55059
9.43856 90000076900001446 90000076900001445 90000076900001467 90000076900001444 3.49086136926 -7.27463 -4.25277 8.3983
9.49116 90000076900001445 90000076900001444 90000076900001467 90000076900001443 3.28303305796 -4.17425 5.62058 19.5715
9.59059 90000076900001444 90000076900001443 90000076900001467 90000076900001442 3.08482263583 -3.89063 3.26055 30.727
9.61742 90000076900001443 90000076900001442 90000076900001467 90000076900001441 3.00813107163 -4.87144 -0.862073 24.7653
9.65005 90000076900001442 90000076900001441 90000076900001467 90000076900001440 2.89578500573 -15.5361 3.2377 27.846
9.65369 90000076900001441 90000076900001440 90000076900001467 90000076900001439 2.73314261732 -9.04393 -5.10551 23.4106
9.6804 90000076900001440 90000076900001439 90000076900001467 90000076900001438 2.5772902716 -6.28288 -1.03428 25.3103
9.69909 90000076900001439 90000076900001438 90000076900001467 90000076900001437 2.44422570455 -4.52176 -7.40657 16.2259
9.70039 90000076900001438 90000076900001430 90000076900001467 90000076900001429 1.66666955611 -8.66243 -8.38861 4.99841
9.71005 90000076900001430 90000076900001429 90000076900001467 90000076900001428 1.60423452207 -11.1588 -7.29631 3.5338
9.71195 90000076900001429 90000076900001427 90000076900001467 90000076900001426 1.47197484527 -5.77371 -8.04012 9.74434
9.75479 90000076900001427 90000076900001426 90000076900001467 90000076900001425 1.41409822037 7.99647 -5.03074 7.52009
9.75479 90000076900001426 90000076900001425 90000076900001467 90000076900001424 1.3575766674 6.58594 -8.63903 5.44773
9.76388 90000076900001425 90000076900001423 90000076900001467 90000076900001422 1.24847261425 5.13496 -6.98023 3.96206
9.77554 90000076900001423 90000076900001421 90000076900001467 90000076900001420 1.15460271236 11.3333 -1.02173 7.27204
9.79324 90000076900001421 90000076900001420 90000076900001467 90000076900001419 1.11415056377 8.09674 -0.958651 8.70073
9.79377 90000076900001420 90000076900001419 90000076900001467 90000076900001418 1.07445789455 8.92182 -3.63793 6.344
9.81026 90000076900001419 90000076900001418 90000076900001467 90000076900001417 1.03551044566 11.9903 0.186988 3.61127
9.81378 90000076900001418 90000076900001412 90000076900001467 90000076900001411 0.851470900625 8.65009 -10.0631 8.87784
9.81378 90000076900001412 90000076900001411 90000076900001467 90000076900001410 0.816709979012 6.35476 -12.3256 10.962
9.05524 90000076900001633 90000076900001632 90000076900001641 90000076900001631 4.00794511147 6.72326 -5.45679 3.96188
9.06939 90000076900001632 90000076900001631 90000076900001641 90000076900001630 3.93726108473 8.15651 -4.70124 1.05558
9.21869 90000076900001631 90000076900001630 90000076900001641 90000076900001629 3.70877426464 13.2315 -11.9813 3.73189
9.39081 90000076900001630 90000076900001629 90000076900001641 90000076900001628 3.49086136926 8.66647 -8.11121 -3.91168
9.43617 90000076900001629 90000076900001628 90000076900001641 90000076900001627 3.28303305796 4.79559 -4.92971 -2.90201
9.45719 90000076900001628 90000076900001627 90000076900001641 90000076900001626 3.08482263583 6.57191 -2.11007 -3.02435
9.46733 90000076900001627 90000076900001626 90000076900001641 90000076900001625 3.00813107163 5.11899 -2.21263 -5.05773
9.51873 90000076900001626 90000076900001625 90000076900001641 90000076900001624 2.89578500573 4.66933 -5.63199 -7.62464
9.53902 90000076900001625 90000076900001624 90000076900001641 90000076900001623 2.73314261732 7.04904 -5.98453 -1.52852
9.54465 90000076900001624 90000076900001623 90000076900001641 90000076900001622 2.5772902716 7.48005 -11.4246 -5.38439
9.58553 90000076900001623 90000076900001617 90000076900001641 90000076900001616 1.90408954353 19.4335 5.27781 5.44886
9.59059 90000076900001617 90000076900001616 90000076900001641 90000076900001615 1.82268925262 16.5152 2.99461 3.6496
9.62368 90000076900001616 90000076900001615 90000076900001641 90000076900001614 1.74357057433 22.1521 6.99262 8.45939
9.68918 90000076900001615 90000076900001614 90000076900001641 90000076900001613 1.66666955611 17.8446 -11.2321 -0.0785436
9.717 90000076900001614 90000076900001612 90000076900001641 90000076900001611 1.53123902916 -1.74561 -37.4469 -11.6861
9.74137 90000076900001612 90000076900001611 90000076900001641 90000076900001610 1.47197484527 8.88714 -20.4814 -0.390793
9.76724 90000076900001611 90000076900001608 90000076900001641 90000076900001607 1.30237845991 15.3518 -21.6646 5.25429
9.7826 90000076900001608 90000076900001607 90000076900001641 90000076900001606 1.24847261425 16.722 -24.9618 2.65936
9.82075 90000076900001607 90000076900001606 90000076900001641 90000076900001605 1.20625808078 28.4957 -33.8317 16.3408
9.82419 90000076900001606 90000076900001605 90000076900001641 90000076900001604 1.15460271236 27.0171 -29.1453 17.554
9.84147 90000076900001605 90000076900001600 90000076900001641 90000076900001599 0.987852810816 31.5488 -14.3609 15.6464
9.85307 90000076900001600 90000076900001599 90000076900001641 90000076900001598 0.950531351585 31.343 -19.8917 11.5617
9.85353 90000076900001599 90000076900001597 90000076900001641 90000076900001596 0.886896937575 34.3464 -8.06251 8.26567
9.05235 90000076900001799 90000076900001798 90000076900001816 90000076900001797 0.950531351585 -4.14044 -56.0391 18.6234
