logMh | fpID | subhaloID | main leaf ID | descID |  z
9.14811 90000060900000100 90000060900000099 90000060900000108 90000060900000098 8.9079991856 -3.26636 -6.28787 0.891782
9.2929 90000060900000099 90000060900000098 90000060900000108 90000060900000097 8.44947629437 9.58859 -5.05119 3.52153
9.37181 90000060900000098 90000060900000096 90000060900000108 90000060900000095 7.59510714987 5.99432 -2.89087 2.94164
9.45376 90000060900000096 90000060900000095 90000060900000108 90000060900000094 7.23627606617 -2.15131 -1.63598 0.522301
9.49011 90000060900000095 90000060900000094 90000060900000108 90000060900000093 7.00541704554 -4.43337 -4.44883 0.593557
9.52267 90000060900000094 90000060900000093 90000060900000108 90000060900000092 6.85511726265 0.918056 -6.74029 8.04918
9.54928 90000060900000093 90000060900000092 90000060900000108 90000060900000091 6.49159774567 -2.37441 -2.68808 4.79968
9.64785 90000060900000092 90000060900000091 90000060900000108 90000060900000090 6.14490120342 -0.654976 -11.7232 4.98272
9.66725 90000060900000091 90000060900000090 90000060900000108 90000060900000089 6.01075739884 -4.67156 -21.2509 4.65954
9.71385 90000060900000090 90000060900000089 90000060900000108 90000060900000088 5.84661374788 -9.47475 -22.1039 4.9617
9.74667 90000060900000089 90000060900000088 90000060900000108 90000060900000087 5.52976580795 -6.44122 -25.4724 11.3575
9.81227 90000060900000088 90000060900000087 90000060900000108 90000060900000086 5.22758097313 -14.0606 -30.8316 8.6315
9.86705 90000060900000087 90000060900000086 90000060900000108 90000060900000085 4.99593346816 -26.382 -19.3493 4.38989
9.88614 90000060900000086 90000060900000085 90000060900000108 90000060900000084 4.93938066349 -22.2688 -16.5672 13.3186
9.9882 90000060900000085 90000060900000084 90000060900000108 90000060900000083 4.66451770247 -42.2503 -36.4567 -7.37663
10.1455 90000060900000084 90000060900000083 90000060900000108 90000060900000082 4.42803373661 -28.299 -32.9809 -32.3636
10.3063 90000060900000083 90000060900000080 90000060900000108 90000060900000079 3.93726108473 24.8037 58.0006 -21.1473
10.3736 90000060900000080 90000060900000079 90000060900000108 90000060900000078 3.70877426464 49.5694 66.6733 -16.0952
10.6948 90000060900000079 90000060900000077 90000060900000108 90000060900000076 3.28303305796 83.3053 136.894 -77.1735
10.7429 90000060900000077 90000060900000076 90000060900000108 90000060900000075 3.08482263583 77.1112 127.313 -85.5751
10.7991 90000060900000076 90000060900000075 90000060900000108 90000060900000074 3.00813107163 45.2458 66.8227 -47.8315
10.8876 90000060900000075 90000060900000074 90000060900000108 90000060900000073 2.89578500573 54.6772 51.1824 -42.4427
10.9477 90000060900000074 90000060900000073 90000060900000108 90000060900000072 2.73314261732 88.5594 30.3864 -14.1268
11.0026 90000060900000073 90000060900000072 90000060900000108 90000060900000071 2.5772902716 76.0555 24.6762 -1.62039
11.0256 90000060900000072 90000060900000071 90000060900000108 90000060900000070 2.44422570455 75.515 26.0753 0.229266
11.0636 90000060900000071 90000060900000070 90000060900000108 90000060900000069 2.31611074396 78.3399 8.75753 -14.8806
11.0675 90000060900000070 90000060900000069 90000060900000108 90000060900000068 2.20792547238 65.0761 5.4249 -32.836
11.0736 90000060900000069 90000060900000061 90000060900000108 90000060900000060 1.53123902916 35.1887 50.8948 -31.1107
11.0835 90000060900000061 90000060900000060 90000060900000108 90000060900000059 1.47197484527 41.931 55.7111 -21.6429
11.1006 90000060900000060 90000060900000059 90000060900000108 90000060900000058 1.41409822037 55.7263 54.5879 4.2324
11.1179 90000060900000059 90000060900000058 90000060900000108 90000060900000057 1.3575766674 87.2321 55.745 30.8322
11.1242 90000060900000058 90000060900000057 90000060900000108 90000060900000056 1.30237845991 117.863 24.6622 55.7682
11.1371 90000060900000057 90000060900000056 90000060900000108 90000060900000055 1.24847261425 141.442 36.5151 65.3195
11.1413 90000060900000056 90000060900000055 90000060900000108 90000060900000054 1.20625808078 149.764 36.5406 54.033
11.1615 90000060900000055 90000060900000054 90000060900000108 90000060900000053 1.15460271236 131.746 51.6538 52.3292
11.1699 90000060900000054 90000060900000053 90000060900000108 90000060900000052 1.11415056377 146.107 34.6522 46.1455
11.1846 90000060900000053 90000060900000052 90000060900000108 90000060900000051 1.07445789455 133.92 22.9838 59.1392
11.2024 90000060900000052 90000060900000051 90000060900000108 90000060900000050 1.03551044566 156.206 -46.543 20.3485
11.205 90000060900000051 90000060900000050 90000060900000108 90000060900000049 0.997294225782 154.309 -61.4556 24.7155
11.2088 90000060900000050 90000060900000049 90000060900000108 90000060900000048 0.987852810816 154.007 -50.0241 26.8916
11.222 90000060900000049 90000060900000048 90000060900000108 90000060900000047 0.950531351585 151.427 -106.419 -23.4698
11.2287 90000060900000048 90000060900000047 90000060900000108 90000060900000046 0.923000816178 161.388 -182.865 -62.2927
11.2348 90000060900000047 90000060900000046 90000060900000108 90000060900000045 0.886896937575 159.573 -146.733 -39.7915
11.2505 90000060900000046 90000060900000045 90000060900000108 90000060900000044 0.851470900625 175.641 -210.248 -76.9482
11.256 90000060900000045 90000060900000044 90000060900000108 90000060900000043 0.816709979012 163.14 -219.765 -72.2394
11.2649 90000060900000044 90000060900000043 90000060900000108 90000060900000042 0.791068248946 194.348 -255.591 -101.796
11.2725 90000060900000043 90000060900000042 90000060900000108 90000060900000041 0.757441372616 202.836 -272.221 -116.27
11.275 90000060900000042 90000060900000041 90000060900000108 90000060900000040 0.732636182022 204.748 -247.433 -118.705
11.2926 90000060900000041 90000060900000040 90000060900000108 90000060900000039 0.700106353719 211.097 -300.848 -164.296
11.3098 90000060900000040 90000060900000039 90000060900000108 90000060900000038 0.676110411213 224.385 -318.934 -199.503
11.3361 90000060900000039 90000060900000038 90000060900000108 90000060900000037 0.644641840685 182.794 -304.943 -221.146
11.3451 90000060900000038 90000060900000037 90000060900000108 90000060900000036 0.621428745243 173.063 -308.766 -211.916
11.354 90000060900000037 90000060900000036 90000060900000108 90000060900000035 0.598543288188 172.38 -285.766 -207.436
11.3622 90000060900000036 90000060900000035 90000060900000108 90000060900000034 0.575980845108 186.197 -302.555 -226.141
11.3701 90000060900000035 90000060900000034 90000060900000108 90000060900000033 0.546392183141 147.756 -255.396 -216.294
11.3744 90000060900000034 90000060900000033 90000060900000108 90000060900000032 0.524565820434 152.187 -260.409 -234.408
11.3813 90000060900000033 90000060900000032 90000060900000108 90000060900000031 0.503047523245 121.616 -234.554 -240.766
11.386 90000060900000032 90000060900000031 90000060900000108 90000060900000030 0.481832943421 133.588 -228.994 -270.158
11.3983 90000060900000031 90000060900000030 90000060900000108 90000060900000029 0.460917794181 113.019 -259.421 -284.995
11.4074 90000060900000030 90000060900000026 90000060900000108 90000060900000025 0.38016786726 133.435 -245.772 -228.434
11.4125 90000060900000026 90000060900000025 90000060900000108 90000060900000024 0.360687657262 108.911 -249.328 -192.49
11.4168 90000060900000025 90000060900000024 90000060900000108 90000060900000023 0.347853841858 108.996 -270.502 -207.043
11.4317 90000060900000024 90000060900000023 90000060900000108 90000060900000022 0.328829724206 113.795 -243.424 -222.99
11.4324 90000060900000023 90000060900000022 90000060900000108 90000060900000021 0.310074120128 101.69 -242.942 -219.704
11.435 90000060900000022 90000060900000020 90000060900000108 90000060900000019 0.273353346578 134.455 -258.94 -267.796
11.4371 90000060900000020 90000060900000015 90000060900000108 90000060900000014 0.197284182376 166.047 -257.437 -253.667
11.4458 90000060900000015 90000060900000014 90000060900000108 90000060900000013 0.180385261706 167.516 -268.781 -260.295
11.4494 90000060900000014 90000060900000013 90000060900000108 90000060900000012 0.169252033244 160.35 -267.513 -261.4
11.4507 90000060900000013 90000060900000012 90000060900000108 90000060900000011 0.152748768902 147.03 -272.991 -262.84
11.4512 90000060900000012 90000060900000000 90000060900000108 -1 2.22044604925e-16 118.025 -282.329 -263.64
9.18589 90000060900000166 90000060900000165 90000060900000174 90000060900000164 6.14490120342 -8.1222 2.14497 11.0455
9.25466 90000060900000165 90000060900000164 90000060900000174 90000060900000163 6.01075739884 -11.4275 0.742972 11.6129
9.29124 90000060900000164 90000060900000163 90000060900000174 90000060900000162 5.84661374788 -9.09581 -4.69208 8.12108
9.57087 90000060900000163 90000060900000160 90000060900000174 90000060900000159 4.99593346816 4.40368 -11.3393 -6.73357
9.63593 90000060900000160 90000060900000159 90000060900000174 90000060900000158 4.93938066349 9.25541 -14.3391 3.71076
9.02548 90000060900000243 90000060900000242 90000060900000251 90000060900000241 6.49159774567 2.9116 -6.66299 0.811025
9.23799 90000060900000242 90000060900000238 90000060900000251 90000060900000237 5.52976580795 -2.66889 -11.0782 7.84632
9.03463 90000060900000404 90000060900000403 90000060900000408 90000060900000402 10.9190331982 -0.279533 1.22801 -0.713956
9.06939 90000060900000403 90000060900000402 90000060900000408 90000060900000401 10.3674435724 1.35274 0.103357 -0.486657
9.1663 90000060900000402 90000060900000401 90000060900000408 90000060900000400 9.99659046619 2.30334 -1.68035 -2.42477
9.31083 90000060900000401 90000060900000399 90000060900000408 90000060900000398 9.38877127194 4.73995 0.642866 -2.08243
9.36199 90000060900000399 90000060900000398 90000060900000408 90000060900000397 9.00233985416 6.52996 -0.560491 -3.53995
9.39871 90000060900000398 90000060900000397 90000060900000408 90000060900000396 8.9079991856 4.58994 -0.921438 -3.76385
9.4503 90000060900000397 90000060900000396 90000060900000408 90000060900000395 8.44947629437 6.55637 -1.19578 -3.69165
9.50158 90000060900000396 90000060900000395 90000060900000408 90000060900000394 8.01217294887 6.04099 -1.02922 -3.95159
9.55478 90000060900000395 90000060900000394 90000060900000408 90000060900000393 7.59510714987 6.12532 0.100284 -3.87968
9.60218 90000060900000394 90000060900000393 90000060900000408 90000060900000392 7.23627606617 5.10136 -0.691633 -2.04996
9.6229 90000060900000393 90000060900000392 90000060900000408 90000060900000391 7.00541704554 6.24257 0.163898 -1.76214
9.64119 90000060900000392 90000060900000391 90000060900000408 90000060900000390 6.85511726265 5.31603 0.252298 -0.921749
9.7226 90000060900000391 90000060900000390 90000060900000408 90000060900000389 6.49159774567 5.43635 4.88001 0.970833
9.78742 90000060900000390 90000060900000389 90000060900000408 90000060900000388 6.14490120342 9.03547 4.81938 4.95504
9.82222 90000060900000389 90000060900000388 90000060900000408 90000060900000387 6.01075739884 15.2702 8.16154 4.2566
9.88486 90000060900000388 90000060900000387 90000060900000408 90000060900000386 5.84661374788 31.984 14.9866 18.3027
9.95653 90000060900000387 90000060900000386 90000060900000408 90000060900000385 5.52976580795 38.8574 15.6453 11.4834
10.0604 90000060900000386 90000060900000385 90000060900000408 90000060900000384 5.22758097313 43.7152 14.6751 15.2325
10.0744 90000060900000385 90000060900000384 90000060900000408 90000060900000383 4.99593346816 45.5892 4.30222 5.16334
10.0966 90000060900000384 90000060900000383 90000060900000408 90000060900000382 4.93938066349 46.3111 7.92653 4.07289
10.196 90000060900000383 90000060900000382 90000060900000408 90000060900000381 4.66451770247 51.04 -2.76941 -15.508
10.1983 90000060900000382 90000060900000381 90000060900000408 90000060900000380 4.42803373661 35.3571 15.2379 2.33733
10.2399 90000060900000381 90000060900000380 90000060900000408 90000060900000379 4.17683491473 44.3261 19.5254 -15.7064
10.3146 90000060900000380 90000060900000379 90000060900000408 90000060900000378 4.00794511147 62.261 32.3148 -3.96462
10.6543 90000060900000379 90000060900000376 90000060900000408 90000060900000375 3.49086136926 102.844 179.431 -50.7943
9.03763 90000060900000442 90000060900000441 90000060900000450 90000060900000440 6.14490120342 5.56086 -1.17793 -9.65659
9.01614 90000060900000475 90000060900000474 90000060900000482 90000060900000473 4.99593346816 9.1554 -2.25101 -4.31091
9.01614 90000060900000474 90000060900000473 90000060900000482 90000060900000472 4.93938066349 8.53332 -2.48941 -3.81993
9.0316 90000060900000536 90000060900000535 90000060900000544 90000060900000534 5.22758097313 -2.87701 1.04642 1.98124
9.04653 90000060900000535 90000060900000533 90000060900000544 90000060900000532 4.93938066349 -3.4567 3.101 6.01197
9.13394 90000060900000533 90000060900000531 90000060900000544 90000060900000530 4.42803373661 -10.867 -0.502862 1.90097
9.19641 90000060900000531 90000060900000530 90000060900000544 90000060900000529 4.17683491473 -4.55623 0.670448 -1.73652
9.19848 90000060900000530 90000060900000529 90000060900000544 90000060900000528 4.00794511147 -6.41997 2.55116 -3.03222
9.21671 90000060900000529 90000060900000527 90000060900000544 90000060900000526 3.70877426464 -7.86915 2.46589 -5.1871
9.27246 90000060900000527 90000060900000526 90000060900000544 90000060900000525 3.49086136926 -16.2581 3.78397 -5.4804
9.38948 90000060900000526 90000060900000524 90000060900000544 90000060900000523 3.08482263583 -15.6999 2.13931 5.49766
9.09898 90000060900000595 90000060900000594 90000060900000602 90000060900000593 7.23627606617 12.2493 20.9175 14.5376
9.14811 90000060900000594 90000060900000593 90000060900000602 90000060900000592 7.00541704554 11.018 21.4167 15.6406
9.15956 90000060900000593 90000060900000588 90000060900000602 90000060900000587 5.84661374788 -1.91941 5.12089 3.22406
9.34313 90000060900000588 90000060900000587 90000060900000602 90000060900000586 5.52976580795 -13.8213 12.9658 -3.15445
9.75936 90000060900000587 90000060900000585 90000060900000602 90000060900000584 4.99593346816 -9.91512 -11.2486 8.94208
9.76557 90000060900000585 90000060900000584 90000060900000602 90000060900000583 4.93938066349 -1.76374 -11.4384 9.18484
9.78206 90000060900000584 90000060900000583 90000060900000602 90000060900000582 4.66451770247 -7.14502 -8.96433 1.4413
9.81378 90000060900000583 90000060900000582 90000060900000602 90000060900000581 4.42803373661 -2.6398 -8.9722 -5.1397
9.94593 90000060900000582 90000060900000581 90000060900000602 90000060900000580 4.17683491473 18.5789 -23.6098 13.1604
9.9975 90000060900000581 90000060900000579 90000060900000602 90000060900000578 3.93726108473 27.4924 -18.8964 7.29507
10.0972 90000060900000579 90000060900000578 90000060900000602 90000060900000577 3.70877426464 39.4478 -20.6131 0.669306
10.1833 90000060900000578 90000060900000577 90000060900000602 90000060900000576 3.49086136926 39.4533 -23.7788 2.89138
10.2143 90000060900000577 90000060900000576 90000060900000602 90000060900000575 3.28303305796 34.2998 -29.2254 -0.468707
10.2559 90000060900000576 90000060900000575 90000060900000602 90000060900000574 3.08482263583 17.5795 -34.6613 -2.15597
9.04653 90000060900000622 90000060900000621 90000060900000628 90000060900000620 7.00541704554 -13.2743 -4.51895 5.37527
9.14344 90000060900000621 90000060900000620 90000060900000628 90000060900000619 6.85511726265 -8.11765 -4.90114 -0.759539
9.22066 90000060900000620 90000060900000619 90000060900000628 90000060900000618 6.49159774567 -14.4185 -16.5796 -2.68746
9.29124 90000060900000619 90000060900000618 90000060900000628 90000060900000617 6.14490120342 -4.76431 -18.2037 -2.73016
9.32342 90000060900000618 90000060900000616 90000060900000628 90000060900000615 5.84661374788 -5.74567 -17.4774 -2.69392
9.69184 90000060900000616 90000060900000614 90000060900000628 90000060900000613 5.22758097313 -0.912765 -14.2574 6.54172
9.38547 90000060900000657 90000060900000656 90000060900000663 90000060900000655 7.23627606617 5.29498 8.07726 7.47414
9.42649 90000060900000656 90000060900000655 90000060900000663 90000060900000654 7.00541704554 14.904 2.24923 -3.10522
9.61026 90000060900000655 90000060900000649 90000060900000663 90000060900000648 5.52976580795 25.1136 -0.171008 -8.41887
9.64342 90000060900000649 90000060900000648 90000060900000663 90000060900000647 5.22758097313 29.2723 -0.747417 -10.5148
9.67284 90000060900000648 90000060900000647 90000060900000663 90000060900000646 4.99593346816 26.0179 -5.35794 -8.12694
9.67629 90000060900000647 90000060900000646 90000060900000663 90000060900000645 4.93938066349 28.0786 -4.89764 -7.69861
9.74314 90000060900000646 90000060900000645 90000060900000663 90000060900000644 4.66451770247 21.3259 -1.52846 -13.1355
9.75765 90000060900000645 90000060900000644 90000060900000663 90000060900000643 4.42803373661 12.5492 -1.02339 -0.489391
9.98685 90000060900000644 90000060900000642 90000060900000663 90000060900000641 4.00794511147 37.117 -22.1719 -5.70055
9.39346 90000060900000673 90000060900000672 90000060900000679 90000060900000671 6.14490120342 14.3883 8.16862 1.57547
9.53236 90000060900000672 90000060900000671 90000060900000679 90000060900000670 6.01075739884 19.8613 5.39065 -12.9328
9.03463 90000060900000841 90000060900000840 90000060900000849 90000060900000839 6.14490120342 4.25711 2.00935 -5.12842
9.04945 90000060900000840 90000060900000839 90000060900000849 90000060900000838 6.01075739884 4.7347 -2.17567 -8.23302
9.08038 90000060900000839 90000060900000838 90000060900000849 90000060900000837 5.84661374788 3.61232 -2.8625 -2.24455
9.12424 90000060900000838 90000060900000837 90000060900000849 90000060900000836 5.52976580795 3.42222 -3.0335 -3.94932
9.19223 90000060900000837 90000060900000836 90000060900000849 90000060900000835 5.22758097313 6.76027 -1.04333 -5.20342
9.20668 90000060900000836 90000060900000835 90000060900000849 90000060900000834 4.99593346816 8.09564 -1.01668 -4.07151
9.24362 90000060900000835 90000060900000834 90000060900000849 90000060900000833 4.93938066349 5.5941 -1.22976 -3.62839
9.25828 90000060900000834 90000060900000833 90000060900000849 90000060900000832 4.66451770247 5.52644 -3.2069 -3.82861
9.2845 90000060900000833 90000060900000832 90000060900000849 90000060900000831 4.42803373661 8.76218 0.737762 -4.9248
9.31874 90000060900000832 90000060900000830 90000060900000849 90000060900000829 4.00794511147 9.82588 2.52835 -1.55457
9.27938 90000060900001164 90000060900001163 90000060900001173 90000060900001162 5.52976580795 3.21844 -17.5388 -16.422
9.42893 90000060900001163 90000060900001162 90000060900001173 90000060900001161 5.22758097313 3.91803 -43.3973 -31.2725
9.49744 90000060900001162 90000060900001160 90000060900001173 90000060900001159 4.93938066349 6.33387 -48.7939 -29.0717
9.51275 90000060900001160 90000060900001157 90000060900001173 90000060900001156 4.17683491473 0.0858594 -12.7299 -16.9269
9.57175 90000060900001157 90000060900001156 90000060900001173 90000060900001155 4.00794511147 10.3459 -26.1497 -20.1346
9.6182 90000060900001156 90000060900001155 90000060900001173 90000060900001154 3.93726108473 19.1534 -28.7142 -26.8562
9.63214 90000060900001155 90000060900001154 90000060900001173 90000060900001153 3.70877426464 28.6251 -20.5311 -26.8773
9.65514 90000060900001154 90000060900001153 90000060900001173 90000060900001152 3.49086136926 24.5051 -17.0372 -27.5112
9.68176 90000060900001153 90000060900001152 90000060900001173 90000060900001151 3.28303305796 12.6578 -15.9258 -37.9858
9.74667 90000060900001152 90000060900001151 90000060900001173 90000060900001150 3.08482263583 14.3529 -15.5775 -41.4949
9.7678 90000060900001151 90000060900001148 90000060900001173 90000060900001147 2.73314261732 17.1379 -17.6034 -50.906
9.79061 90000060900001148 90000060900001146 90000060900001173 90000060900001145 2.44422570455 0.142306 -25.6549 -51.2533
9.83863 90000060900001146 90000060900001145 90000060900001173 90000060900001144 2.31611074396 6.11307 -21.3044 -50.4344
9.84428 90000060900001145 90000060900001144 90000060900001173 90000060900001143 2.20792547238 6.30771 -20.4538 -37.4314
9.86393 90000060900001144 90000060900001141 90000060900001173 90000060900001140 1.90408954353 16.4085 -20.0264 -37.6762
9.90075 90000060900001141 90000060900001139 90000060900001173 90000060900001138 1.74357057433 9.03265 -13.3995 -34.2393
9.90484 90000060900001139 90000060900001138 90000060900001173 90000060900001137 1.66666955611 10.8038 -14.5148 -36.5176
9.9212 90000060900001138 90000060900001137 90000060900001173 90000060900001136 1.60423452207 9.67487 -16.8827 -36.2425
9.92703 90000060900001137 90000060900001136 90000060900001173 90000060900001135 1.53123902916 7.84392 -17.0488 -34.6326
9.92973 90000060900001136 90000060900001135 90000060900001173 90000060900001134 1.47197484527 4.85489 -17.9328 -39.6457
9.01298 90000060900001382 90000060900001381 90000060900001397 90000060900001380 4.00794511147 3.58678 -4.88397 0.397377
9.05235 90000060900001381 90000060900001380 90000060900001397 90000060900001379 3.93726108473 5.45219 -7.58939 2.80773
9.07766 90000060900001380 90000060900001378 90000060900001397 90000060900001377 3.49086136926 4.41712 -4.01477 4.82507
9.08309 90000060900001378 90000060900001377 90000060900001397 90000060900001376 3.28303305796 6.477 -5.15749 6.24394
9.09111 90000060900001377 90000060900001375 90000060900001397 90000060900001374 3.00813107163 3.43404 -7.87276 4.65903
9.10157 90000060900001375 90000060900001374 90000060900001397 90000060900001373 2.89578500573 2.47488 -6.73778 5.49923
9.1193 90000060900001374 90000060900001373 90000060900001397 90000060900001372 2.73314261732 -0.923169 -9.80786 7.67532
9.13634 90000060900001373 90000060900001372 90000060900001397 90000060900001371 2.5772902716 -0.273114 -9.20096 6.66248
9.14344 90000060900001372 90000060900001370 90000060900001397 90000060900001369 2.31611074396 -0.242402 -7.97544 7.67069
9.15502 90000060900001370 90000060900001369 90000060900001397 90000060900001368 2.20792547238 6.02966 -5.46548 5.64915
9.15502 90000060900001369 90000060900001365 90000060900001397 90000060900001364 1.82268925262 9.43766 -7.42596 7.41628
9.01928 90000060900001788 90000060900001787 90000060900001790 90000060900001786 9.00233985416 -1.49044 0.498411 1.618
9.02239 90000060900001787 90000060900001786 90000060900001790 90000060900001785 8.9079991856 -1.89161 0.500242 1.6148
9.10926 90000060900001786 90000060900001785 90000060900001790 90000060900001784 8.44947629437 -4.91224 1.08882 -1.04566
9.22651 90000060900001785 90000060900001784 90000060900001790 90000060900001783 8.01217294887 -8.37434 4.88239 -4.99544
9.36056 90000060900001784 90000060900001783 90000060900001790 90000060900001782 7.59510714987 1.45781 -1.39402 0.205724
9.42157 90000060900001783 90000060900001782 90000060900001790 90000060900001781 7.23627606617 -0.13368 -1.22849 -0.532058
9.48265 90000060900001782 90000060900001781 90000060900001790 90000060900001780 7.00541704554 -1.75996 -0.188592 -2.02783
9.56021 90000060900001781 90000060900001780 90000060900001790 90000060900001779 6.85511726265 0.338845 -0.431033 1.82578
9.59477 90000060900001780 90000060900001779 90000060900001790 90000060900001778 6.49159774567 -1.024 -0.992517 0.11497
9.62677 90000060900001779 90000060900001778 90000060900001790 90000060900001777 6.14490120342 -1.82116 -1.08038 1.11529
9.64342 90000060900001778 90000060900001777 90000060900001790 90000060900001776 6.01075739884 -0.769885 -1.98043 1.66043
9.67698 90000060900001777 90000060900001776 90000060900001790 90000060900001775 5.84661374788 2.58147 -2.45839 1.27863
9.72813 90000060900001776 90000060900001775 90000060900001790 90000060900001774 5.52976580795 0.167438 -1.15716 2.11618
9.75017 90000060900001775 90000060900001774 90000060900001790 90000060900001773 5.22758097313 0.676873 -3.08318 2.73773
9.78795 90000060900001774 90000060900001773 90000060900001790 90000060900001772 4.99593346816 -0.293959 0.18257 -0.323409
9.80823 90000060900001773 90000060900001772 90000060900001790 90000060900001771 4.93938066349 10.723 2.04105 -3.52244
9.86482 90000060900001772 90000060900001771 90000060900001790 90000060900001770 4.66451770247 9.92666 0.604933 1.40411
9.88614 90000060900001771 90000060900001770 90000060900001790 90000060900001769 4.42803373661 7.53281 2.14987 2.71921
9.93696 90000060900001770 90000060900001769 90000060900001790 90000060900001768 4.17683491473 12.3998 1.27428 3.78162
9.94998 90000060900001769 90000060900001768 90000060900001790 90000060900001767 4.00794511147 10.6083 3.51898 3.09563
9.98685 90000060900001768 90000060900001766 90000060900001790 90000060900001765 3.70877426464 10.1399 3.41501 6.29235
10.0506 90000060900001766 90000060900001765 90000060900001790 90000060900001764 3.49086136926 5.16546 15.2004 8.58782
10.1128 90000060900001765 90000060900001764 90000060900001790 90000060900001763 3.28303305796 7.16635 31.5832 -0.611753
10.1777 90000060900001764 90000060900001763 90000060900001790 90000060900001762 3.08482263583 6.55759 55.6229 -18.1754
10.197 90000060900001763 90000060900001762 90000060900001790 90000060900001761 3.00813107163 -2.17454 60.5171 -10.0865
10.2127 90000060900001762 90000060900001761 90000060900001790 90000060900001760 2.89578500573 5.11445 57.0593 -10.7095
10.2548 90000060900001761 90000060900001760 90000060900001790 90000060900001759 2.73314261732 17.4274 60.1225 -18.9708
10.2992 90000060900001760 90000060900001759 90000060900001790 90000060900001758 2.5772902716 19.8237 59.6914 -26.5112
10.3036 90000060900001759 90000060900001758 90000060900001790 90000060900001757 2.44422570455 16.2557 58.3645 -28.0095
10.3226 90000060900001758 90000060900001757 90000060900001790 90000060900001756 2.31611074396 14.2472 63.2548 -27.6659
10.3344 90000060900001757 90000060900001756 90000060900001790 90000060900001755 2.20792547238 9.62701 65.9032 -33.6492
10.3694 90000060900001756 90000060900001755 90000060900001790 90000060900001754 2.1032696526 14.5458 64.9657 -33.6448
10.3749 90000060900001755 90000060900001751 90000060900001790 90000060900001750 1.74357057433 13.7213 76.4792 -6.00929
10.3939 90000060900001751 90000060900001750 90000060900001790 90000060900001749 1.66666955611 13.3914 74.6134 -1.57673
10.4121 90000060900001750 90000060900001749 90000060900001790 90000060900001748 1.60423452207 17.5082 73.1732 -4.47906
10.4205 90000060900001749 90000060900001747 90000060900001790 90000060900001746 1.47197484527 7.75298 45.8443 3.4946
10.426 90000060900001747 90000060900001746 90000060900001790 90000060900001745 1.41409822037 20.8096 51.3456 -3.90251
10.4412 90000060900001746 90000060900001745 90000060900001790 90000060900001744 1.3575766674 22.4605 51.4351 -3.54081
10.4469 90000060900001745 90000060900001744 90000060900001790 90000060900001743 1.30237845991 25.3631 55.6595 -8.07543
10.4483 90000060900001744 90000060900001739 90000060900001790 90000060900001738 1.07445789455 9.60229 49.5169 -40.7912
9.01928 90000060900001843 90000060900001842 90000060900001852 90000060900001841 4.17683491473 -3.72561 -4.76592 1.89722
9.08578 90000060900001842 90000060900001841 90000060900001852 90000060900001840 4.00794511147 -7.88809 -4.74989 5.25345
9.09375 90000060900001841 90000060900001840 90000060900001852 90000060900001839 3.93726108473 -7.46976 -3.22621 6.0996
9.12424 90000060900001840 90000060900001839 90000060900001852 90000060900001838 3.70877426464 -6.32554 -0.0538358 4.81263
9.17512 90000060900001839 90000060900001838 90000060900001852 90000060900001837 3.49086136926 -7.56638 -2.40943 6.12764
9.05235 90000060900001868 90000060900001867 90000060900001879 90000060900001866 4.42803373661 -0.16285 2.11125 -3.05995
9.0666 90000060900001867 90000060900001866 90000060900001879 90000060900001865 4.17683491473 1.56471 4.75059 -2.39471
9.0666 90000060900001866 90000060900001864 90000060900001879 90000060900001863 3.93726108473 -1.83268 5.74457 1.77193
9.08309 90000060900001864 90000060900001863 90000060900001879 90000060900001862 3.70877426464 -0.206747 3.90067 -0.602646
9.10926 90000060900001863 90000060900001861 90000060900001879 90000060900001860 3.28303305796 -0.579196 3.38726 1.81863
9.14108 90000060900001861 90000060900001860 90000060900001879 90000060900001859 3.08482263583 1.30433 1.53462 4.98714
