logMh | fpID | subhaloID | main leaf ID | descID |  z
9.10157 90000077500000089 90000077500000088 90000077500000095 90000077500000087 5.52976580795 1.20701 -8.40148 -0.708749
9.27072 90000077500000088 90000077500000087 90000077500000095 90000077500000086 5.22758097313 4.55047 -6.902 8.46095
9.32958 90000077500000087 90000077500000086 90000077500000095 90000077500000085 4.99593346816 3.24328 -8.14417 8.88083
9.3634 90000077500000086 90000077500000085 90000077500000095 90000077500000084 4.93938066349 2.77337 -8.79007 8.74607
9.5566 90000077500000085 90000077500000084 90000077500000095 90000077500000083 4.66451770247 -14.0677 -7.43478 -22.8391
9.58638 90000077500000084 90000077500000083 90000077500000095 90000077500000082 4.42803373661 -13.4507 2.92956 -24.7181
9.61425 90000077500000083 90000077500000082 90000077500000095 90000077500000081 4.17683491473 -15.685 -8.49768 -19.9371
9.64342 90000077500000082 90000077500000081 90000077500000095 90000077500000080 4.00794511147 -17.1734 -17.0399 -5.06738
9.71195 90000077500000081 90000077500000080 90000077500000095 90000077500000079 3.93726108473 -19.0543 -18.6083 -18.2741
9.81278 90000077500000080 90000077500000079 90000077500000095 90000077500000078 3.70877426464 -13.5916 -10.1912 -21.9989
9.85444 90000077500000079 90000077500000078 90000077500000095 90000077500000077 3.49086136926 -10.3822 -4.40718 -32.0554
9.92973 90000077500000078 90000077500000077 90000077500000095 90000077500000076 3.28303305796 -9.95652 -8.30062 -25.149
10.0364 90000077500000077 90000077500000076 90000077500000095 90000077500000075 3.08482263583 -15.6211 -12.2192 -8.58943
10.0598 90000077500000076 90000077500000075 90000077500000095 90000077500000074 3.00813107163 -24.2503 -16.6593 -15.8698
10.1401 90000077500000075 90000077500000074 90000077500000095 90000077500000073 2.89578500573 -21.1399 -9.7369 12.6718
10.2014 90000077500000074 90000077500000073 90000077500000095 90000077500000072 2.73314261732 -24.1226 9.91873 25.67
10.259 90000077500000073 90000077500000072 90000077500000095 90000077500000071 2.5772902716 -39.5665 -15.4317 25.5737
10.2924 90000077500000072 90000077500000071 90000077500000095 90000077500000070 2.44422570455 -42.6843 -11.1828 29.1502
10.3265 90000077500000071 90000077500000070 90000077500000095 90000077500000069 2.31611074396 -45.282 -18.2959 27.1796
10.3706 90000077500000070 90000077500000069 90000077500000095 90000077500000068 2.20792547238 -48.9676 -12.9503 29.371
10.374 90000077500000069 90000077500000068 90000077500000095 90000077500000067 2.1032696526 -47.7164 -18.1743 28.6725
10.4068 90000077500000068 90000077500000067 90000077500000095 90000077500000066 2.00202813925 -45.7627 -21.9674 37.2232
10.4118 90000077500000067 90000077500000066 90000077500000095 90000077500000065 1.90408954353 -42.7569 -9.81953 43.2476
10.4262 90000077500000066 90000077500000064 90000077500000095 90000077500000063 1.74357057433 -45.3694 -9.8471 45.6687
10.4363 90000077500000064 90000077500000063 90000077500000095 90000077500000062 1.66666955611 -41.1161 0.00991714 51.3455
10.4564 90000077500000063 90000077500000062 90000077500000095 90000077500000061 1.60423452207 -50.1007 -10.4539 46.1167
10.4682 90000077500000062 90000077500000060 90000077500000095 90000077500000059 1.47197484527 -41.6727 -7.62468 39.8298
10.4682 90000077500000060 90000077500000058 90000077500000095 90000077500000057 1.3575766674 -58.6573 -32.2352 47.899
10.5162 90000077500000058 90000077500000057 90000077500000095 90000077500000056 1.30237845991 -40.0113 -22.2372 39.1677
10.543 90000077500000057 90000077500000056 90000077500000095 90000077500000055 1.24847261425 -35.2845 -41.4342 28.1251
10.5624 90000077500000056 90000077500000055 90000077500000095 90000077500000054 1.20625808078 -48.4477 -101.303 17.3226
10.5936 90000077500000055 90000077500000054 90000077500000095 90000077500000053 1.15460271236 -59.7112 -129.624 -1.11768
10.6603 90000077500000054 90000077500000053 90000077500000095 90000077500000052 1.11415056377 -83.7365 -180.789 -20.5915
10.7052 90000077500000053 90000077500000052 90000077500000095 90000077500000051 1.07445789455 -83.6028 -188.473 -28.9785
10.7495 90000077500000052 90000077500000051 90000077500000095 90000077500000050 1.03551044566 -56.9773 -162.015 -28.385
10.7918 90000077500000051 90000077500000050 90000077500000095 90000077500000049 0.997294225782 -59.8109 -166.515 -39.3743
10.8025 90000077500000050 90000077500000049 90000077500000095 90000077500000048 0.987852810816 -62.9544 -160.261 -41.2234
10.8564 90000077500000049 90000077500000048 90000077500000095 90000077500000047 0.950531351585 -11.6955 -106.838 -85.3609
10.8983 90000077500000048 90000077500000047 90000077500000095 90000077500000046 0.923000816178 18.7691 -90.6535 -106.319
10.9231 90000077500000047 90000077500000046 90000077500000095 90000077500000045 0.886896937575 24.1469 -76.7814 -115.278
10.9613 90000077500000046 90000077500000045 90000077500000095 90000077500000044 0.851470900625 69.3371 -48.8183 -146.953
10.97 90000077500000045 90000077500000044 90000077500000095 90000077500000043 0.816709979012 56.8309 -56.8947 -155.941
10.9939 90000077500000044 90000077500000043 90000077500000095 90000077500000042 0.791068248946 63.4611 -40.573 -168.499
11.0039 90000077500000043 90000077500000042 90000077500000095 90000077500000041 0.757441372616 55.311 -40.8963 -163.525
11.0087 90000077500000042 90000077500000041 90000077500000095 90000077500000040 0.732636182022 36.6507 -38.2122 -145.727
11.017 90000077500000041 90000077500000022 90000077500000095 90000077500000021 0.310074120128 -198.216 -54.8639 205.431
11.0264 90000077500000022 90000077500000021 90000077500000095 90000077500000020 0.291583239722 -216.264 -53.7843 199.271
11.0374 90000077500000021 90000077500000020 90000077500000095 90000077500000019 0.273353346578 -248.496 -69.1661 232.483
11.0471 90000077500000020 90000077500000019 90000077500000095 90000077500000018 0.261343256161 -251.01 -75.7222 231.889
11.1025 90000077500000019 90000077500000018 90000077500000095 90000077500000017 0.243540181555 -398.138 -145.809 419.744
11.1494 90000077500000018 90000077500000017 90000077500000095 90000077500000016 0.22598838626 -523.909 -195.973 587.018
11.181 90000077500000017 90000077500000016 90000077500000095 90000077500000015 0.214425035514 -574.557 -201.175 652.171
11.1927 90000077500000016 90000077500000015 90000077500000095 90000077500000014 0.197284182376 -588.578 -211.339 665.797
11.2272 90000077500000015 90000077500000014 90000077500000095 90000077500000013 0.180385261706 -643.161 -252.035 715.047
11.238 90000077500000014 90000077500000008 90000077500000095 90000077500000007 0.0994018026302 -519.593 -199.352 699.406
11.2436 90000077500000008 90000077500000007 90000077500000095 90000077500000006 0.0838844307975 -555.607 -220.301 723.07
11.2608 90000077500000007 90000077500000004 90000077500000095 90000077500000003 0.0485236299818 -585.568 -252.247 757.554
11.2681 90000077500000004 90000077500000003 90000077500000095 90000077500000002 0.0337243718735 -601.601 -259.575 787.177
11.2817 90000077500000003 90000077500000002 90000077500000095 90000077500000001 0.0239744283828 -597.91 -261.632 805.835
11.2982 90000077500000002 90000077500000001 90000077500000095 90000077500000000 0.00952166696794 -566.118 -238.986 818.406
9.04358 90000077500000152 90000077500000151 90000077500000158 90000077500000150 3.93726108473 1.4785 7.82679 0.139466
9.07492 90000077500000151 90000077500000150 90000077500000158 90000077500000149 3.70877426464 -4.30051 16.219 6.76482
9.09375 90000077500000150 90000077500000149 90000077500000158 90000077500000148 3.49086136926 -3.76878 12.9239 3.84435
9.12912 90000077500000149 90000077500000148 90000077500000158 90000077500000147 3.28303305796 -5.02377 9.5546 3.0293
9.17073 90000077500000148 90000077500000147 90000077500000158 90000077500000146 3.08482263583 -5.3558 9.50661 1.63188
9.18802 90000077500000147 90000077500000146 90000077500000158 90000077500000145 3.00813107163 -4.03633 7.0497 -2.17122
9.0098 90000077500000179 90000077500000178 90000077500000188 90000077500000177 4.42803373661 -1.23124 -0.209319 4.45182
9.06939 90000077500000178 90000077500000176 90000077500000188 90000077500000175 4.00794511147 -2.21639 2.38139 7.65485
9.07492 90000077500000176 90000077500000175 90000077500000188 90000077500000174 3.93726108473 -1.46515 -0.322758 5.88875
9.16852 90000077500000175 90000077500000174 90000077500000188 90000077500000173 3.70877426464 3.08453 6.8817 8.90345
9.00012 90000077500000236 90000077500000235 90000077500000249 90000077500000234 5.22758097313 -3.78589 1.03507 -1.03812
9.04945 90000077500000235 90000077500000234 90000077500000249 90000077500000233 4.99593346816 -1.87216 3.13105 -1.14711
9.06378 90000077500000234 90000077500000233 90000077500000249 90000077500000232 4.93938066349 -2.39056 2.44743 0.215105
9.0666 90000077500000233 90000077500000231 90000077500000249 90000077500000230 4.42803373661 -0.93193 3.72619 -0.0319274
9.09375 90000077500000231 90000077500000230 90000077500000249 90000077500000229 4.17683491473 1.44959 4.68061 -0.249685
9.01928 90000077500000266 90000077500000265 90000077500000275 90000077500000264 3.70877426464 1.99179 3.10512 -4.37512
9.13871 90000077500000265 90000077500000264 90000077500000275 90000077500000263 3.49086136926 -1.12223 3.60851 -5.05982
9.14108 90000077500000264 90000077500000258 90000077500000275 90000077500000257 2.5772902716 6.03355 -2.21487 -19.9008
9.02548 90000077500000302 90000077500000301 90000077500000304 90000077500000300 5.22758097313 12.3206 -9.34689 14.5616
9.05235 90000077500000301 90000077500000300 90000077500000304 90000077500000299 4.99593346816 14.3782 -10.4143 15.1221
9.07216 90000077500000300 90000077500000298 90000077500000304 90000077500000297 4.66451770247 11.0742 -10.3506 14.6201
9.07492 90000077500000298 90000077500000297 90000077500000304 90000077500000296 4.42803373661 10.4621 -6.7804 14.565
9.11431 90000077500000297 90000077500000295 90000077500000304 90000077500000294 4.00794511147 10.9764 -5.93227 9.1807
9.13634 90000077500000295 90000077500000293 90000077500000304 90000077500000292 3.70877426464 16.2914 -3.52442 5.84218
9.15273 90000077500000412 90000077500000411 90000077500000417 90000077500000410 4.42803373661 -3.80012 5.14074 2.75845
9.2828 90000077500000411 90000077500000409 90000077500000417 90000077500000408 4.00794511147 -0.517767 2.27392 -12.5623
9.2845 90000077500000409 90000077500000407 90000077500000417 90000077500000406 3.70877426464 -0.692129 3.68616 -13.6482
9.33111 90000077500000407 90000077500000406 90000077500000417 90000077500000405 3.49086136926 4.68752 4.649 -11.9342
9.40902 90000077500000406 90000077500000405 90000077500000417 90000077500000404 3.28303305796 5.23388 9.18087 -17.6048
9.52169 90000077500000405 90000077500000404 90000077500000417 90000077500000403 3.08482263583 17.8836 -6.19524 -16.3306
9.57175 90000077500000404 90000077500000400 90000077500000417 90000077500000399 2.5772902716 17.7418 -5.30397 -13.2209
9.70234 90000077500000400 90000077500000398 90000077500000417 90000077500000397 2.31611074396 11.8071 -1.99466 2.71264
9.79272 90000077500000398 90000077500000397 90000077500000417 90000077500000396 2.20792547238 5.39005 0.768135 0.686442
9.84147 90000077500000397 90000077500000396 90000077500000417 90000077500000395 2.1032696526 -2.03211 -9.70457 -1.90124
9.87278 90000077500000396 90000077500000395 90000077500000417 90000077500000394 2.00202813925 -15.1304 -7.08211 3.3706
9.91289 90000077500000395 90000077500000394 90000077500000417 90000077500000393 1.90408954353 -19.9946 -3.96101 7.23522
9.93696 90000077500000394 90000077500000393 90000077500000417 90000077500000392 1.82268925262 -19.5091 -5.40258 14.2094
9.93997 90000077500000393 90000077500000392 90000077500000417 90000077500000391 1.74357057433 -14.6553 -4.18178 6.94004
9.96688 90000077500000392 90000077500000391 90000077500000417 90000077500000390 1.66666955611 -17.5597 -0.504513 13.7337
9.97973 90000077500000391 90000077500000390 90000077500000417 90000077500000389 1.60423452207 -9.81576 -0.776169 22.2087
10.0267 90000077500000390 90000077500000388 90000077500000417 90000077500000387 1.47197484527 -13.9933 2.75403 30.2764
10.0518 90000077500000388 90000077500000387 90000077500000417 90000077500000386 1.41409822037 -9.1573 12.5661 45.6746
9.62056 90000077500000435 90000077500000434 90000077500000436 90000077500000398 2.44422570455 6.86678 -15.2318 -7.06126
9.05235 90000077500000444 90000077500000443 90000077500000453 90000077500000442 3.28303305796 0.288674 -6.02733 4.74079
9.25828 90000077500000443 90000077500000442 90000077500000453 90000077500000441 3.08482263583 0.340807 -18.0271 23.1769
9.29124 90000077500000442 90000077500000441 90000077500000453 90000077500000440 3.00813107163 -1.31124 -17.8349 21.9718
9.32805 90000077500000441 90000077500000439 90000077500000453 90000077500000438 2.73314261732 2.13867 -16.3722 21.1153
9.02855 90000077500000552 90000077500000551 90000077500000575 90000077500000550 2.31611074396 -4.18002 -0.59249 -0.157875
9.10671 90000077500000551 90000077500000546 90000077500000575 90000077500000545 1.82268925262 3.99762 2.23062 15.8141
9.0066 90000077500000598 90000077500000597 90000077500000607 90000077500000596 2.1032696526 -23.7731 -0.451898 6.2805
9.01928 90000077500000597 90000077500000596 90000077500000607 90000077500000595 2.00202813925 -21.2785 -0.0932228 2.98227
9.0666 90000077500000596 90000077500000595 90000077500000607 90000077500000594 1.90408954353 -22.1264 0.280451 -1.67441
9.07216 90000077500000595 90000077500000594 90000077500000607 90000077500000593 1.82268925262 -16.1568 2.74015 -0.851229
9.07766 90000077500000594 90000077500000593 90000077500000607 90000077500000592 1.74357057433 -21.8047 7.04467 0.463651
9.09898 90000077500000593 90000077500000592 90000077500000607 90000077500000591 1.66666955611 -17.7556 4.59143 -5.92103
9.13871 90000077500000725 90000077500000724 90000077500000732 90000077500000723 3.08482263583 5.48174 1.56269 2.12725
9.17729 90000077500000724 90000077500000723 90000077500000732 90000077500000722 3.00813107163 7.21462 0.813889 3.97055
9.24175 90000077500000723 90000077500000722 90000077500000732 90000077500000721 2.89578500573 2.68767 0.821351 2.93789
9.26187 90000077500000722 90000077500000721 90000077500000732 90000077500000720 2.73314261732 3.97175 -1.60108 1.70469
9.28956 90000077500000721 90000077500000720 90000077500000732 90000077500000719 2.5772902716 5.61874 -1.68633 5.9846
9.32805 90000077500000720 90000077500000719 90000077500000732 90000077500000718 2.44422570455 3.29418 -1.34549 4.27669
9.37319 90000077500000719 90000077500000718 90000077500000732 90000077500000717 2.31611074396 -0.851495 -4.76073 6.45106
9.46621 90000077500000718 90000077500000717 90000077500000732 90000077500000716 2.20792547238 3.87079 -29.8656 11.004
9.55296 90000077500000717 90000077500000716 90000077500000732 90000077500000715 2.1032696526 8.64715 -46.1976 29.2367
9.01614 90000077500000783 90000077500000782 90000077500000789 90000077500000781 3.28303305796 6.53955 -6.58496 1.11951
9.05235 90000077500000782 90000077500000781 90000077500000789 90000077500000780 3.08482263583 5.71989 -6.01928 2.11607
9.07216 90000077500000781 90000077500000780 90000077500000789 90000077500000779 3.00813107163 3.65804 -6.05787 1.56602
9.07216 90000077500000780 90000077500000779 90000077500000789 90000077500000778 2.89578500573 3.20922 -5.30597 4.64378
9.12668 90000077500000779 90000077500000774 90000077500000789 90000077500000773 2.20792547238 -4.219 -13.6649 -1.88453
9.12912 90000077500000774 90000077500000770 90000077500000789 90000077500000769 1.82268925262 -1.52836 -13.0733 -1.76743
9.13871 90000077500000770 90000077500000763 90000077500000789 90000077500000762 1.3575766674 1.93205 -10.4712 -8.70008
9.15042 90000077500000763 90000077500000762 90000077500000789 90000077500000761 1.30237845991 -1.89612 -11.5524 -7.99688
9.01928 90000077500000843 90000077500000842 90000077500000848 90000077500000841 4.00794511147 2.02542 0.330407 -4.34148
9.12912 90000077500000842 90000077500000840 90000077500000848 90000077500000839 3.70877426464 5.27881 -13.8687 -19.6176
9.30115 90000077500000840 90000077500000839 90000077500000848 90000077500000838 3.49086136926 -8.28757 -16.0046 -21.4995
9.41784 90000077500000839 90000077500000838 90000077500000848 90000077500000837 3.28303305796 -23.1247 -5.3753 -7.80402
9.42649 90000077500000838 90000077500000836 90000077500000848 90000077500000835 3.00813107163 -21.8961 -9.12572 -1.45924
9.4549 90000077500000836 90000077500000835 90000077500000848 90000077500000834 2.89578500573 -20.3109 -3.00146 -7.00205
9.47066 90000077500000835 90000077500000834 90000077500000848 90000077500000833 2.73314261732 -19.8377 -0.630404 1.93812
9.47941 90000077500000834 90000077500000833 90000077500000848 90000077500000832 2.5772902716 -13.6993 -5.71118 -0.075145
9.51074 90000077500000833 90000077500000832 90000077500000848 90000077500000831 2.44422570455 -20.2153 -0.633395 -0.461774
9.52657 90000077500000832 90000077500000831 90000077500000848 90000077500000830 2.31611074396 -18.1201 -6.31894 -2.97804
9.53996 90000077500000831 90000077500000830 90000077500000848 90000077500000829 2.20792547238 -18.6714 -4.69304 -2.37113
9.59477 90000077500000830 90000077500000829 90000077500000848 90000077500000828 2.1032696526 27.5671 19.6356 -15.232
9.67214 90000077500000829 90000077500000826 90000077500000848 90000077500000825 1.82268925262 -22.2195 3.9119 5.24437
9.72874 90000077500000826 90000077500000825 90000077500000848 90000077500000824 1.74357057433 -26.3059 3.99632 8.34883
9.73057 90000077500000825 90000077500000824 90000077500000848 90000077500000823 1.66666955611 -16.1898 7.11233 10.6882
9.7519 90000077500000824 90000077500000823 90000077500000848 90000077500000822 1.60423452207 -15.7908 9.08869 9.48151
9.79166 90000077500000823 90000077500000822 90000077500000848 90000077500000821 1.53123902916 -27.41 25.7966 10.6913
9.83002 90000077500000822 90000077500000821 90000077500000848 90000077500000820 1.47197484527 -26.1953 21.2801 13.5532
9.84939 90000077500000821 90000077500000820 90000077500000848 90000077500000819 1.41409822037 -18.5842 14.8856 14.5884
9.86705 90000077500000820 90000077500000819 90000077500000848 90000077500000818 1.3575766674 -10.724 18.9573 15.3919
9.00012 90000077500001068 90000077500001067 90000077500001090 90000077500001066 2.20792547238 -11.5229 6.52877 -8.16335
9.00012 90000077500001067 90000077500001066 90000077500001090 90000077500001065 2.1032696526 -9.81793 4.3961 -7.25889
9.03463 90000077500001066 90000077500001065 90000077500001090 90000077500001064 2.00202813925 -11.859 4.49418 -8.48665
9.04062 90000077500001065 90000077500001064 90000077500001090 90000077500001063 1.90408954353 -11.3616 3.9339 -7.81032
9.04358 90000077500001064 90000077500001063 90000077500001090 90000077500001062 1.82268925262 -11.7852 5.43216 -8.23236
9.04653 90000077500001063 90000077500001062 90000077500001090 90000077500001061 1.74357057433 -9.6883 5.81955 -7.72287
9.10157 90000077500001062 90000077500001060 90000077500001090 90000077500001059 1.60423452207 -8.80712 3.57963 -5.4207
9.10157 90000077500001060 90000077500001056 90000077500001090 90000077500001055 1.3575766674 -5.37812 3.718 -3.79398
9.21671 90000077500001214 90000077500001213 90000077500001220 90000077500001212 3.28303305796 14.1945 15.0374 -1.55195
9.40902 90000077500001213 90000077500001212 90000077500001220 90000077500001211 3.08482263583 11.7037 2.20598 -0.885706
9.43617 90000077500001212 90000077500001211 90000077500001220 90000077500001210 3.00813107163 12.9342 1.50915 -2.81722
9.73899 90000077500001211 90000077500001208 90000077500001220 90000077500001207 2.5772902716 16.0414 19.298 12.9879
9.78368 90000077500001208 90000077500001207 90000077500001220 90000077500001206 2.44422570455 16.6775 22.6427 14.3828
9.80975 90000077500001207 90000077500001206 90000077500001220 90000077500001205 2.31611074396 12.3005 11.5879 16.288
9.84052 90000077500001206 90000077500001205 90000077500001220 90000077500001204 2.20792547238 8.79863 9.08555 20.5268
9.89663 90000077500001205 90000077500001204 90000077500001220 90000077500001203 2.1032696526 11.2789 0.804467 26.4514
9.92703 90000077500001204 90000077500001203 90000077500001220 90000077500001202 2.00202813925 1.94156 7.69343 19.5569
10.0298 90000077500001203 90000077500001201 90000077500001220 90000077500001200 1.82268925262 -25.0774 80.9415 -13.2733
10.0316 90000077500001201 90000077500001197 90000077500001220 90000077500001196 1.53123902916 -13.4885 19.6623 14.0545
10.0852 90000077500001197 90000077500001196 90000077500001220 90000077500001195 1.47197484527 -20.2484 49.006 -2.28975
10.1578 90000077500001196 90000077500001195 90000077500001220 90000077500001194 1.41409822037 -25.1648 60.7547 2.92451
10.1598 90000077500001195 90000077500001193 90000077500001220 90000077500001192 1.30237845991 -21.958 75.4649 -8.91321
10.1721 90000077500001193 90000077500001188 90000077500001220 90000077500001187 1.07445789455 -42.0006 46.9971 26.9285
9.07766 90000077500001228 90000077500001227 90000077500001238 90000077500001226 3.28303305796 -19.2828 9.17854 -18.7592
9.23037 90000077500001227 90000077500001224 90000077500001238 90000077500001208 2.89578500573 -13.2232 21.4226 -5.71071
9.04945 90000077500001240 90000077500001239 90000077500001242 90000077500001224 3.00813107163 -13.154 14.7045 -4.74042
9.00337 90000077500001327 90000077500001326 90000077500001341 90000077500001325 2.44422570455 4.14166 -5.04808 9.93889
9.00012 90000077500001372 90000077500001371 90000077500001384 90000077500001370 3.93726108473 2.79337 10.1458 2.45007
9.11179 90000077500001371 90000077500001369 90000077500001384 90000077500001368 3.49086136926 2.05947 16.4712 7.20412
9.17293 90000077500001369 90000077500001367 90000077500001384 90000077500001366 3.08482263583 1.14156 14.854 7.95422
9.19223 90000077500001367 90000077500001365 90000077500001384 90000077500001364 2.89578500573 2.3573 11.8926 8.03804
9.24362 90000077500001365 90000077500001364 90000077500001384 90000077500001363 2.73314261732 1.47832 8.99078 4.02221
9.26187 90000077500001364 90000077500001363 90000077500001384 90000077500001362 2.5772902716 4.96841 9.5553 1.51022
