logMh | fpID | subhaloID | main leaf ID | descID |  z
9.11431 70000066300000103 70000066300000102 70000066300000105 70000066300000101 9.99659046619 -3.42267 1.95404 4.41585
9.11431 70000066300000102 70000066300000099 70000066300000105 70000066300000098 9.00233985416 -3.95724 4.19162 -0.50426
9.27938 70000066300000099 70000066300000098 70000066300000105 70000066300000097 8.9079991856 -3.05857 4.61811 1.29801
9.44093 70000066300000098 70000066300000097 70000066300000105 70000066300000096 8.44947629437 -7.91049 6.69602 -0.943593
9.50669 70000066300000097 70000066300000096 70000066300000105 70000066300000095 8.01217294887 -9.53775 7.45691 -2.31336
9.54372 70000066300000096 70000066300000095 70000066300000105 70000066300000094 7.59510714987 -7.3596 6.61641 -2.87793
9.59059 70000066300000095 70000066300000094 70000066300000105 70000066300000093 7.23627606617 -4.45545 9.88241 -1.75818
10.0866 70000066300000094 70000066300000090 70000066300000105 70000066300000089 6.14490120342 -1.18933 8.15689 -14.5128
10.1472 70000066300000090 70000066300000089 70000066300000105 70000066300000088 6.01075739884 12.504 7.78458 -14.3596
10.204 70000066300000089 70000066300000088 70000066300000105 70000066300000087 5.84661374788 13.5223 7.55531 -5.14434
10.2946 70000066300000088 70000066300000087 70000066300000105 70000066300000086 5.52976580795 -5.89329 -5.49554 4.82592
10.4249 70000066300000087 70000066300000086 70000066300000105 70000066300000085 5.22758097313 3.43384 -31.4021 -4.51545
10.4809 70000066300000086 70000066300000085 70000066300000105 70000066300000084 4.99593346816 0.904095 -38.9117 2.9439
10.5061 70000066300000085 70000066300000084 70000066300000105 70000066300000083 4.93938066349 2.21201 -40.3174 -0.699563
10.6833 70000066300000084 70000066300000083 70000066300000105 70000066300000082 4.66451770247 -13.1468 -59.78 -43.4172
10.7904 70000066300000083 70000066300000082 70000066300000105 70000066300000081 4.42803373661 -71.5282 -47.442 -41.3577
10.851 70000066300000082 70000066300000081 70000066300000105 70000066300000080 4.17683491473 -73.2709 -52.7512 -45.7102
10.8769 70000066300000081 70000066300000080 70000066300000105 70000066300000079 4.00794511147 -22.7346 -61.0788 -42.0887
10.8901 70000066300000080 70000066300000079 70000066300000105 70000066300000078 3.93726108473 -38.8061 -48.279 -32.7159
10.9779 70000066300000079 70000066300000078 70000066300000105 70000066300000077 3.70877426464 -35.865 1.64839 -37.1688
11.1717 70000066300000078 70000066300000075 70000066300000105 70000066300000074 3.00813107163 99.0772 -70.3376 -88.9869
11.1742 70000066300000075 70000066300000074 70000066300000105 70000066300000073 2.89578500573 94.4477 -74.4301 -74.4053
11.1788 70000066300000074 70000066300000073 70000066300000105 70000066300000072 2.73314261732 78.459 -51.7815 -89.0638
11.1906 70000066300000073 70000066300000072 70000066300000105 70000066300000071 2.5772902716 107.109 -29.2319 -67.8171
11.202 70000066300000072 70000066300000071 70000066300000105 70000066300000070 2.44422570455 153.276 -43.6224 -97.1265
11.2203 70000066300000071 70000066300000070 70000066300000105 70000066300000069 2.31611074396 157.358 -64.4579 -95.7546
11.2291 70000066300000070 70000066300000069 70000066300000105 70000066300000068 2.20792547238 174.842 -56.6144 -104.5
11.2539 70000066300000069 70000066300000068 70000066300000105 70000066300000067 2.1032696526 177.774 -71.7603 -122.564
11.2855 70000066300000068 70000066300000067 70000066300000105 70000066300000066 2.00202813925 215.422 -83.4752 -133.579
11.3076 70000066300000067 70000066300000065 70000066300000105 70000066300000064 1.82268925262 178.286 -110.475 -63.0445
11.3272 70000066300000065 70000066300000064 70000066300000105 70000066300000063 1.74357057433 137.527 -68.7068 -57.77
11.3441 70000066300000064 70000066300000063 70000066300000105 70000066300000062 1.66666955611 106.975 -57.4959 -42.5534
11.3831 70000066300000063 70000066300000061 70000066300000105 70000066300000060 1.53123902916 98.8056 -79.0087 -88.3132
11.3882 70000066300000061 70000066300000060 70000066300000105 70000066300000059 1.47197484527 111.538 -70.1169 -136.695
11.4136 70000066300000060 70000066300000059 70000066300000105 70000066300000058 1.41409822037 130.643 -47.5329 -207.767
11.4378 70000066300000059 70000066300000058 70000066300000105 70000066300000057 1.3575766674 -13.8067 -341.948 -448.505
11.444 70000066300000058 70000066300000056 70000066300000105 70000066300000055 1.24847261425 136.565 -140.452 -255.273
11.4568 70000066300000056 70000066300000055 70000066300000105 70000066300000054 1.20625808078 137.94 -120.299 -346.466
11.4719 70000066300000055 70000066300000054 70000066300000105 70000066300000053 1.15460271236 105.388 -76.9341 -375.409
11.4977 70000066300000054 70000066300000053 70000066300000105 70000066300000052 1.11415056377 269.249 174.812 -538.978
11.5178 70000066300000053 70000066300000052 70000066300000105 70000066300000051 1.07445789455 286.82 314.066 -613.005
11.5262 70000066300000052 70000066300000051 70000066300000105 70000066300000050 1.03551044566 258.847 357.722 -682.409
11.574 70000066300000051 70000066300000050 70000066300000105 70000066300000049 0.997294225782 368.539 663.821 -911.9
11.606 70000066300000050 70000066300000048 70000066300000105 70000066300000047 0.950531351585 375.087 756.449 -1038.16
11.6164 70000066300000048 70000066300000047 70000066300000105 70000066300000046 0.923000816178 395.485 789.473 -1083.11
11.6508 70000066300000047 70000066300000046 70000066300000105 70000066300000045 0.886896937575 403.256 880.465 -1157.97
11.7146 70000066300000046 70000066300000044 70000066300000105 70000066300000043 0.816709979012 474.777 984.891 -1266.15
11.7467 70000066300000044 70000066300000043 70000066300000105 70000066300000042 0.791068248946 565.919 1138.35 -1342.79
11.7861 70000066300000043 70000066300000042 70000066300000105 70000066300000041 0.757441372616 410.46 1347.85 -1346.49
11.8022 70000066300000042 70000066300000041 70000066300000105 70000066300000040 0.732636182022 360.073 1440.91 -1268.72
11.8375 70000066300000041 70000066300000040 70000066300000105 70000066300000039 0.700106353719 -56.5122 1596.11 -1094.34
11.8577 70000066300000040 70000066300000039 70000066300000105 70000066300000038 0.676110411213 -512.043 1650.83 -914.424
11.8999 70000066300000039 70000066300000035 70000066300000105 70000066300000034 0.575980845108 -1355.2 2031.91 -731.088
11.9093 70000066300000035 70000066300000034 70000066300000105 70000066300000033 0.546392183141 -1344.91 2016.78 -758.731
11.9433 70000066300000034 70000066300000033 70000066300000105 70000066300000032 0.524565820434 -1728.4 2117.37 -587.823
11.9757 70000066300000033 70000066300000032 70000066300000105 70000066300000031 0.503047523245 -2121.03 2285.99 -390.97
11.9863 70000066300000032 70000066300000031 70000066300000105 70000066300000030 0.481832943421 -2270.35 2326.48 -307.421
11.9918 70000066300000031 70000066300000029 70000066300000105 70000066300000028 0.440297849248 -2225.18 2223.87 -268.867
12.0124 70000066300000029 70000066300000028 70000066300000105 70000066300000027 0.419968941997 -2437.14 2307.84 -111.31
12.0256 70000066300000028 70000066300000027 70000066300000105 70000066300000026 0.399926964614 -2523.55 2366.98 -41.3182
12.0288 70000066300000027 70000066300000018 70000066300000105 70000066300000017 0.243540181555 -1909.44 2178.49 -237.643
12.0488 70000066300000018 70000066300000017 70000066300000105 70000066300000016 0.22598838626 -2198.22 2335.26 -122.195
12.0517 70000066300000017 70000066300000014 70000066300000105 70000066300000013 0.180385261706 -2181.31 2368.62 -101.053
12.052 70000066300000014 70000066300000012 70000066300000105 70000066300000011 0.152748768902 -2196.87 2394.21 -155.763
12.063 70000066300000012 70000066300000010 70000066300000105 70000066300000009 0.125759332411 -2301.14 2417.39 -150.691
12.0683 70000066300000010 70000066300000009 70000066300000105 70000066300000008 0.109869940459 -2317.6 2434.9 -141.865
12.075 70000066300000009 70000066300000008 70000066300000105 70000066300000007 0.0994018026302 -2310.04 2443.96 -136.069
12.0758 70000066300000008 70000066300000007 70000066300000105 70000066300000006 0.0838844307975 -2337.3 2403.33 -138.035
12.0793 70000066300000007 70000066300000006 70000066300000105 70000066300000005 0.0736613846564 -2331.84 2406.11 -128.128
12.0868 70000066300000006 70000066300000005 70000066300000105 70000066300000004 0.0585073227945 -2261.04 2409.08 -122.758
12.0888 70000066300000005 70000066300000004 70000066300000105 70000066300000003 0.0485236299818 -2218.1 2418.68 -113.98
12.0894 70000066300000004 70000066300000003 70000066300000105 70000066300000002 0.0337243718735 -2190.81 2424.56 -100.47
12.0907 70000066300000003 70000066300000002 70000066300000105 70000066300000001 0.0239744283828 -2203.65 2448.18 -111.01
12.0963 70000066300000002 70000066300000001 70000066300000105 70000066300000000 0.00952166696794 -2211.43 2438.86 -86.647
12.0982 70000066300000001 70000066300000000 70000066300000105 -1 2.22044604925e-16 -2227.11 2476.02 -84.6553
9.07766 70000066300000123 70000066300000122 70000066300000130 70000066300000121 8.01217294887 13.7299 1.173 2.45901
9.14108 70000066300000122 70000066300000121 70000066300000130 70000066300000120 7.59510714987 14.8876 1.95104 0.787184
9.19223 70000066300000121 70000066300000120 70000066300000130 70000066300000119 7.23627606617 14.0493 1.03104 -3.51305
9.59477 70000066300000120 70000066300000119 70000066300000130 70000066300000118 7.00541704554 -4.30841 13.9806 -28.0271
9.77935 70000066300000119 70000066300000118 70000066300000130 70000066300000117 6.85511726265 -12.1443 6.34411 -27.5887
9.9463 70000066300000118 70000066300000117 70000066300000130 70000066300000090 6.49159774567 -8.31638 8.12161 -21.1076
9.06096 70000066300000142 70000066300000141 70000066300000147 70000066300000140 8.44947629437 4.37708 -2.62334 -0.824517
9.10671 70000066300000141 70000066300000140 70000066300000147 70000066300000139 8.01217294887 10.0955 -2.20279 0.595707
9.19013 70000066300000140 70000066300000139 70000066300000147 70000066300000138 7.59510714987 17.306 -5.73045 4.45979
9.27246 70000066300000139 70000066300000138 70000066300000147 70000066300000137 7.23627606617 16.9354 -11.4163 6.38462
9.10926 70000066300000183 70000066300000182 70000066300000191 70000066300000181 6.49159774567 7.75721 4.73371 -1.38194
9.00012 70000066300000240 70000066300000239 70000066300000249 70000066300000238 5.22758097313 -3.65546 2.20336 14.7822
9.15273 70000066300000239 70000066300000238 70000066300000249 70000066300000237 4.99593346816 -4.67715 -1.92667 13.7742
9.15273 70000066300000238 70000066300000237 70000066300000249 70000066300000236 4.93938066349 -2.42571 -2.46887 16.4469
9.10926 70000066300000262 70000066300000261 70000066300000273 70000066300000260 6.49159774567 8.10812 6.6392 -21.1079
9.1573 70000066300000261 70000066300000260 70000066300000273 70000066300000259 6.14490120342 8.59284 3.18084 -16.8852
9.06939 70000066300000290 70000066300000289 70000066300000294 70000066300000288 7.23627606617 0.665497 -1.53711 -7.47495
9.26896 70000066300000289 70000066300000288 70000066300000294 70000066300000287 7.00541704554 1.07557 -4.67994 -17.4156
9.32031 70000066300000288 70000066300000287 70000066300000294 70000066300000286 6.85511726265 -3.32931 -7.94599 -18.1507
9.41029 70000066300000287 70000066300000286 70000066300000294 70000066300000285 6.49159774567 0.248058 3.89364 -22.8879
9.58638 70000066300000286 70000066300000285 70000066300000294 70000066300000284 6.14490120342 2.58511 -4.03902 -20.625
9.60218 70000066300000285 70000066300000284 70000066300000294 70000066300000283 6.01075739884 4.88371 2.15166 -21.9549
9.6573 70000066300000284 70000066300000283 70000066300000294 70000066300000282 5.84661374788 10.101 5.51053 -24.6972
9.70039 70000066300000283 70000066300000282 70000066300000294 70000066300000281 5.52976580795 14.3618 1.82858 -16.3719
9.71637 70000066300000282 70000066300000279 70000066300000294 70000066300000278 4.93938066349 8.64565 7.81462 -19.0191
9.13634 70000066300000320 70000066300000319 70000066300000330 70000066300000318 6.14490120342 -10.6585 6.63892 9.91509
9.15956 70000066300000319 70000066300000317 70000066300000330 70000066300000316 5.84661374788 -5.50205 3.5224 12.6555
9.19433 70000066300000317 70000066300000315 70000066300000330 70000066300000314 5.22758097313 -2.70318 2.35832 12.6226
9.21272 70000066300000342 70000066300000341 70000066300000355 70000066300000340 5.84661374788 4.62278 17.5309 -15.5223
11.0764 70000066300000381 70000066300000380 70000066300000392 70000066300000379 3.49086136926 8.11717 -13.6714 -17.8807
11.132 70000066300000380 70000066300000379 70000066300000392 70000066300000378 3.28303305796 51.1659 -77.6834 -58.5613
11.1513 70000066300000379 70000066300000378 70000066300000392 70000066300000075 3.08482263583 75.1864 -40.6911 -78.3278
9.1573 70000066300000447 70000066300000446 70000066300000455 70000066300000445 6.49159774567 -6.78387 -1.92507 -13.024
9.19848 70000066300000446 70000066300000441 70000066300000455 70000066300000440 5.22758097313 -7.77919 9.26176 -2.24722
9.24548 70000066300000441 70000066300000440 70000066300000455 70000066300000439 4.99593346816 -8.3037 7.5362 -6.933
9.2672 70000066300000440 70000066300000439 70000066300000455 70000066300000438 4.93938066349 -8.03084 12.3007 -8.96417
9.2845 70000066300000439 70000066300000438 70000066300000455 70000066300000437 4.66451770247 -5.09567 9.40871 -5.31011
9.02239 70000066300000469 70000066300000468 70000066300000472 70000066300000467 5.22758097313 -11.5527 3.94627 5.0801
9.0666 70000066300000468 70000066300000467 70000066300000472 70000066300000466 4.99593346816 -9.10995 3.47544 1.21106
9.14578 70000066300000467 70000066300000465 70000066300000472 70000066300000464 4.66451770247 -13.7057 -16.6699 -13.8937
9.05811 70000066300000501 70000066300000500 70000066300000504 70000066300000499 10.9190331982 3.72736 -1.64148 4.32916
9.08578 70000066300000500 70000066300000499 70000066300000504 70000066300000498 10.3674435724 2.28902 -5.2249 -2.43552
9.26187 70000066300000499 70000066300000498 70000066300000504 70000066300000497 9.99659046619 0.857648 -5.00039 -2.92188
9.33415 70000066300000498 70000066300000497 70000066300000504 70000066300000496 9.84138043947 -0.438008 -7.01385 -7.695
9.51774 70000066300000497 70000066300000496 70000066300000504 70000066300000495 9.38877127194 5.73803 3.54655 8.23538
9.58213 70000066300000496 70000066300000495 70000066300000504 70000066300000494 9.00233985416 4.34041 7.33202 9.93148
9.58298 70000066300000495 70000066300000494 70000066300000504 70000066300000493 8.9079991856 1.92699 6.59976 7.54809
9.62908 70000066300000494 70000066300000493 70000066300000504 70000066300000492 8.44947629437 6.69072 6.64921 8.4508
9.68985 70000066300000493 70000066300000492 70000066300000504 70000066300000491 8.01217294887 8.65326 2.30404 12.2869
9.75822 70000066300000492 70000066300000491 70000066300000504 70000066300000490 7.59510714987 6.15903 1.35619 10.664
9.79899 70000066300000491 70000066300000490 70000066300000504 70000066300000489 7.23627606617 7.99064 5.33135 12.9179
9.85124 70000066300000490 70000066300000489 70000066300000504 70000066300000488 7.00541704554 7.29795 -10.2264 16.814
9.88144 70000066300000489 70000066300000488 70000066300000504 70000066300000487 6.85511726265 2.44844 -12.5283 13.9651
9.88699 70000066300000488 70000066300000485 70000066300000504 70000066300000484 6.01075739884 -1.93563 -4.70824 17.0818
9.92509 70000066300000485 70000066300000484 70000066300000504 70000066300000483 5.84661374788 -4.5583 -2.50946 3.15803
10.0421 70000066300000484 70000066300000483 70000066300000504 70000066300000482 5.52976580795 1.68813 -11.936 16.0642
10.0427 70000066300000483 70000066300000482 70000066300000504 70000066300000481 5.22758097313 1.97778 -32.0393 13.5703
10.0535 70000066300000482 70000066300000481 70000066300000504 70000066300000480 4.99593346816 2.11508 -20.9207 14.4489
9.00012 70000066300000515 70000066300000514 70000066300000518 70000066300000513 9.84138043947 12.6399 1.15844 0.0695573
9.01298 70000066300000566 70000066300000565 70000066300000573 70000066300000564 6.01075739884 4.30245 2.29811 4.60153
9.22066 70000066300000565 70000066300000564 70000066300000573 70000066300000563 5.84661374788 -11.0197 -1.86652 -2.83963
9.1663 70000066300000609 70000066300000608 70000066300000614 70000066300000607 5.22758097313 -21.442 15.5904 -8.35971
9.2862 70000066300000608 70000066300000605 70000066300000614 70000066300000604 4.66451770247 -31.3116 5.02115 -9.01061
9.31401 70000066300000605 70000066300000604 70000066300000614 70000066300000603 4.42803373661 -23.9188 8.49059 -8.29515
9.35771 70000066300000604 70000066300000603 70000066300000614 70000066300000602 4.17683491473 -23.186 11.1007 -12.4243
9.06378 70000066300000700 70000066300000699 70000066300000707 70000066300000698 8.44947629437 -4.71859 2.0876 -6.47541
9.16852 70000066300000699 70000066300000698 70000066300000707 70000066300000697 8.01217294887 -0.202338 0.142583 -3.83423
9.32031 70000066300000698 70000066300000697 70000066300000707 70000066300000696 7.59510714987 2.67786 0.122223 -3.83116
9.38681 70000066300000697 70000066300000696 70000066300000707 70000066300000695 7.23627606617 -1.31776 6.01154 -6.068
9.52851 70000066300000696 70000066300000694 70000066300000707 70000066300000693 6.85511726265 -13.8998 10.2394 -18.4234
9.63593 70000066300000694 70000066300000693 70000066300000707 70000066300000692 6.49159774567 -9.21919 1.87395 -12.535
9.68176 70000066300000693 70000066300000692 70000066300000707 70000066300000691 6.14490120342 -12.9024 9.71299 -11.6658
9.7342 70000066300000692 70000066300000691 70000066300000707 70000066300000690 6.01075739884 -8.41773 13.5134 -15.0876
9.78421 70000066300000691 70000066300000690 70000066300000707 70000066300000689 5.84661374788 -23.3299 7.30458 -22.1755
9.82954 70000066300000690 70000066300000689 70000066300000707 70000066300000688 5.52976580795 -22.3742 -0.476584 -17.6341
9.88994 70000066300000689 70000066300000688 70000066300000707 70000066300000687 5.22758097313 -25.0473 3.85449 -21.921
9.93355 70000066300000688 70000066300000687 70000066300000707 70000066300000686 4.99593346816 -36.9882 -7.52501 -19.673
9.94851 70000066300000687 70000066300000685 70000066300000707 70000066300000684 4.66451770247 -35.025 -8.009 -18.3595
9.95689 70000066300000685 70000066300000684 70000066300000707 70000066300000683 4.42803373661 -34.6273 -12.3068 -14.7166
9.08038 70000066300000780 70000066300000779 70000066300000787 70000066300000778 7.00541704554 -2.56293 8.06653 6.50671
9.10415 70000066300000779 70000066300000778 70000066300000787 70000066300000777 6.85511726265 6.53467 5.08761 5.86778
9.10415 70000066300000778 70000066300000777 70000066300000787 70000066300000776 6.49159774567 3.6194 4.8431 4.96102
9.11179 70000066300000777 70000066300000776 70000066300000787 70000066300000775 6.14490120342 3.53865 2.38428 0.314624
9.17073 70000066300000776 70000066300000775 70000066300000787 70000066300000774 6.01075739884 -2.54397 4.05913 -0.52963
9.21072 70000066300000775 70000066300000774 70000066300000787 70000066300000773 5.84661374788 -3.09867 7.39087 -0.436929
9.24733 70000066300000774 70000066300000773 70000066300000787 70000066300000772 5.52976580795 -3.525 8.50115 -1.23103
9.25284 70000066300000773 70000066300000772 70000066300000787 70000066300000771 5.22758097313 -6.17092 7.024 -2.71573
9.27246 70000066300000772 70000066300000770 70000066300000787 70000066300000769 4.93938066349 -2.23227 8.57715 3.03233
9.30602 70000066300000770 70000066300000769 70000066300000787 70000066300000768 4.66451770247 4.65128 5.5793 2.43259
9.58127 70000066300000769 70000066300000768 70000066300000787 70000066300000767 4.42803373661 8.27933 11.5449 -36.9072
9.58723 70000066300000768 70000066300000767 70000066300000787 70000066300000766 4.17683491473 5.91873 12.2427 -31.1794
9.01928 70000066300000792 70000066300000791 70000066300000793 70000066300000790 5.22758097313 -7.28952 20.7731 -8.80648
9.04653 70000066300000791 70000066300000790 70000066300000793 70000066300000789 4.99593346816 -8.40514 21.4936 -9.62821
9.05811 70000066300000790 70000066300000789 70000066300000793 70000066300000788 4.93938066349 -8.10117 22.2487 -8.36716
9.06096 70000066300000897 70000066300000896 70000066300000913 70000066300000895 4.42803373661 -6.72766 -3.32854 -16.666
9.32805 70000066300000953 70000066300000952 70000066300000960 70000066300000951 8.44947629437 -1.54121 -14.9979 -6.92128
9.40001 70000066300000952 70000066300000950 70000066300000960 70000066300000949 7.59510714987 -4.89897 -10.2219 -9.53222
9.40131 70000066300000950 70000066300000949 70000066300000960 70000066300000948 7.23627606617 -4.99695 -14.7218 -4.84873
9.48905 70000066300000949 70000066300000948 70000066300000960 70000066300000947 7.00541704554 -4.45521 -10.1878 9.94383
9.52754 70000066300000948 70000066300000947 70000066300000960 70000066300000946 6.85511726265 -5.79529 -10.904 -2.34301
9.55113 70000066300000947 70000066300000946 70000066300000960 70000066300000945 6.49159774567 -6.54465 -11.0298 -5.46681
9.58383 70000066300000946 70000066300000945 70000066300000960 70000066300000944 6.14490120342 -7.67135 -11.9921 -2.06512
9.59642 70000066300000945 70000066300000943 70000066300000960 70000066300000942 5.84661374788 -8.951 -8.70754 -2.25399
9.68985 70000066300000943 70000066300000942 70000066300000960 70000066300000941 5.52976580795 -11.9436 -11.0906 10.8303
9.74784 70000066300000942 70000066300000941 70000066300000960 70000066300000940 5.22758097313 -18.9624 -9.6963 30.528
9.78902 70000066300000941 70000066300000940 70000066300000960 70000066300000939 4.99593346816 -22.1865 -4.01412 23.8828
9.86034 70000066300000940 70000066300000938 70000066300000960 70000066300000937 4.66451770247 -11.4814 12.8536 12.8689
9.96191 70000066300000938 70000066300000937 70000066300000960 70000066300000936 4.42803373661 -3.63475 5.127 33.8055
10.0445 70000066300000937 70000066300000936 70000066300000960 70000066300000935 4.17683491473 3.18151 -6.52913 31.0381
10.1335 70000066300000936 70000066300000935 70000066300000960 70000066300000934 4.00794511147 25.1281 -8.34339 4.39876
9.01298 70000066300001318 70000066300001317 70000066300001327 70000066300001316 8.01217294887 1.26096 -1.9 2.98768
9.04653 70000066300001317 70000066300001315 70000066300001327 70000066300001314 7.23627606617 1.0724 -2.7219 1.60975
9.07492 70000066300001315 70000066300001314 70000066300001327 70000066300001313 7.00541704554 1.37815 -1.09018 0.881864
9.1193 70000066300001314 70000066300001313 70000066300001327 70000066300001312 6.85511726265 -0.111208 -0.811148 -3.35828
9.15502 70000066300001313 70000066300001312 70000066300001327 70000066300001311 6.49159774567 0.367342 0.254462 -2.09928
9.18802 70000066300001312 70000066300001311 70000066300001327 70000066300001310 6.14490120342 -0.267807 2.44826 -2.70822
9.19223 70000066300001311 70000066300001309 70000066300001327 70000066300001308 5.84661374788 -0.161973 3.58267 -3.11163
9.21671 70000066300001309 70000066300001308 70000066300001327 70000066300001307 5.52976580795 2.65663 3.42503 -0.79431
9.22262 70000066300001308 70000066300001306 70000066300001327 70000066300001305 4.99593346816 2.6056 3.83244 -0.211161
9.24733 70000066300001306 70000066300001305 70000066300001327 70000066300001304 4.93938066349 -0.495619 2.05817 1.00977
9.2862 70000066300001305 70000066300001304 70000066300001327 70000066300001303 4.66451770247 -0.768366 -0.511497 3.01408
9.32958 70000066300001304 70000066300001303 70000066300001327 70000066300001302 4.42803373661 5.17269 -0.898354 2.46944
9.33111 70000066300001303 70000066300001302 70000066300001327 70000066300001301 4.17683491473 6.39977 -5.36139 9.8083
9.34461 70000066300001302 70000066300001301 70000066300001327 70000066300001300 4.00794511147 6.33475 -3.00264 11.9538
9.60299 70000066300001301 70000066300001299 70000066300001327 70000066300001298 3.70877426464 12.9846 -26.2839 40.6953
9.62056 70000066300001299 70000066300001293 70000066300001327 70000066300001292 2.73314261732 33.3449 -44.7946 21.4745
9.10157 70000066300001353 70000066300001352 70000066300001361 70000066300001351 5.52976580795 2.33864 8.47703 -4.37171
9.23037 70000066300001352 70000066300001351 70000066300001361 70000066300001350 5.22758097313 -3.24766 3.47534 -12.9318
9.58723 70000066300001351 70000066300001342 70000066300001361 70000066300001341 3.49086136926 10.1702 -31.9889 -11.0748
9.04653 70000066300001505 70000066300001504 70000066300001518 70000066300001503 2.20792547238 -16.0085 1.27759 0.652157
9.06096 70000066300001504 70000066300001503 70000066300001518 70000066300001502 2.1032696526 -3.34825 9.77295 5.54166
9.06939 70000066300001503 70000066300001502 70000066300001518 70000066300001501 2.00202813925 -12.7165 -5.08287 6.35686
9.0316 70000066300001623 70000066300001622 70000066300001640 70000066300001621 3.28303305796 -0.137295 5.53517 -5.6336
9.08578 70000066300001622 70000066300001621 70000066300001640 70000066300001620 3.08482263583 -2.06964 5.88515 -2.38119
9.08845 70000066300001621 70000066300001620 70000066300001640 70000066300001619 3.00813107163 -2.86279 7.76443 -2.42186
9.04358 70000066300001710 70000066300001709 70000066300001715 70000066300001708 5.22758097313 5.75631 0.297864 -2.53729
9.07216 70000066300001709 70000066300001708 70000066300001715 70000066300001707 4.99593346816 5.88195 -3.42783 -4.96826
9.08309 70000066300001708 70000066300001707 70000066300001715 70000066300001706 4.93938066349 5.21465 0.703921 -4.67726
9.14811 70000066300001707 70000066300001706 70000066300001715 70000066300001705 4.66451770247 5.66086 2.68187 -5.45134
9.17729 70000066300001706 70000066300001705 70000066300001715 70000066300001704 4.42803373661 5.33161 -0.397869 -6.18433
9.18376 70000066300001705 70000066300001700 70000066300001715 70000066300001699 3.49086136926 1.44878 -1.80452 -10.3572
9.14344 70000066300001787 70000066300001786 70000066300001803 70000066300001785 3.93726108473 11.1144 3.83059 -1.84817
9.1573 70000066300001786 70000066300001785 70000066300001803 70000066300001784 3.70877426464 12.9819 11.559 0.530651
9.2361 70000066300001785 70000066300001784 70000066300001803 70000066300001783 3.49086136926 14.3056 10.3277 0.746741
9.30923 70000066300001784 70000066300001783 70000066300001803 70000066300001782 3.28303305796 14.5586 7.34542 3.56791
9.3156 70000066300001783 70000066300001781 70000066300001803 70000066300001780 3.00813107163 13.3651 8.18106 3.54439
9.35483 70000066300001781 70000066300001780 70000066300001803 70000066300001779 2.89578500573 -16.1414 -10.5306 13.7522
9.02548 70000066300001938 70000066300001937 70000066300001944 70000066300001936 6.14490120342 5.47906 -3.33177 -2.22315
9.06378 70000066300001937 70000066300001934 70000066300001944 70000066300001933 5.52976580795 6.5329 -2.76134 -1.83635
9.1663 70000066300001934 70000066300001933 70000066300001944 70000066300001932 5.22758097313 10.6686 -8.74199 -9.51429
9.18162 70000066300001933 70000066300001931 70000066300001944 70000066300001930 4.93938066349 8.81518 -8.1046 -7.49776
9.18162 70000066300001931 70000066300001929 70000066300001944 70000066300001928 4.42803373661 7.20714 -7.51218 -5.30592
9.24733 70000066300001929 70000066300001928 70000066300001944 70000066300001927 4.17683491473 3.97157 -9.25796 -4.65285
9.30115 70000066300001928 70000066300001927 70000066300001944 70000066300001926 4.00794511147 10.7873 -10.3272 -6.24994
9.0666 70000066300002141 70000066300002140 70000066300002153 70000066300002139 4.42803373661 6.20777 -0.569172 0.380149
9.07766 70000066300002140 70000066300002139 70000066300002153 70000066300002138 4.17683491473 7.44006 -3.16575 0.54809
9.1573 70000066300002139 70000066300002138 70000066300002153 70000066300002137 4.00794511147 12.2021 -5.57443 -1.65775
9.16407 70000066300002138 70000066300002137 70000066300002153 70000066300002136 3.93726108473 11.658 -5.79749 -2.6943
9.18589 70000066300002137 70000066300002136 70000066300002153 70000066300002135 3.70877426464 6.17443 -3.01662 -1.76486
9.25101 70000066300002136 70000066300002135 70000066300002153 70000066300002134 3.49086136926 6.69044 -2.34189 -5.15239
9.37042 70000066300002135 70000066300002134 70000066300002153 70000066300002133 3.28303305796 -3.28283 5.78911 -23.6765
9.37595 70000066300002134 70000066300002133 70000066300002153 70000066300002132 3.08482263583 -6.27209 4.60204 -27.7117
9.38141 70000066300002133 70000066300002131 70000066300002153 70000066300002130 2.89578500573 -3.67124 2.72705 -26.7978
9.41534 70000066300002131 70000066300002130 70000066300002153 70000066300002129 2.73314261732 -3.55134 -0.117983 -31.5862
9.07766 70000066300002225 70000066300002224 70000066300002238 70000066300002223 4.00794511147 -2.81898 -8.58536 -10.4011
9.09375 70000066300002224 70000066300002222 70000066300002238 70000066300002221 3.70877426464 -6.06646 6.15432 -6.62838
9.12668 70000066300002222 70000066300002220 70000066300002238 70000066300002219 3.28303305796 -4.40733 -4.28164 -5.98489
9.02548 70000066300002633 70000066300002632 70000066300002642 70000066300002631 3.70877426464 -4.78471 -7.65356 -9.34156
9.27594 70000066300002632 70000066300002631 70000066300002642 70000066300002630 3.49086136926 -11.1841 -10.6068 -23.7112
9.32651 70000066300002631 70000066300002630 70000066300002642 70000066300002629 3.28303305796 -4.61624 -13.9702 -23.7205
9.34165 70000066300002630 70000066300002629 70000066300002642 70000066300002628 3.08482263583 -2.56518 -14.0074 -21.8066
9.37181 70000066300002629 70000066300002628 70000066300002642 70000066300002627 3.00813107163 -1.36079 -17.1525 -19.8602
9.1663 70000066300002848 70000066300002847 70000066300002856 70000066300002846 7.59510714987 -2.50481 -0.13726 -6.17259
9.1663 70000066300002847 70000066300002846 70000066300002856 70000066300002845 7.23627606617 -0.8795 1.24896 -8.05383
9.20464 70000066300002846 70000066300002845 70000066300002856 70000066300002844 7.00541704554 1.0173 -0.877731 -7.45924
9.25284 70000066300002845 70000066300002844 70000066300002856 70000066300002843 6.85511726265 1.65477 -2.52413 -9.34058
9.28788 70000066300002844 70000066300002843 70000066300002856 70000066300002842 6.49159774567 1.20966 -0.918661 -10.1236
9.37181 70000066300002843 70000066300002842 70000066300002856 70000066300002841 6.14490120342 1.78438 0.604438 -10.9511
9.49744 70000066300002842 70000066300002841 70000066300002856 70000066300002840 6.01075739884 -4.28674 2.34415 -21.9065
9.69647 70000066300002841 70000066300002840 70000066300002856 70000066300002839 5.84661374788 8.30358 -24.5834 16.8466
9.79639 70000066300002840 70000066300002839 70000066300002856 70000066300002838 5.52976580795 7.92706 -15.0254 11.2302
9.87365 70000066300002839 70000066300002838 70000066300002856 70000066300002837 5.22758097313 17.0029 -2.548 8.80501
9.9529 70000066300002838 70000066300002837 70000066300002856 70000066300002836 4.99593346816 23.5394 -1.97779 -0.780675
9.96012 70000066300002837 70000066300002836 70000066300002856 70000066300002835 4.93938066349 17.143 -1.0709 4.18072
10.0766 70000066300002836 70000066300002835 70000066300002856 70000066300002834 4.66451770247 22.8376 9.43192 18.9793
10.139 70000066300002835 70000066300002834 70000066300002856 70000066300002833 4.42803373661 30.8279 13.6574 19.5663
10.2577 70000066300002834 70000066300002833 70000066300002856 70000066300002832 4.17683491473 20.6002 26.8433 35.9038
10.3192 70000066300002833 70000066300002832 70000066300002856 70000066300002831 4.00794511147 -1.89111 50.3386 37.8332
10.3671 70000066300002832 70000066300002831 70000066300002856 70000066300002830 3.93726108473 7.30064 60.872 40.5281
10.5135 70000066300002831 70000066300002830 70000066300002856 70000066300002829 3.70877426464 29.088 42.9888 52.5674
10.5788 70000066300002830 70000066300002829 70000066300002856 70000066300002828 3.49086136926 63.2638 53.0181 74.4219
10.7311 70000066300002829 70000066300002828 70000066300002856 70000066300002827 3.28303305796 25.4258 73.7955 79.3654
10.801 70000066300002828 70000066300002827 70000066300002856 70000066300002826 3.08482263583 25.5697 105.888 81.4451
10.8123 70000066300002827 70000066300002826 70000066300002856 70000066300002825 3.00813107163 46.1696 110.251 77.0073
10.8682 70000066300002826 70000066300002825 70000066300002856 70000066300002824 2.89578500573 -0.219134 121.882 50.2531
10.9186 70000066300002825 70000066300002824 70000066300002856 70000066300002823 2.73314261732 -2.34439 212.287 40.235
10.951 70000066300002824 70000066300002823 70000066300002856 70000066300002822 2.5772902716 72.2457 217.895 41.887
11.015 70000066300002823 70000066300002822 70000066300002856 70000066300002821 2.44422570455 136.863 155.626 73.1736
11.0476 70000066300002822 70000066300002821 70000066300002856 70000066300002820 2.31611074396 144.722 176.767 76.82
11.1164 70000066300002821 70000066300002820 70000066300002856 70000066300002819 2.20792547238 264.076 83.6705 89.8829
11.1783 70000066300002820 70000066300002819 70000066300002856 70000066300002818 2.1032696526 286.98 93.4585 112.633
11.1876 70000066300002819 70000066300002818 70000066300002856 70000066300002817 2.00202813925 254.623 69.9346 94.5534
11.1946 70000066300002818 70000066300002817 70000066300002856 70000066300002816 1.90408954353 281.476 131.328 133.018
11.2366 70000066300002817 70000066300002816 70000066300002856 70000066300002815 1.82268925262 158.899 230.833 128.804
11.28 70000066300002816 70000066300002815 70000066300002856 70000066300002814 1.74357057433 53.1666 180.698 124.311
11.2985 70000066300002815 70000066300002814 70000066300002856 70000066300002813 1.66666955611 -10.1913 143.33 118.658
11.3224 70000066300002814 70000066300002813 70000066300002856 70000066300002812 1.60423452207 -84.451 185.94 64.0239
11.3274 70000066300002813 70000066300002809 70000066300002856 70000066300002808 1.3575766674 -108.127 -298.42 56.7934
11.3283 70000066300002809 70000066300002805 70000066300002856 70000066300002804 1.15460271236 -109.321 -220.932 68.0016
11.6211 70000066300002805 70000066300002796 70000066300002856 70000066300002795 0.851470900625 409.06 1179.13 -1127.59
9.02239 70000066300002888 70000066300002887 70000066300002893 70000066300002886 6.49159774567 -3.54383 -0.203804 0.634767
9.17073 70000066300002887 70000066300002886 70000066300002893 70000066300002885 6.14490120342 -7.79408 -3.84037 8.94286
9.05524 70000066300002916 70000066300002915 70000066300002928 70000066300002914 4.93938066349 0.34959 -10.6345 -7.91534
9.1663 70000066300002915 70000066300002913 70000066300002928 70000066300002912 4.42803373661 4.93607 -15.9567 -19.1609
9.00012 70000066300002936 70000066300002935 70000066300002941 70000066300002934 4.99593346816 8.37616 8.5112 -13.6965
9.06939 70000066300002935 70000066300002933 70000066300002941 70000066300002932 4.66451770247 3.94774 -16.9843 -17.7886
9.01928 70000066300002979 70000066300002978 70000066300002984 70000066300002977 6.14490120342 6.19492 -3.09513 -6.22098
9.05524 70000066300002978 70000066300002977 70000066300002984 70000066300002976 6.01075739884 6.54932 -1.07884 -8.18303
9.06378 70000066300002977 70000066300002976 70000066300002984 70000066300002975 5.84661374788 5.52938 -2.8183 -7.95027
9.12178 70000066300002976 70000066300002975 70000066300002984 70000066300002974 5.52976580795 6.76567 -1.16409 -7.59111
9.01928 70000066300003036 70000066300003035 70000066300003037 70000066300003034 7.23627606617 -11.2084 -3.51165 -14.2164
9.02855 70000066300003035 70000066300003022 70000066300003037 70000066300003021 4.17683491473 6.17671 -17.8193 -0.577328
9.19223 70000066300003064 70000066300003063 70000066300003072 70000066300003062 5.22758097313 -5.39127 -1.61441 -6.61526
9.19641 70000066300003063 70000066300003059 70000066300003072 70000066300003058 4.42803373661 8.66823 1.25333 -10.3576
9.22262 70000066300003059 70000066300003057 70000066300003072 70000066300003056 4.00794511147 9.48425 2.60247 -7.84593
9.01614 70000066300003096 70000066300003095 70000066300003104 70000066300003094 6.14490120342 -2.07602 1.10876 2.16732
9.01928 70000066300003095 70000066300003094 70000066300003104 70000066300003093 6.01075739884 -2.27187 1.23416 0.503781
9.09898 70000066300003094 70000066300003093 70000066300003104 70000066300003092 5.84661374788 -4.20415 -2.37834 -1.11185
9.09898 70000066300003093 70000066300003092 70000066300003104 70000066300003091 5.52976580795 -5.08104 -1.85797 -1.88953
9.17946 70000066300003092 70000066300003091 70000066300003104 70000066300003090 5.22758097313 -5.13433 -0.0436904 -2.9634
9.23037 70000066300003091 70000066300003090 70000066300003104 70000066300003089 4.99593346816 -9.87928 0.649357 1.46217
9.25101 70000066300003090 70000066300003088 70000066300003104 70000066300003087 4.66451770247 -9.20017 -0.337164 2.73475
9.43617 70000066300003088 70000066300003087 70000066300003104 70000066300003086 4.42803373661 -18.9901 5.42858 5.99765
9.50158 70000066300003087 70000066300003086 70000066300003104 70000066300003085 4.17683491473 -16.0726 15.3616 6.47986
9.10157 70000066300003166 70000066300003165 70000066300003175 70000066300003164 7.59510714987 6.00979 1.00953 1.46535
9.14578 70000066300003165 70000066300003164 70000066300003175 70000066300003163 7.23627606617 5.97296 1.44155 -0.513506
9.19223 70000066300003164 70000066300003163 70000066300003175 70000066300003162 7.00541704554 6.60059 4.24431 1.7081
9.35194 70000066300003163 70000066300003162 70000066300003175 70000066300003161 6.85511726265 24.8269 5.39046 11.6508
9.41282 70000066300003162 70000066300003160 70000066300003175 70000066300003159 6.14490120342 25.3273 8.40923 11.3302
9.44093 70000066300003160 70000066300003159 70000066300003175 70000066300003158 6.01075739884 21.8257 7.22233 9.77944
9.45261 70000066300003159 70000066300003158 70000066300003175 70000066300003157 5.84661374788 22.1153 5.91318 9.22177
9.51275 70000066300003158 70000066300003157 70000066300003175 70000066300003156 5.52976580795 20.829 3.18734 10.5958
9.57349 70000066300003157 70000066300003155 70000066300003175 70000066300003154 4.99593346816 15.9235 3.91704 6.1799
9.57436 70000066300003155 70000066300003154 70000066300003175 70000066300003153 4.93938066349 12.8213 2.13941 5.92196
9.60381 70000066300003154 70000066300003153 70000066300003175 70000066300003152 4.66451770247 16.8189 2.09773 9.35314
9.62754 70000066300003153 70000066300003152 70000066300003175 70000066300003151 4.42803373661 18.5489 -3.98756 9.46706
9.02239 70000066300003282 70000066300003281 70000066300003289 70000066300003280 8.01217294887 1.21859 0.853424 -1.98083
9.17729 70000066300003281 70000066300003280 70000066300003289 70000066300003279 7.59510714987 1.33936 1.93003 -1.84656
9.17946 70000066300003280 70000066300003279 70000066300003289 70000066300003278 7.23627606617 2.91821 1.07764 -0.423783
9.19641 70000066300003279 70000066300003278 70000066300003289 70000066300003277 7.00541704554 2.44597 0.353226 -1.34794
9.21869 70000066300003278 70000066300003277 70000066300003289 70000066300003276 6.85511726265 5.24303 -0.835378 -3.0123
9.25466 70000066300003277 70000066300003276 70000066300003289 70000066300003275 6.49159774567 6.0719 0.851924 -3.70296
9.30602 70000066300003276 70000066300003275 70000066300003289 70000066300003274 6.14490120342 -0.269547 0.230876 -0.131413
9.31717 70000066300003275 70000066300003274 70000066300003289 70000066300003273 6.01075739884 -0.775041 1.13154 0.915864
9.32958 70000066300003274 70000066300003273 70000066300003289 70000066300003272 5.84661374788 1.31953 3.19857 0.663338
9.37732 70000066300003273 70000066300003272 70000066300003289 70000066300003271 5.52976580795 2.11364 0.965672 -1.37931
9.39478 70000066300003272 70000066300003271 70000066300003289 70000066300003270 5.22758097313 -0.383253 -0.742158 -4.56494
9.44093 70000066300003271 70000066300003270 70000066300003289 70000066300003269 4.99593346816 -2.30497 1.30116 -5.09279
9.45376 70000066300003270 70000066300003269 70000066300003289 70000066300003268 4.93938066349 1.23008 2.91195 -3.06437
9.49951 70000066300003269 70000066300003268 70000066300003289 70000066300003267 4.66451770247 -5.70229 -1.00805 -4.13896
9.52851 70000066300003268 70000066300003267 70000066300003289 70000066300003266 4.42803373661 -13.7588 -0.277068 -8.2641
9.62134 70000066300003267 70000066300003266 70000066300003289 70000066300003265 4.17683491473 -22.2014 1.21367 -13.0257
9.69647 70000066300003266 70000066300003262 70000066300003289 70000066300003261 3.49086136926 -13.6103 8.26375 -7.6905
9.02239 70000066300003347 70000066300003346 70000066300003356 70000066300003345 4.17683491473 -4.04661 -17.1704 16.798
9.0316 70000066300003346 70000066300003344 70000066300003356 70000066300003343 3.93726108473 -6.18703 -14.9008 17.2577
9.04062 70000066300003344 70000066300003342 70000066300003356 70000066300003341 3.49086136926 -13.4247 -16.4478 3.22775
9.13154 70000066300003493 70000066300003492 70000066300003495 70000066300003491 10.3674435724 -9.46699 0.576651 -11.446
9.36902 70000066300003492 70000066300003491 70000066300003495 70000066300003490 9.99659046619 0.832845 -6.09101 -8.98967
9.4651 70000066300003491 70000066300003489 70000066300003495 70000066300003488 9.38877127194 -1.61875 -8.02615 -9.27677
9.54928 70000066300003489 70000066300003488 70000066300003495 70000066300003487 9.00233985416 -5.05573 -8.87046 -11.2034
9.59725 70000066300003488 70000066300003487 70000066300003495 70000066300003486 8.9079991856 -5.97208 -4.72178 -13.0018
9.70621 70000066300003487 70000066300003486 70000066300003495 70000066300003485 8.44947629437 -7.28797 -2.03096 -23.1606
9.85763 70000066300003486 70000066300003485 70000066300003495 70000066300003484 8.01217294887 -2.65632 -1.68974 -17.7223
9.89911 70000066300003485 70000066300003484 70000066300003495 70000066300003483 7.59510714987 -3.06102 2.16602 -12.1895
10.0088 70000066300003484 70000066300003483 70000066300003495 70000066300003482 7.23627606617 -10.9415 7.20442 -15.7914
10.0652 70000066300003483 70000066300003482 70000066300003495 70000066300003481 7.00541704554 -23.3746 20.1219 -16.6705
10.0735 70000066300003482 70000066300003480 70000066300003495 70000066300003479 6.49159774567 -15.7096 14.0472 -15.9158
10.1158 70000066300003480 70000066300003479 70000066300003495 70000066300003478 6.14490120342 -21.3579 9.16534 -12.2296
10.1406 70000066300003479 70000066300003478 70000066300003495 70000066300003477 6.01075739884 -19.3847 7.66029 -13.3658
10.1857 70000066300003478 70000066300003477 70000066300003495 70000066300003476 5.84661374788 -10.5861 9.39299 -18.7925
10.2321 70000066300003477 70000066300003476 70000066300003495 70000066300003475 5.52976580795 -17.3761 27.709 -15.3322
10.262 70000066300003476 70000066300003475 70000066300003495 70000066300003474 5.22758097313 -20.8011 39.1932 -21.6635
10.2889 70000066300003475 70000066300003474 70000066300003495 70000066300003473 4.99593346816 -21.1004 47.234 -17.9873
10.306 70000066300003474 70000066300003473 70000066300003495 70000066300003472 4.93938066349 -24.8494 43.8755 -16.4383
10.3451 70000066300003473 70000066300003472 70000066300003495 70000066300003471 4.66451770247 -16.9481 40.6301 -23.0434
10.3697 70000066300003472 70000066300003471 70000066300003495 70000066300003470 4.42803373661 -13.788 37.3512 -10.2264
10.3958 70000066300003471 70000066300003470 70000066300003495 70000066300003469 4.17683491473 -14.2162 30.8031 -5.79631
10.4281 70000066300003470 70000066300003469 70000066300003495 70000066300003468 4.00794511147 -24.6661 30.0445 -4.33507
10.4429 70000066300003469 70000066300003468 70000066300003495 70000066300003467 3.93726108473 -25.9228 27.8715 -2.91813
10.4618 70000066300003468 70000066300003467 70000066300003495 70000066300003466 3.70877426464 -17.4664 21.9793 -1.65605
10.487 70000066300003467 70000066300003465 70000066300003495 70000066300003464 3.28303305796 -11.9033 25.0835 -1.53386
10.5005 70000066300003465 70000066300003464 70000066300003495 70000066300003463 3.08482263583 -15.3305 24.6581 -9.23707
10.5063 70000066300003464 70000066300003463 70000066300003495 70000066300003462 3.00813107163 -14.0079 18.2807 -12.2577
10.5092 70000066300003463 70000066300003462 70000066300003495 70000066300003461 2.89578500573 -10.0413 14.8256 -13.7541
10.5279 70000066300003462 70000066300003461 70000066300003495 70000066300003460 2.73314261732 -3.23736 23.8186 -6.70016
9.23988 70000066300003557 70000066300003556 70000066300003562 70000066300003555 8.44947629437 -1.83541 3.68848 7.55774
9.2811 70000066300003556 70000066300003554 70000066300003562 70000066300003553 7.59510714987 -1.3177 4.37789 3.93979
9.29787 70000066300003554 70000066300003553 70000066300003562 70000066300003552 7.23627606617 -5.41262 -0.608599 9.34454
9.3156 70000066300003553 70000066300003552 70000066300003562 70000066300003551 7.00541704554 2.08487 1.25878 5.02125
9.38815 70000066300003552 70000066300003551 70000066300003562 70000066300003550 6.85511726265 8.02719 -0.0629445 9.23272
9.04653 70000066300003649 70000066300003648 70000066300003654 70000066300003647 6.14490120342 11.4822 9.74827 -4.4574
9.08309 70000066300003648 70000066300003647 70000066300003654 70000066300003646 6.01075739884 11.4426 7.29876 -2.86544
9.11179 70000066300003647 70000066300003645 70000066300003654 70000066300003644 5.52976580795 9.69134 7.55376 -1.22187
9.1573 70000066300003645 70000066300003644 70000066300003654 70000066300003643 5.22758097313 5.16574 14.0143 -5.38718
9.22845 70000066300003644 70000066300003642 70000066300003654 70000066300003641 4.93938066349 7.31627 10.4762 2.23397
9.40518 70000066300003642 70000066300003641 70000066300003654 70000066300003640 4.66451770247 13.5757 3.80875 8.55407
9.45145 70000066300003641 70000066300003640 70000066300003654 70000066300003639 4.42803373661 19.978 9.77713 11.0294
9.50158 70000066300003640 70000066300003638 70000066300003654 70000066300003637 4.00794511147 19.9816 19.683 15.2515
9.51575 70000066300003638 70000066300003637 70000066300003654 70000066300003636 3.93726108473 20.0548 18.5481 17.2357
9.55113 70000066300003637 70000066300003636 70000066300003654 70000066300003635 3.70877426464 27.2853 21.834 15.3312
9.60624 70000066300003636 70000066300003634 70000066300003654 70000066300003633 3.28303305796 27.7216 23.6467 18.0359
9.65005 70000066300003634 70000066300003631 70000066300003654 70000066300003630 2.89578500573 16.705 13.5171 18.0651
9.00337 70000066300003673 70000066300003672 70000066300003683 70000066300003671 5.22758097313 5.37513 9.03971 1.38064
9.08038 70000066300003710 70000066300003709 70000066300003724 70000066300003708 4.00794511147 5.58642 -4.86928 4.65866
9.14344 70000066300003709 70000066300003704 70000066300003724 70000066300003703 3.08482263583 -5.78063 -5.3617 1.999
9.0098 70000066300003831 70000066300003830 70000066300003844 70000066300003829 6.14490120342 -8.00254 -3.91562 2.22578
9.04062 70000066300003830 70000066300003829 70000066300003844 70000066300003828 6.01075739884 -7.12861 -4.60147 3.4714
9.06939 70000066300003829 70000066300003828 70000066300003844 70000066300003827 5.84661374788 -6.09124 -1.85117 2.04245
9.10926 70000066300003828 70000066300003827 70000066300003844 70000066300003826 5.52976580795 -5.04597 -3.34429 -0.309938
9.21869 70000066300003827 70000066300003825 70000066300003844 70000066300003824 4.99593346816 -11.7522 -8.84928 -2.22551
9.26187 70000066300003825 70000066300003822 70000066300003844 70000066300003821 4.42803373661 -7.10377 -9.79823 0.26051
9.27766 70000066300003822 70000066300003821 70000066300003844 70000066300003820 4.17683491473 -3.65221 -6.77175 -2.04223
9.3156 70000066300003821 70000066300003820 70000066300003844 70000066300003819 4.00794511147 -3.04672 -7.60926 -8.86578
9.33566 70000066300003820 70000066300003819 70000066300003844 70000066300003818 3.93726108473 -0.422718 -9.68436 -5.90659
9.0098 70000066300003877 70000066300003876 70000066300003882 70000066300003875 6.14490120342 -0.983018 -7.02813 -1.30764
9.12424 70000066300003876 70000066300003875 70000066300003882 70000066300003874 6.01075739884 -0.140991 -7.61736 -3.73444
9.15273 70000066300003875 70000066300003873 70000066300003882 70000066300003872 5.52976580795 2.52252 -10.2534 -4.41268
9.21272 70000066300003873 70000066300003872 70000066300003882 70000066300003871 5.22758097313 1.15515 -10.4845 -0.803756
9.22066 70000066300003872 70000066300003871 70000066300003882 70000066300003870 4.99593346816 -0.018555 -5.10485 -2.20889
9.24918 70000066300003871 70000066300003870 70000066300003882 70000066300003869 4.93938066349 -0.648956 -6.80761 -1.37853
9.2742 70000066300003870 70000066300003869 70000066300003882 70000066300003868 4.66451770247 -1.751 -5.41142 -2.17679
9.40646 70000066300003869 70000066300003867 70000066300003882 70000066300003866 4.17683491473 -9.70009 -8.31847 -5.34757
9.42281 70000066300003867 70000066300003863 70000066300003882 70000066300003862 3.49086136926 -0.225502 3.42448 1.96956
9.00337 70000066300003917 70000066300003916 70000066300003924 70000066300003915 6.49159774567 5.94454 -3.07455 -10.2781
9.03763 70000066300003916 70000066300003915 70000066300003924 70000066300003914 6.14490120342 2.41648 1.09266 -7.77792
9.13154 70000066300003915 70000066300003912 70000066300003924 70000066300003911 5.52976580795 4.10609 4.05514 2.12744
9.21272 70000066300003912 70000066300003911 70000066300003924 70000066300003910 5.22758097313 0.072482 6.14557 -3.64741
9.29622 70000066300003911 70000066300003910 70000066300003924 70000066300003909 4.99593346816 2.98606 8.22956 -11.1436
9.36902 70000066300003910 70000066300003908 70000066300003924 70000066300003907 4.66451770247 5.11571 7.30228 -16.1265
9.43377 70000066300003908 70000066300003907 70000066300003924 70000066300003906 4.42803373661 12.3398 8.72747 -23.3522
9.4651 70000066300003907 70000066300003906 70000066300003924 70000066300003905 4.17683491473 11.9415 8.87367 -24.9844
9.49431 70000066300003906 70000066300003905 70000066300003924 70000066300003904 4.00794511147 9.64442 11.6348 -26.7891
9.10671 70000066300004021 70000066300004020 70000066300004023 70000066300004019 10.3674435724 -9.63199 -3.66104 -1.52383
9.24918 70000066300004020 70000066300004019 70000066300004023 70000066300004018 9.99659046619 -10.7962 -0.809645 -2.67878
9.39346 70000066300004019 70000066300004018 70000066300004023 70000066300004017 9.84138043947 3.69259 8.02812 1.3674
9.65078 70000066300004018 70000066300004017 70000066300004023 70000066300004016 9.38877127194 15.2373 7.67443 -13.1901
9.69778 70000066300004017 70000066300004016 70000066300004023 70000066300004015 9.00233985416 4.89952 3.75617 -11.9563
9.7378 70000066300004016 70000066300004015 70000066300004023 70000066300004014 8.9079991856 6.07531 3.78965 -13.5246
9.81628 70000066300004015 70000066300004014 70000066300004023 70000066300004013 8.44947629437 11.4682 1.4077 -10.2281
9.90929 70000066300004014 70000066300004013 70000066300004023 70000066300004012 8.01217294887 13.0373 -1.25091 -9.97313
9.95833 70000066300004013 70000066300004012 70000066300004023 70000066300004011 7.59510714987 14.8276 -6.86164 -8.31242
10.006 70000066300004012 70000066300004011 70000066300004023 70000066300004010 7.23627606617 15.4745 0.147702 -4.27195
10.0168 70000066300004011 70000066300004009 70000066300004023 70000066300004008 6.85511726265 13.3706 1.07464 -5.85987
10.0686 70000066300004009 70000066300004008 70000066300004023 70000066300004007 6.49159774567 8.55917 1.88486 2.85064
10.0974 70000066300004008 70000066300004007 70000066300004023 70000066300004006 6.14490120342 13.4586 8.42272 1.59547
10.1156 70000066300004007 70000066300004005 70000066300004023 70000066300004004 5.84661374788 17.7955 10.5706 3.45487
10.1215 70000066300004005 70000066300004004 70000066300004023 70000066300004003 5.52976580795 21.7277 1.15299 1.04907
10.2103 70000066300004004 70000066300004003 70000066300004023 70000066300004002 5.22758097313 34.0783 5.49191 1.05363
10.2139 70000066300004003 70000066300004002 70000066300004023 70000066300004001 4.99593346816 33.8356 -6.32192 -7.91955
10.2453 70000066300004002 70000066300004001 70000066300004023 70000066300004000 4.93938066349 52.8081 -8.5034 -6.24457
10.3248 70000066300004001 70000066300004000 70000066300004023 70000066300003999 4.66451770247 101.248 1.03368 4.56915
10.3651 70000066300004000 70000066300003999 70000066300004023 70000066300003998 4.42803373661 99.185 -3.21352 11.2605
10.395 70000066300003999 70000066300003998 70000066300004023 70000066300003997 4.17683491473 96.1814 2.42623 9.97462
10.4396 70000066300003998 70000066300003997 70000066300004023 70000066300003996 4.00794511147 101.02 -1.12999 24.6297
10.4579 70000066300003997 70000066300003995 70000066300004023 70000066300003994 3.70877426464 84.1374 -4.50564 12.3063
10.4643 70000066300003995 70000066300003994 70000066300004023 70000066300003993 3.49086136926 90.251 2.97341 20.7033
10.49 70000066300003994 70000066300003993 70000066300004023 70000066300003992 3.28303305796 83.6141 4.22129 20.0574
10.4913 70000066300003993 70000066300003992 70000066300004023 70000066300003991 3.08482263583 89.9287 6.85432 25.7841
10.4992 70000066300003992 70000066300003991 70000066300004023 70000066300003990 3.00813107163 83.2475 17.6786 28.5835
10.5036 70000066300003991 70000066300003990 70000066300004023 70000066300003989 2.89578500573 73.3572 4.64375 22.7826
10.5264 70000066300003990 70000066300003989 70000066300004023 70000066300003988 2.73314261732 63.325 9.58939 35.3273
10.5545 70000066300003989 70000066300003987 70000066300004023 70000066300003986 2.44422570455 82.0027 42.5335 51.4651
10.5646 70000066300003987 70000066300003986 70000066300004023 70000066300003985 2.31611074396 83.5973 48.8983 55.9158
10.5721 70000066300003986 70000066300003985 70000066300004023 70000066300003984 2.20792547238 80.1433 58.0683 54.1436
10.5847 70000066300003985 70000066300003984 70000066300004023 70000066300003983 2.1032696526 71.7068 54.419 52.8276
10.5941 70000066300003984 70000066300003983 70000066300004023 70000066300003982 2.00202813925 74.2523 55.5671 60.2373
10.6159 70000066300003983 70000066300003982 70000066300004023 70000066300003981 1.90408954353 75.1828 62.8623 69.5483
9.04358 70000066300004094 70000066300004093 70000066300004099 70000066300004092 6.01075739884 -16.7141 9.19478 6.20439
9.19223 70000066300004093 70000066300004091 70000066300004099 70000066300004090 5.52976580795 -20.1267 6.68638 4.76665
9.02855 70000066300004164 70000066300004163 70000066300004179 70000066300004162 4.66451770247 -2.7056 5.82973 1.41921
9.06096 70000066300004163 70000066300004161 70000066300004179 70000066300004160 4.17683491473 0.218709 2.5324 5.68426
9.10926 70000066300004161 70000066300004160 70000066300004179 70000066300004159 4.00794511147 -1.97529 2.66435 4.94578
9.15273 70000066300004160 70000066300004159 70000066300004179 70000066300004158 3.93726108473 9.37809 -6.64942 13.5484
9.18162 70000066300004159 70000066300004157 70000066300004179 70000066300004156 3.49086136926 8.36432 -7.15477 8.81467
9.12424 70000066300004251 70000066300004250 70000066300004263 70000066300004249 4.17683491473 -2.79182 -10.0286 -8.56497
9.17293 70000066300004250 70000066300004249 70000066300004263 70000066300004248 4.00794511147 0.512013 -9.53595 -9.64219
9.27938 70000066300004249 70000066300004247 70000066300004263 70000066300004246 3.70877426464 5.66255 -9.49596 -11.3162
9.2845 70000066300004247 70000066300004246 70000066300004263 70000066300004245 3.49086136926 8.4626 -3.2179 -9.69691
9.3156 70000066300004246 70000066300004245 70000066300004263 70000066300004244 3.28303305796 11.2077 -4.44048 -10.5002
9.33111 70000066300004245 70000066300004242 70000066300004263 70000066300004241 2.89578500573 16.2836 -5.78709 -6.33306
9.33866 70000066300004242 70000066300004240 70000066300004263 70000066300004239 2.5772902716 9.3307 -5.1862 -14.6011
9.33866 70000066300004240 70000066300004238 70000066300004263 70000066300004237 2.31611074396 11.9554 12.0606 -11.3657
9.11431 70000066300004395 70000066300004394 70000066300004402 70000066300004393 4.66451770247 3.73139 10.4874 -1.69406
9.12912 70000066300004394 70000066300004393 70000066300004402 70000066300004392 4.42803373661 2.79741 10.493 0.171588
9.15956 70000066300004393 70000066300004392 70000066300004402 70000066300004391 4.17683491473 2.96503 12.2217 -6.0233
9.16407 70000066300004392 70000066300004389 70000066300004402 70000066300004388 3.70877426464 9.40269 14.7486 -0.833264
9.1663 70000066300004389 70000066300004388 70000066300004402 70000066300004387 3.49086136926 10.4353 14.4504 -2.31934
9.20464 70000066300004388 70000066300004387 70000066300004402 70000066300004386 3.28303305796 1.35578 5.40002 8.84083
9.2342 70000066300004387 70000066300004386 70000066300004402 70000066300004385 3.08482263583 -1.08293 4.99664 7.98125
9.24548 70000066300004386 70000066300004383 70000066300004402 70000066300004382 2.73314261732 -5.11498 10.3651 10.1812
9.2862 70000066300004383 70000066300004382 70000066300004402 70000066300004381 2.5772902716 -13.1959 16.4362 12.5903
9.30763 70000066300004382 70000066300004379 70000066300004402 70000066300004378 2.20792547238 -5.24403 16.2062 11.9933
9.35627 70000066300004379 70000066300004378 70000066300004402 70000066300004377 2.1032696526 -13.6649 16.4081 7.48486
9.48049 70000066300004378 70000066300004374 70000066300004402 70000066300004373 1.74357057433 -20.1114 21.905 9.65443
9.54091 70000066300004374 70000066300004373 70000066300004402 70000066300004372 1.66666955611 -15.8541 19.6376 7.44084
9.55113 70000066300004373 70000066300004371 70000066300004402 70000066300004370 1.53123902916 -15.316 14.9403 12.7972
9.37732 70000066300004600 70000066300004599 70000066300004600 70000066300000026 0.399926964614 0.567426 8.07344 0.776771
9.06096 70000066300004850 70000066300004849 70000066300004865 70000066300004848 3.93726108473 16.8263 7.20541 -11.1896
9.10926 70000066300004849 70000066300004848 70000066300004865 70000066300004847 3.70877426464 14.9239 8.58937 -5.20779
9.17293 70000066300004848 70000066300004847 70000066300004865 70000066300004846 3.49086136926 20.1388 6.11349 1.35996
9.23799 70000066300004847 70000066300004845 70000066300004865 70000066300004844 3.08482263583 30.3981 10.0786 -4.87609
9.24548 70000066300004845 70000066300004843 70000066300004865 70000066300004842 2.89578500573 15.992 9.91035 2.91772
9.27072 70000066300004843 70000066300004834 70000066300004865 70000066300004833 1.82268925262 14.3446 15.6874 -0.430296
9.14811 70000066300005624 70000066300005623 70000066300005627 70000066300005622 7.59510714987 -9.50165 -6.51951 0.572617
9.29951 70000066300005623 70000066300005622 70000066300005627 70000066300005621 7.23627606617 -5.52645 -0.903607 7.43517
9.36056 70000066300005622 70000066300005620 70000066300005627 70000066300005619 6.85511726265 -10.1315 -2.00915 8.61014
9.42893 70000066300005620 70000066300005619 70000066300005627 70000066300005618 6.49159774567 -9.51685 -1.70476 11.6911
9.51375 70000066300005619 70000066300005618 70000066300005627 70000066300005617 6.14490120342 -14.7374 -1.54256 4.3038
9.52267 70000066300005618 70000066300005617 70000066300005627 70000066300005616 6.01075739884 -11.9899 -2.21859 5.34024
9.52657 70000066300005617 70000066300005616 70000066300005627 70000066300005615 5.84661374788 -12.5187 -1.88325 4.88545
9.53236 70000066300005616 70000066300005615 70000066300005627 70000066300005614 5.52976580795 -8.87916 -5.02828 0.918864
9.5956 70000066300005615 70000066300005614 70000066300005627 70000066300005613 5.22758097313 -7.41607 0.522125 1.0174
9.61186 70000066300005614 70000066300005613 70000066300005627 70000066300005612 4.99593346816 -7.45442 2.40455 1.80084
9.61977 70000066300005613 70000066300005609 70000066300005627 70000066300005608 4.17683491473 -2.24886 5.47313 -0.897429
9.6865 70000066300005609 70000066300005606 70000066300005627 70000066300005605 3.70877426464 1.18812 7.60386 -8.87947
9.09637 70000066300005825 70000066300005824 70000066300005833 70000066300005823 6.01075739884 -1.22876 -9.22536 -2.76114
9.11431 70000066300005824 70000066300005822 70000066300005833 70000066300005821 5.52976580795 1.80327 -22.5382 -7.79148
9.11681 70000066300005822 70000066300005819 70000066300005833 70000066300005818 4.93938066349 0.126841 -14.044 -9.85286
9.66584 70000066300005819 70000066300005817 70000066300005833 70000066300005816 4.42803373661 6.38331 -30.2573 23.6434
9.82321 70000066300005817 70000066300005816 70000066300005833 70000066300005815 4.17683491473 -4.717 7.7495 -6.75815
9.91766 70000066300005816 70000066300005815 70000066300005833 70000066300005814 4.00794511147 -12.0889 17.3836 -23.6168
9.92315 70000066300005815 70000066300005814 70000066300005833 70000066300005813 3.93726108473 -15.6831 17.0091 -24.5367
10.0355 70000066300005814 70000066300005813 70000066300005833 70000066300005812 3.70877426464 -16.5877 22.481 -27.8806
10.0895 70000066300005813 70000066300005812 70000066300005833 70000066300005811 3.49086136926 -24.9144 19.5373 -36.0001
10.1065 70000066300005812 70000066300005811 70000066300005833 70000066300005810 3.28303305796 -25.4092 27.4726 -37.9519
10.1654 70000066300005811 70000066300005810 70000066300005833 70000066300005809 3.08482263583 -40.6293 33.3665 -36.4655
10.1895 70000066300005810 70000066300005809 70000066300005833 70000066300005808 3.00813107163 -50.0459 28.0438 -36.1415
10.1972 70000066300005809 70000066300005808 70000066300005833 70000066300005807 2.89578500573 -50.0488 25.0831 -10.063
10.2523 70000066300005808 70000066300005807 70000066300005833 70000066300005806 2.73314261732 -77.9142 -0.53215 -11.3004
10.3146 70000066300005807 70000066300005806 70000066300005833 70000066300005805 2.5772902716 -93.9705 -7.34772 -16.8456
10.3671 70000066300005806 70000066300005804 70000066300005833 70000066300005803 2.31611074396 -84.2619 -27.4466 9.1317
10.3954 70000066300005804 70000066300005803 70000066300005833 70000066300005802 2.20792547238 -84.3018 -26.8539 -4.00379
10.3962 70000066300005803 70000066300005802 70000066300005833 70000066300005801 2.1032696526 -82.9497 -29.3209 17.171
10.3988 70000066300005802 70000066300005790 70000066300005833 70000066300005789 1.24847261425 -71.8762 -8.73394 -41.9522
10.4118 70000066300005790 70000066300005789 70000066300005833 70000066300005788 1.20625808078 -58.9668 -6.04789 -38.9645
10.4162 70000066300005789 70000066300005788 70000066300005833 70000066300005787 1.15460271236 -60.1537 -6.44945 -33.0631
10.4292 70000066300005788 70000066300005787 70000066300005833 70000066300005786 1.11415056377 -62.8206 -6.12558 -30.2956
9.01298 70000066300005844 70000066300005843 70000066300005851 70000066300005842 5.84661374788 -6.89741 0.920593 6.0851
9.08038 70000066300005843 70000066300005842 70000066300005851 70000066300005841 5.52976580795 -3.87416 -3.79081 6.60946
9.11431 70000066300005842 70000066300005841 70000066300005851 70000066300005840 5.22758097313 -9.72784 0.0788994 10.1971
9.15956 70000066300005841 70000066300005840 70000066300005851 70000066300005839 4.99593346816 -3.78674 -8.2497 20.5343
9.23037 70000066300005840 70000066300005839 70000066300005851 70000066300005838 4.93938066349 -9.07069 -3.81815 16.0069
9.01928 70000066300005873 70000066300005872 70000066300005880 70000066300005871 5.84661374788 5.17739 -4.55979 7.09948
9.11431 70000066300005872 70000066300005871 70000066300005880 70000066300005870 5.52976580795 5.59227 -10.2068 7.87673
9.18802 70000066300005871 70000066300005870 70000066300005880 70000066300005869 5.22758097313 8.64983 -9.23541 16.5751
9.40001 70000066300005870 70000066300005867 70000066300005880 70000066300005866 4.66451770247 11.1404 -17.3198 1.1976
9.07216 70000066300005899 70000066300005898 70000066300005902 70000066300005897 6.14490120342 2.16866 1.89962 2.69107
9.17073 70000066300005898 70000066300005896 70000066300005902 70000066300005895 5.84661374788 3.03423 3.54271 -6.07349
9.31401 70000066300005896 70000066300005895 70000066300005902 70000066300005894 5.52976580795 3.531 10.7494 -21.3062
9.38005 70000066300005895 70000066300005894 70000066300005902 70000066300005893 5.22758097313 3.70437 8.20851 -21.6296
9.41282 70000066300005894 70000066300005893 70000066300005902 70000066300005892 4.99593346816 5.66982 8.90473 -16.4351
9.43377 70000066300005893 70000066300005892 70000066300005902 70000066300005891 4.93938066349 6.3701 8.98492 -17.6856
9.50669 70000066300005892 70000066300005890 70000066300005902 70000066300005889 4.42803373661 3.86322 8.13378 -23.9734
9.0098 70000066300005972 70000066300005971 70000066300005980 70000066300005970 6.49159774567 -4.69201 -2.15113 0.101453
9.01614 70000066300005971 70000066300005970 70000066300005980 70000066300005969 6.14490120342 -4.06733 -1.61696 1.87884
9.05524 70000066300005970 70000066300005969 70000066300005980 70000066300005968 6.01075739884 -1.50662 -8.03621 -3.53072
9.15956 70000066300005969 70000066300005967 70000066300005980 70000066300005966 5.52976580795 -0.843068 -4.05356 -2.72995
9.38005 70000066300005967 70000066300005964 70000066300005980 70000066300005963 4.93938066349 18.9972 -2.32847 -8.54435
9.38141 70000066300005964 70000066300005963 70000066300005980 70000066300005962 4.66451770247 20.3758 -3.0346 -9.1761
9.50973 70000066300005963 70000066300005962 70000066300005980 70000066300005961 4.42803373661 16.6722 -9.65977 -15.4249
9.52462 70000066300005962 70000066300005961 70000066300005980 70000066300005960 4.17683491473 17.3043 -8.89723 -13.9639
9.53428 70000066300005961 70000066300005958 70000066300005980 70000066300005957 3.70877426464 9.87126 -9.21045 -9.68846
9.55021 70000066300005958 70000066300005957 70000066300005980 70000066300005956 3.49086136926 9.3337 -11.4045 -10.086
9.18162 70000066300005987 70000066300005986 70000066300006000 70000066300005985 5.22758097313 11.4356 -0.160432 -5.05094
9.3156 70000066300005986 70000066300005985 70000066300006000 70000066300005984 4.99593346816 17.0917 -3.17577 -6.16161
