logMh | fpID | subhaloID | main leaf ID | descID |  z
9.22457 60000019800000106 60000019800000105 60000019800000107 60000019800000104 10.9190331982 0.61766 0.657345 -1.28071
9.51575 60000019800000105 60000019800000104 60000019800000107 60000019800000103 10.3674435724 -3.24016 0.274768 -1.74872
9.5629 60000019800000104 60000019800000103 60000019800000107 60000019800000102 9.99659046619 -4.04084 3.0255 -6.96945
9.6329 60000019800000103 60000019800000102 60000019800000107 60000019800000101 9.84138043947 -5.07492 1.18729 -5.91783
9.84847 60000019800000102 60000019800000101 60000019800000107 60000019800000100 9.38877127194 -0.822741 12.1569 13.2368
10.0165 60000019800000101 60000019800000100 60000019800000107 60000019800000099 9.00233985416 0.936638 21.6181 23.1687
10.2271 60000019800000100 60000019800000099 60000019800000107 60000019800000098 8.9079991856 -11.0726 -12.9896 3.95115
10.2864 60000019800000099 60000019800000097 60000019800000107 60000019800000096 8.01217294887 -8.17777 -9.41291 0.0937752
10.4349 60000019800000097 60000019800000096 60000019800000107 60000019800000095 7.59510714987 -20.4092 -16.5608 5.76729
10.5583 60000019800000096 60000019800000095 60000019800000107 60000019800000094 7.23627606617 -16.5029 -63.6674 -23.874
10.6757 60000019800000095 60000019800000094 60000019800000107 60000019800000093 7.00541704554 14.5149 -65.9412 -60.9215
10.7039 60000019800000094 60000019800000093 60000019800000107 60000019800000092 6.85511726265 13.8521 -52.2337 -62.0189
10.7674 60000019800000093 60000019800000092 60000019800000107 60000019800000091 6.49159774567 20.0522 -40.7374 -56.1518
10.8168 60000019800000092 60000019800000091 60000019800000107 60000019800000090 6.14490120342 39.652 -23.4722 -58.4553
10.8199 60000019800000091 60000019800000090 60000019800000107 60000019800000089 6.01075739884 37.6174 -35.6491 -57.9257
10.8247 60000019800000090 60000019800000089 60000019800000107 60000019800000088 5.84661374788 49.2362 -33.4102 -53.5526
10.8768 60000019800000089 60000019800000088 60000019800000107 60000019800000087 5.52976580795 55.912 -15.6444 -52.6631
10.942 60000019800000088 60000019800000087 60000019800000107 60000019800000086 5.22758097313 78.0167 -44.8472 -85.5624
11.0098 60000019800000087 60000019800000086 60000019800000107 60000019800000085 4.99593346816 63.7287 -42.7168 -80.5349
11.0328 60000019800000086 60000019800000085 60000019800000107 60000019800000084 4.93938066349 63.1683 -72.1445 -90.3119
11.0921 60000019800000085 60000019800000084 60000019800000107 60000019800000083 4.66451770247 75.1807 -81.4866 -115.433
11.1596 60000019800000084 60000019800000083 60000019800000107 60000019800000082 4.42803373661 61.7877 -70.451 -123.226
11.2116 60000019800000083 60000019800000082 60000019800000107 60000019800000081 4.17683491473 79.6591 -83.5252 -157.472
11.2475 60000019800000082 60000019800000081 60000019800000107 60000019800000080 4.00794511147 92.21 -64.2003 -168.162
11.2641 60000019800000081 60000019800000080 60000019800000107 60000019800000079 3.93726108473 100.343 -68.9547 -169.382
11.3288 60000019800000080 60000019800000079 60000019800000107 60000019800000078 3.70877426464 96.7888 -9.04699 -227.583
11.3664 60000019800000079 60000019800000078 60000019800000107 60000019800000077 3.49086136926 112.114 -7.41191 -287.181
11.4052 60000019800000078 60000019800000077 60000019800000107 60000019800000076 3.28303305796 74.8976 -6.80432 -324.614
11.508 60000019800000077 60000019800000076 60000019800000107 60000019800000075 3.08482263583 95.2898 9.69315 -258.622
11.535 60000019800000076 60000019800000075 60000019800000107 60000019800000074 3.00813107163 140.381 8.14674 -226.312
11.5808 60000019800000075 60000019800000074 60000019800000107 60000019800000073 2.89578500573 171.595 -9.06867 -214.342
11.6595 60000019800000074 60000019800000073 60000019800000107 60000019800000072 2.73314261732 164.277 -23.5251 -181.768
11.6994 60000019800000073 60000019800000072 60000019800000107 60000019800000071 2.5772902716 158.221 31.5064 -174.668
11.7352 60000019800000072 60000019800000071 60000019800000107 60000019800000070 2.44422570455 158.704 74.9172 -171.794
11.7388 60000019800000071 60000019800000070 60000019800000107 60000019800000069 2.31611074396 138.922 110.233 -149.836
11.7493 60000019800000070 60000019800000064 60000019800000107 60000019800000063 1.74357057433 177.238 51.4257 -33.171
11.7783 60000019800000064 60000019800000063 60000019800000107 60000019800000062 1.66666955611 -50.4491 124.999 -24.0185
11.8247 60000019800000063 60000019800000062 60000019800000107 60000019800000061 1.60423452207 -377.682 153.43 18.6301
11.8816 60000019800000062 60000019800000061 60000019800000107 60000019800000060 1.53123902916 -775.35 163.8 82.2084
11.933 60000019800000061 60000019800000060 60000019800000107 60000019800000059 1.47197484527 -1041.24 158.594 41.259
11.9703 60000019800000060 60000019800000059 60000019800000107 60000019800000058 1.41409822037 -1216.02 204.359 20.4866
11.9876 60000019800000059 60000019800000058 60000019800000107 60000019800000057 1.3575766674 -1209.85 234.249 -11.9719
12.0175 60000019800000058 60000019800000057 60000019800000107 60000019800000056 1.30237845991 -1279.12 198.163 3.59395
12.0408 60000019800000057 60000019800000056 60000019800000107 60000019800000055 1.24847261425 -1493.06 87.6158 2.51937
12.0561 60000019800000056 60000019800000055 60000019800000107 60000019800000054 1.20625808078 -1573.6 50.6526 40.6132
12.0738 60000019800000055 60000019800000054 60000019800000107 60000019800000053 1.15460271236 -1545.35 27.6117 92.8119
12.0893 60000019800000054 60000019800000053 60000019800000107 60000019800000052 1.11415056377 -1546.94 50.1047 146.69
12.1042 60000019800000053 60000019800000052 60000019800000107 60000019800000051 1.07445789455 -1434.34 55.3819 263.663
12.1147 60000019800000052 60000019800000051 60000019800000107 60000019800000050 1.03551044566 -1314.26 65.0936 239.75
12.1171 60000019800000051 60000019800000050 60000019800000107 60000019800000049 0.997294225782 -1352.3 -7.21448 209.692
12.1176 60000019800000050 60000019800000049 60000019800000107 60000019800000048 0.987852810816 -1426.15 60.4601 181.487
12.1214 60000019800000049 60000019800000048 60000019800000107 60000019800000047 0.950531351585 -1371.47 -17.3582 198.886
12.1526 60000019800000048 60000019800000047 60000019800000107 60000019800000046 0.923000816178 -1089.38 -105.99 65.4432
12.1609 60000019800000047 60000019800000046 60000019800000107 60000019800000045 0.886896937575 -958.816 -79.4053 34.8304
12.1693 60000019800000046 60000019800000045 60000019800000107 60000019800000044 0.851470900625 -820.337 -23.7463 -14.8363
12.1789 60000019800000045 60000019800000044 60000019800000107 60000019800000043 0.816709979012 -412.598 -52.3059 -94.9966
12.186 60000019800000044 60000019800000042 60000019800000107 60000019800000041 0.757441372616 -513.826 -114.579 -52.2921
12.1969 60000019800000042 60000019800000041 60000019800000107 60000019800000040 0.732636182022 -401.27 -82.9593 -159.91
12.2018 60000019800000041 60000019800000040 60000019800000107 60000019800000039 0.700106353719 -337.132 -93.8938 -259.116
12.2115 60000019800000040 60000019800000039 60000019800000107 60000019800000038 0.676110411213 -256.767 -44.3764 -235.001
12.2232 60000019800000039 60000019800000038 60000019800000107 60000019800000037 0.644641840685 -353.976 -78.19 -259.091
12.2234 60000019800000038 60000019800000037 60000019800000107 60000019800000036 0.621428745243 -690.103 89.5895 -185.115
12.2307 60000019800000037 60000019800000036 60000019800000107 60000019800000035 0.598543288188 -724.915 182.717 -238.357
12.2367 60000019800000036 60000019800000035 60000019800000107 60000019800000034 0.575980845108 -712.567 138.207 -210.749
12.255 60000019800000035 60000019800000034 60000019800000107 60000019800000033 0.546392183141 -799.203 100.186 -290.575
12.2737 60000019800000034 60000019800000033 60000019800000107 60000019800000032 0.524565820434 -609.654 -185.575 -515.438
12.2843 60000019800000033 60000019800000032 60000019800000107 60000019800000031 0.503047523245 -527.849 -151.863 -595.096
12.2933 60000019800000032 60000019800000031 60000019800000107 60000019800000030 0.481832943421 -495.331 -150.622 -575.969
12.2968 60000019800000031 60000019800000030 60000019800000107 60000019800000029 0.460917794181 -472.091 -99.9174 -585.855
12.3061 60000019800000030 60000019800000029 60000019800000107 60000019800000028 0.440297849248 -586.085 -84.8143 -492.189
12.313 60000019800000029 60000019800000028 60000019800000107 60000019800000027 0.419968941997 -844.822 -12.1409 -518.644
12.3209 60000019800000028 60000019800000027 60000019800000107 60000019800000026 0.399926964614 -784.486 -78.8249 -576.49
12.3305 60000019800000027 60000019800000026 60000019800000107 60000019800000025 0.38016786726 -687.284 -37.5396 -572.192
12.3368 60000019800000026 60000019800000025 60000019800000107 60000019800000024 0.360687657262 -599.659 -43.3394 -593.119
12.3447 60000019800000025 60000019800000024 60000019800000107 60000019800000023 0.347853841858 -764.639 111.287 -658.882
12.3514 60000019800000024 60000019800000023 60000019800000107 60000019800000022 0.328829724206 -725.918 222.082 -642.926
12.3526 60000019800000023 60000019800000022 60000019800000107 60000019800000021 0.310074120128 -451.485 228.857 -672.913
12.3569 60000019800000022 60000019800000021 60000019800000107 60000019800000020 0.291583239722 -366.644 255.504 -703.976
12.3597 60000019800000021 60000019800000020 60000019800000107 60000019800000019 0.273353346578 -267.581 269.141 -687.653
12.3635 60000019800000020 60000019800000019 60000019800000107 60000019800000018 0.261343256161 -193.806 284.553 -727.209
12.3658 60000019800000019 60000019800000018 60000019800000107 60000019800000017 0.243540181555 -327.993 418.724 -781.252
12.3738 60000019800000018 60000019800000017 60000019800000107 60000019800000016 0.22598838626 -307.837 520.732 -865.985
12.376 60000019800000017 60000019800000016 60000019800000107 60000019800000015 0.214425035514 -312.246 452.407 -857.799
12.3774 60000019800000016 60000019800000014 60000019800000107 60000019800000013 0.180385261706 -285.055 477.755 -862.123
12.3792 60000019800000014 60000019800000013 60000019800000107 60000019800000012 0.169252033244 -268.164 446.388 -842.125
12.3869 60000019800000013 60000019800000012 60000019800000107 60000019800000011 0.152748768902 -284.632 426.188 -859.16
12.3922 60000019800000012 60000019800000011 60000019800000107 60000019800000010 0.14187620397 -319.931 458.409 -904.37
12.3962 60000019800000011 60000019800000010 60000019800000107 60000019800000009 0.125759332411 -294.116 439.046 -941.362
12.4057 60000019800000010 60000019800000009 60000019800000107 60000019800000008 0.109869940459 -603.833 190.356 -824.75
12.4122 60000019800000009 60000019800000008 60000019800000107 60000019800000007 0.0994018026302 -791.339 200.085 -819.055
12.4135 60000019800000008 60000019800000007 60000019800000107 60000019800000006 0.0838844307975 -717.594 232.65 -829.92
12.4202 60000019800000007 60000019800000005 60000019800000107 60000019800000004 0.0585073227945 -859.325 155.101 -774.979
12.4217 60000019800000005 60000019800000004 60000019800000107 60000019800000003 0.0485236299818 -904.085 182.946 -795.467
12.422 60000019800000004 60000019800000003 60000019800000107 60000019800000002 0.0337243718735 -977.182 141.383 -755.621
12.423 60000019800000003 60000019800000002 60000019800000107 60000019800000001 0.0239744283828 -959.724 139.678 -768.154
12.4245 60000019800000002 60000019800000001 60000019800000107 60000019800000000 0.00952166696794 -902.723 103.326 -788.473
9.00012 60000019800000120 60000019800000119 60000019800000121 60000019800000118 10.3674435724 3.85046 2.01159 -8.83243
9.10415 60000019800000119 60000019800000118 60000019800000121 60000019800000117 9.99659046619 1.19212 2.10142 -5.56984
9.15273 60000019800000118 60000019800000117 60000019800000121 60000019800000116 9.84138043947 -2.08487 0.868507 -5.32135
9.00337 60000019800000153 60000019800000152 60000019800000156 60000019800000151 12.0418635439 -1.21658 -0.79492 -2.93137
9.08578 60000019800000152 60000019800000151 60000019800000156 60000019800000150 11.4973879548 -0.608671 -0.249434 -2.04722
9.2811 60000019800000151 60000019800000150 60000019800000156 60000019800000149 10.9190331982 -3.1902 6.20846 -1.05399
9.40131 60000019800000150 60000019800000149 60000019800000156 60000019800000148 10.3674435724 -2.2583 4.65178 3.13705
9.47396 60000019800000149 60000019800000148 60000019800000156 60000019800000147 9.99659046619 1.62874 5.98541 1.45671
9.48265 60000019800000148 60000019800000147 60000019800000156 60000019800000146 9.84138043947 2.18358 5.28661 -0.380396
9.59642 60000019800000147 60000019800000146 60000019800000156 60000019800000145 9.38877127194 -0.797019 8.873 -3.73637
9.59807 60000019800000146 60000019800000144 60000019800000156 60000019800000143 8.44947629437 -4.6223 17.7145 5.7498
9.05811 60000019800000171 60000019800000170 60000019800000179 60000019800000169 8.44947629437 -0.870288 0.473344 -5.6622
9.03463 60000019800000199 60000019800000198 60000019800000203 60000019800000197 10.3674435724 0.261486 -4.8569 -6.18166
9.10157 60000019800000198 60000019800000197 60000019800000203 60000019800000196 9.99659046619 4.14862 -2.37928 -6.842
9.17073 60000019800000197 60000019800000196 60000019800000203 60000019800000195 9.84138043947 6.04666 -4.19585 2.24079
9.3974 60000019800000276 60000019800000275 60000019800000281 60000019800000274 9.99659046619 8.9771 21.8944 4.30411
9.83578 60000019800000275 60000019800000272 60000019800000281 60000019800000271 9.00233985416 -5.56678 32.1376 -9.96834
9.92276 60000019800000272 60000019800000269 60000019800000281 60000019800000268 8.01217294887 -1.18971 38.1552 -12.5856
9.1573 60000019800000285 60000019800000284 60000019800000289 60000019800000283 10.3674435724 -4.52676 -6.12937 -8.4996
9.18162 60000019800000284 60000019800000283 60000019800000289 60000019800000282 9.84138043947 -1.66931 -1.44815 -6.16177
9.47066 60000019800000296 60000019800000295 60000019800000299 60000019800000272 9.38877127194 2.21913 8.95427 9.64351
9.10671 60000019800000311 60000019800000310 60000019800000318 60000019800000309 8.9079991856 -1.89247 1.07886 -6.06368
9.17512 60000019800000310 60000019800000309 60000019800000318 60000019800000308 8.44947629437 -9.32475 -2.7515 -3.57372
9.03463 60000019800000352 60000019800000351 60000019800000355 60000019800000350 6.49159774567 -7.44013 -11.9135 3.59315
9.06096 60000019800000351 60000019800000350 60000019800000355 60000019800000349 6.14490120342 -4.8881 -19.0866 1.25217
9.11431 60000019800000350 60000019800000349 60000019800000355 60000019800000348 6.01075739884 -1.17315 -18.6486 3.66671
9.03463 60000019800000387 60000019800000386 60000019800000390 60000019800000385 7.23627606617 5.62832 11.6371 4.15237
9.04358 60000019800000386 60000019800000385 60000019800000390 60000019800000384 7.00541704554 6.57344 10.6284 4.845
9.0666 60000019800000385 60000019800000384 60000019800000390 60000019800000383 6.85511726265 4.93098 7.26477 5.18319
9.13154 60000019800000384 60000019800000383 60000019800000390 60000019800000382 6.49159774567 6.21788 5.8739 0.185576
9.20055 60000019800000383 60000019800000381 60000019800000390 60000019800000380 6.01075739884 7.40177 7.22176 0.738941
9.24362 60000019800000381 60000019800000380 60000019800000390 60000019800000379 5.84661374788 4.01517 1.96045 -2.12269
9.01928 60000019800000472 60000019800000471 60000019800000476 60000019800000470 8.44947629437 8.50982 -2.06372 6.1921
9.08309 60000019800000471 60000019800000470 60000019800000476 60000019800000469 8.01217294887 5.33962 -2.09508 5.14006
9.13634 60000019800000470 60000019800000469 60000019800000476 60000019800000468 7.59510714987 5.30629 0.970192 4.22527
9.1663 60000019800000469 60000019800000467 60000019800000476 60000019800000466 7.00541704554 15.3479 1.54318 1.96571
9.19433 60000019800000467 60000019800000466 60000019800000476 60000019800000465 6.85511726265 7.44078 -0.732679 3.88425
9.00337 60000019800000508 60000019800000507 60000019800000513 60000019800000506 9.84138043947 1.63482 -0.65561 -0.721024
9.04062 60000019800000507 60000019800000506 60000019800000513 60000019800000505 9.38877127194 4.51691 0.371484 -3.13601
9.20464 60000019800000506 60000019800000505 60000019800000513 60000019800000504 9.00233985416 5.44893 -5.29349 -7.65888
9.44093 60000019800000505 60000019800000503 60000019800000513 60000019800000502 8.44947629437 9.10336 -5.87557 -1.17551
9.48372 60000019800000503 60000019800000502 60000019800000513 60000019800000501 8.01217294887 3.70907 -4.83548 -5.40087
9.53044 60000019800000502 60000019800000501 60000019800000513 60000019800000500 7.59510714987 6.11471 -5.34929 -2.12964
9.65078 60000019800000501 60000019800000500 60000019800000513 60000019800000499 7.23627606617 -12.209 -1.66306 7.86062
9.6756 60000019800000500 60000019800000499 60000019800000513 60000019800000498 7.00541704554 -11.4363 -2.8498 9.30779
9.76947 60000019800000499 60000019800000498 60000019800000513 60000019800000497 6.85511726265 -5.8278 -2.13022 23.0628
9.85899 60000019800000498 60000019800000497 60000019800000513 60000019800000496 6.49159774567 -22.7704 0.828701 23.8997
9.98517 60000019800000497 60000019800000496 60000019800000513 60000019800000495 6.14490120342 -54.7663 -8.72791 11.9323
10.0258 60000019800000496 60000019800000495 60000019800000513 60000019800000494 6.01075739884 -61.8156 -7.28428 15.7263
10.0601 60000019800000495 60000019800000494 60000019800000513 60000019800000493 5.84661374788 -70.3402 -0.568559 25.2317
9.09637 60000019800000556 60000019800000555 60000019800000564 60000019800000554 7.23627606617 5.88556 -7.95255 4.48189
9.1193 60000019800000555 60000019800000554 60000019800000564 60000019800000553 7.00541704554 3.74437 -6.54831 2.62333
9.14811 60000019800000554 60000019800000552 60000019800000564 60000019800000551 6.49159774567 3.62698 -7.79622 1.28247
9.2862 60000019800000552 60000019800000547 60000019800000564 60000019800000546 5.22758097313 -1.86829 -6.69396 5.20782
9.04358 60000019800000629 60000019800000628 60000019800000637 60000019800000627 7.59510714987 -4.03868 6.61068 9.59384
9.04945 60000019800000628 60000019800000627 60000019800000637 60000019800000626 7.23627606617 -2.58035 6.84572 7.86336
9.08309 60000019800000627 60000019800000625 60000019800000637 60000019800000624 6.85511726265 -0.834068 5.37693 7.22092
9.0098 60000019800000761 60000019800000760 60000019800000771 60000019800000759 4.42803373661 -8.72849 -1.79063 6.33807
9.02548 60000019800000760 60000019800000759 60000019800000771 60000019800000758 4.17683491473 -11.3922 0.179808 11.4863
9.00012 60000019800000904 60000019800000903 60000019800000913 60000019800000902 5.84661374788 -11.0223 4.19595 1.23719
9.0066 60000019800000903 60000019800000902 60000019800000913 60000019800000901 5.52976580795 -9.1356 0.0280334 0.555694
9.04358 60000019800000992 60000019800000991 60000019800001003 60000019800000990 6.14490120342 1.73337 16.3688 -8.57012
9.04945 60000019800000991 60000019800000990 60000019800001003 60000019800000989 6.01075739884 1.81115 15.9848 -6.00583
9.0666 60000019800000990 60000019800000989 60000019800001003 60000019800000988 5.84661374788 0.73813 15.3858 -7.50263
9.09375 60000019800000989 60000019800000987 60000019800001003 60000019800000986 5.22758097313 -4.03021 17.6163 -8.32115
9.10926 60000019800000987 60000019800000986 60000019800001003 60000019800000985 4.99593346816 -2.76704 15.5175 -9.24838
9.17946 60000019800000986 60000019800000984 60000019800001003 60000019800000983 4.66451770247 -10.322 17.7487 -9.07889
9.04945 60000019800001041 60000019800001040 60000019800001052 60000019800001039 4.66451770247 0.954499 -3.23386 -4.69258
9.09898 60000019800001040 60000019800001039 60000019800001052 60000019800001038 4.42803373661 0.830943 -2.53138 -5.17674
9.07216 60000019800001125 60000019800001124 60000019800001128 60000019800001123 9.99659046619 -2.74455 0.944886 10.3163
9.13871 60000019800001124 60000019800001123 60000019800001128 60000019800001122 9.84138043947 -2.4197 0.631243 8.82807
9.37732 60000019800001123 60000019800001119 60000019800001128 60000019800001118 8.44947629437 -1.59827 1.35074 3.86892
9.42281 60000019800001119 60000019800001118 60000019800001128 60000019800001117 8.01217294887 -2.38218 -0.049148 5.03732
9.59477 60000019800001118 60000019800001117 60000019800001128 60000019800001116 7.59510714987 -8.84394 -4.88863 4.0943
9.64564 60000019800001117 60000019800001116 60000019800001128 60000019800001115 7.23627606617 -8.67709 -9.38198 2.70552
9.66655 60000019800001116 60000019800001115 60000019800001128 60000019800001114 7.00541704554 -6.27793 -4.82236 0.99906
9.69581 60000019800001115 60000019800001114 60000019800001128 60000019800001113 6.85511726265 -6.39193 -3.4126 -0.778358
9.7348 60000019800001114 60000019800001113 60000019800001128 60000019800001112 6.49159774567 -5.38611 -8.33284 -3.29528
9.78902 60000019800001113 60000019800001112 60000019800001128 60000019800001111 6.14490120342 -5.74275 -12.254 -4.00728
9.80466 60000019800001112 60000019800001111 60000019800001128 60000019800001110 6.01075739884 -9.41 -12.2056 -3.236
9.84847 60000019800001111 60000019800001110 60000019800001128 60000019800001109 5.84661374788 -10.8708 -6.2139 -4.89823
9.89952 60000019800001110 60000019800001109 60000019800001128 60000019800001108 5.52976580795 -11.6583 8.6169 3.85427
9.94147 60000019800001109 60000019800001108 60000019800001128 60000019800001107 5.22758097313 -22.4679 9.54063 5.43602
9.97698 60000019800001108 60000019800001107 60000019800001128 60000019800001106 4.99593346816 -24.7741 18.8535 14.721
9.98887 60000019800001107 60000019800001106 60000019800001128 60000019800001105 4.93938066349 -26.9209 17.5809 12.49
10.0104 60000019800001106 60000019800001105 60000019800001128 60000019800001104 4.66451770247 -24.9368 11.6883 11.2331
9.16852 60000019800001133 60000019800001132 60000019800001133 60000019800001131 9.00233985416 -0.730034 1.98951 1.89311
9.26008 60000019800001132 60000019800001131 60000019800001133 60000019800001119 8.9079991856 -0.08652 1.13488 2.23713
9.04358 60000019800001151 60000019800001150 60000019800001159 60000019800001149 6.14490120342 -10.7057 -7.9775 -12.2374
9.05524 60000019800001150 60000019800001148 60000019800001159 60000019800001147 5.84661374788 -8.8608 -5.76416 -10.5428
9.01928 60000019800001185 60000019800001184 60000019800001194 60000019800001183 7.59510714987 -5.68959 -0.146523 2.29326
9.01928 60000019800001184 60000019800001183 60000019800001194 60000019800001182 7.23627606617 -7.09721 -3.17539 2.50325
9.0666 60000019800001183 60000019800001182 60000019800001194 60000019800001181 7.00541704554 -6.56187 0.293314 3.73068
9.0666 60000019800001182 60000019800001181 60000019800001194 60000019800001180 6.85511726265 -7.39835 0.410601 4.06752
9.24733 60000019800001181 60000019800001180 60000019800001194 60000019800001179 6.49159774567 -9.50266 -3.52743 9.25923
9.25466 60000019800001180 60000019800001176 60000019800001194 60000019800001175 5.52976580795 -6.75303 -9.80131 3.22072
9.28788 60000019800001176 60000019800001172 60000019800001194 60000019800001171 4.66451770247 -12.8538 -2.65987 1.03647
9.39478 60000019800001172 60000019800001171 60000019800001194 60000019800001170 4.17683491473 -14.4063 -2.75586 5.53687
9.41659 60000019800001171 60000019800001170 60000019800001194 60000019800001169 4.00794511147 -13.8688 -1.13367 5.73757
9.01614 60000019800001220 60000019800001219 60000019800001227 60000019800001218 8.01217294887 -0.710193 8.84988 2.73331
9.0666 60000019800001219 60000019800001218 60000019800001227 60000019800001217 7.59510714987 0.287055 3.5757 1.29949
9.22066 60000019800001218 60000019800001217 60000019800001227 60000019800001216 7.23627606617 4.34887 13.4465 2.39263
9.22066 60000019800001217 60000019800001215 60000019800001227 60000019800001214 6.85511726265 4.35781 9.83918 1.9661
9.22066 60000019800001215 60000019800001213 60000019800001227 60000019800001212 6.14490120342 1.6509 10.3082 3.80658
9.25466 60000019800001213 60000019800001212 60000019800001227 60000019800001211 6.01075739884 -6.61017 16.8486 9.10563
9.25466 60000019800001212 60000019800001211 60000019800001227 60000019800001210 5.84661374788 4.28604 11.7327 3.58155
9.31243 60000019800001211 60000019800001210 60000019800001227 60000019800001209 5.52976580795 -2.14206 12.4589 2.16045
9.35194 60000019800001210 60000019800001209 60000019800001227 60000019800001208 5.22758097313 0.867995 7.31519 -1.7458
9.37595 60000019800001209 60000019800001208 60000019800001227 60000019800001207 4.99593346816 0.88487 5.84887 -4.73847
9.0098 60000019800001247 60000019800001246 60000019800001253 60000019800001245 6.14490120342 -7.11156 4.30177 2.00527
9.08845 60000019800001246 60000019800001243 60000019800001253 60000019800001242 5.52976580795 -1.81442 0.510612 8.18923
9.15273 60000019800001243 60000019800001242 60000019800001253 60000019800001241 5.22758097313 2.3373 0.264961 5.92359
9.23037 60000019800001242 60000019800001238 60000019800001253 60000019800001237 4.42803373661 -2.38034 -4.90265 1.43749
9.29457 60000019800001238 60000019800001237 60000019800001253 60000019800001236 4.17683491473 -6.61582 -5.08078 -0.612053
9.32805 60000019800001237 60000019800001236 60000019800001253 60000019800001235 4.00794511147 4.6377 -4.55761 -0.0674705
9.03463 60000019800001302 60000019800001301 60000019800001310 60000019800001300 6.14490120342 1.32074 -3.12784 1.24839
9.04653 60000019800001301 60000019800001300 60000019800001310 60000019800001299 6.01075739884 -0.375298 -0.139084 0.641274
9.13634 60000019800001386 60000019800001385 60000019800001390 60000019800001384 6.01075739884 0.256842 3.76561 3.8944
9.26365 60000019800001385 60000019800001383 60000019800001390 60000019800001382 5.52976580795 -2.80671 2.61521 3.80376
9.32805 60000019800001383 60000019800001382 60000019800001390 60000019800001381 5.22758097313 -7.08915 2.26085 4.32565
9.34461 60000019800001382 60000019800001381 60000019800001390 60000019800001380 4.99593346816 -5.54396 1.42382 3.58217
9.38948 60000019800001381 60000019800001380 60000019800001390 60000019800001379 4.93938066349 -4.76088 -10.6472 6.69734
9.41909 60000019800001380 60000019800001379 60000019800001390 60000019800001378 4.66451770247 -4.34223 -15.0084 9.13604
9.47396 60000019800001379 60000019800001378 60000019800001390 60000019800001377 4.42803373661 -17.9802 -0.340273 10.8894
9.02548 60000019800001394 60000019800001393 60000019800001394 60000019800001392 6.14490120342 1.23826 2.38487 2.19171
9.13634 60000019800001482 60000019800001481 60000019800001488 60000019800001480 7.23627606617 -9.63857 -1.98529 -3.77724
9.17512 60000019800001481 60000019800001480 60000019800001488 60000019800001479 7.00541704554 -2.25051 -7.34016 -3.34621
9.19848 60000019800001480 60000019800001479 60000019800001488 60000019800001478 6.85511726265 -0.0659002 -11.0894 -4.61878
9.26896 60000019800001479 60000019800001478 60000019800001488 60000019800001477 6.49159774567 10.5081 1.85065 4.48714
9.38412 60000019800001478 60000019800001477 60000019800001488 60000019800001476 6.14490120342 1.00172 24.5482 16.0269
9.40646 60000019800001477 60000019800001476 60000019800001488 60000019800001475 6.01075739884 1.49258 22.0641 17.3512
9.61026 60000019800001476 60000019800001475 60000019800001488 60000019800001474 5.84661374788 -14.8738 27.331 15.9029
9.78098 60000019800001475 60000019800001474 60000019800001488 60000019800001473 5.52976580795 -18.1325 34.5175 8.47153
9.8697 60000019800001474 60000019800001473 60000019800001488 60000019800001472 5.22758097313 -39.7378 5.7722 -3.93369
9.90929 60000019800001473 60000019800001472 60000019800001488 60000019800001471 4.99593346816 -11.1266 25.2416 -9.5095
9.96298 60000019800001472 60000019800001471 60000019800001488 60000019800001470 4.93938066349 20.7431 48.0167 -6.58604
9.08845 60000019800001508 60000019800001507 60000019800001511 60000019800001506 7.59510714987 5.64487 31.8811 23.1565
9.0316 60000019800001547 60000019800001546 60000019800001550 60000019800001545 6.14490120342 0.602518 -2.08258 -0.705922
9.08038 60000019800001546 60000019800001545 60000019800001550 60000019800001544 6.01075739884 -4.39632 1.83371 3.72257
9.11179 60000019800001545 60000019800001537 60000019800001550 60000019800001536 4.17683491473 -3.07811 0.455956 -3.84159
9.02855 60000019800001628 60000019800001627 60000019800001633 60000019800001626 6.14490120342 -2.58622 3.77225 -9.66589
9.03463 60000019800001627 60000019800001626 60000019800001633 60000019800001625 6.01075739884 -4.17471 5.8913 -11.0682
9.36056 60000019800001626 60000019800001624 60000019800001633 60000019800001623 5.22758097313 -17.2897 -1.28187 6.44885
9.51074 60000019800001624 60000019800001623 60000019800001633 60000019800001622 4.99593346816 -15.2658 21.22 10.7545
9.51873 60000019800001623 60000019800001621 60000019800001633 60000019800001620 4.66451770247 -8.45506 18.8444 8.49509
9.53996 60000019800001621 60000019800001620 60000019800001633 60000019800001619 4.42803373661 -6.22294 21.6567 9.44655
9.54836 60000019800001620 60000019800001619 60000019800001633 60000019800001618 4.17683491473 -4.45286 19.0895 10.2005
9.03763 60000019800001670 60000019800001669 60000019800001681 60000019800001668 5.52976580795 -7.64093 1.30428 9.0465
9.05235 60000019800001669 60000019800001668 60000019800001681 60000019800001667 5.22758097313 -7.11856 0.626134 7.85734
9.05524 60000019800001668 60000019800001667 60000019800001681 60000019800001666 4.99593346816 -6.02567 3.7684 9.17836
9.06096 60000019800001667 60000019800001666 60000019800001681 60000019800001665 4.93938066349 -4.43312 3.40578 5.50693
9.10157 60000019800001666 60000019800001665 60000019800001681 60000019800001664 4.66451770247 -4.99426 -1.93098 4.6934
9.16852 60000019800001665 60000019800001664 60000019800001681 60000019800001663 4.42803373661 -6.89157 -7.56956 4.49258
9.18802 60000019800001664 60000019800001660 60000019800001681 60000019800001659 3.70877426464 -3.71068 -5.58425 2.39066
9.25466 60000019800001660 60000019800001659 60000019800001681 60000019800001658 3.49086136926 -0.400914 -14.4743 4.33551
9.0098 60000019800001697 60000019800001696 60000019800001710 60000019800001695 4.66451770247 -5.55518 0.60678 -9.98393
9.02855 60000019800001696 60000019800001695 60000019800001710 60000019800001694 4.42803373661 -0.783565 3.3815 -8.48656
9.03763 60000019800001695 60000019800001694 60000019800001710 60000019800001693 4.17683491473 -10.5697 3.34952 -9.61658
9.04653 60000019800001694 60000019800001692 60000019800001710 60000019800001691 3.93726108473 -6.55792 2.87651 -12.9308
9.0666 60000019800001692 60000019800001690 60000019800001710 60000019800001689 3.49086136926 -4.09855 4.6535 -16.383
9.1663 60000019800001781 60000019800001780 60000019800001785 60000019800001779 9.00233985416 -3.63804 -7.4769 -4.32655
9.19433 60000019800001780 60000019800001779 60000019800001785 60000019800001778 8.9079991856 -6.49333 -7.67256 -3.27116
9.37181 60000019800001779 60000019800001778 60000019800001785 60000019800001777 8.44947629437 2.54286 -1.18741 -2.06401
9.43136 60000019800001778 60000019800001777 60000019800001785 60000019800001776 8.01217294887 -2.43047 4.33424 -7.1331
9.54928 60000019800001777 60000019800001776 60000019800001785 60000019800001775 7.59510714987 -0.541713 -4.46345 -6.4277
9.6573 60000019800001776 60000019800001775 60000019800001785 60000019800001774 7.23627606617 9.48078 3.91814 -2.73857
9.91129 60000019800001775 60000019800001774 60000019800001785 60000019800001773 7.00541704554 15.9571 11.0579 -5.6415
9.93241 60000019800001774 60000019800001773 60000019800001785 60000019800001772 6.85511726265 14.8506 8.90663 -2.53447
9.98211 60000019800001773 60000019800001772 60000019800001785 60000019800001771 6.49159774567 13.6616 8.12439 -1.09653
10.0573 60000019800001772 60000019800001771 60000019800001785 60000019800001770 6.14490120342 5.82667 9.64858 -4.82602
10.1479 60000019800001771 60000019800001770 60000019800001785 60000019800001769 6.01075739884 -10.9777 12.9904 4.47759
10.1703 60000019800001770 60000019800001769 60000019800001785 60000019800001768 5.84661374788 -18.4283 15.5417 12.322
10.1895 60000019800001769 60000019800001768 60000019800001785 60000019800001767 5.52976580795 -9.11211 17.4714 20.7262
10.4894 60000019800001768 60000019800001766 60000019800001785 60000019800001765 4.99593346816 53.2294 -4.34494 53.8926
10.5084 60000019800001766 60000019800001765 60000019800001785 60000019800001764 4.93938066349 57.3147 -8.59708 60.5396
10.5829 60000019800001765 60000019800001764 60000019800001785 60000019800001763 4.66451770247 56.7707 -11.2347 92.5889
10.6262 60000019800001764 60000019800001763 60000019800001785 60000019800001762 4.42803373661 44.3626 -0.991271 76.3272
10.6967 60000019800001763 60000019800001762 60000019800001785 60000019800001761 4.17683491473 52.5003 0.491134 83.3854
10.6969 60000019800001762 60000019800001761 60000019800001785 60000019800001760 4.00794511147 53.6494 -5.43454 76.2677
10.7087 60000019800001761 60000019800001760 60000019800001785 60000019800001759 3.93726108473 51.7932 -5.73572 75.2617
9.10157 60000019800001905 60000019800001904 60000019800001910 60000019800001903 8.44947629437 -3.14275 -0.0469304 2.33827
9.1193 60000019800001904 60000019800001903 60000019800001910 60000019800001902 8.01217294887 -1.84848 3.88985 -1.06786
9.15502 60000019800001903 60000019800001902 60000019800001910 60000019800001901 7.59510714987 -2.51272 4.70806 -0.328568
9.28788 60000019800001902 60000019800001901 60000019800001910 60000019800001900 7.23627606617 -3.8871 5.58702 -4.00573
9.35338 60000019800001901 60000019800001897 60000019800001910 60000019800001896 6.14490120342 -1.06146 4.00501 -1.93492
9.37181 60000019800001897 60000019800001895 60000019800001910 60000019800001894 5.84661374788 -3.38429 5.82551 -5.61621
9.08038 60000019800001956 60000019800001955 60000019800001959 60000019800001954 9.00233985416 3.5659 -5.40919 -4.2974
9.13394 60000019800001955 60000019800001954 60000019800001959 60000019800001953 8.9079991856 3.12832 -4.30882 -3.66876
9.18589 60000019800001954 60000019800001953 60000019800001959 60000019800001952 8.44947629437 2.1844 -0.390365 -2.97994
9.38681 60000019800001953 60000019800001952 60000019800001959 60000019800001951 8.01217294887 4.06237 -6.71454 -3.49539
9.43136 60000019800001952 60000019800001951 60000019800001959 60000019800001950 7.59510714987 2.22776 -9.1289 -3.47514
9.54928 60000019800001951 60000019800001950 60000019800001959 60000019800001949 7.23627606617 2.69243 -19.1057 0.597539
9.56379 60000019800001950 60000019800001949 60000019800001959 60000019800001948 7.00541704554 5.60677 -14.9166 -4.97531
9.66795 60000019800001949 60000019800001948 60000019800001959 60000019800001947 6.85511726265 -5.14528 -12.9061 0.0208079
9.78152 60000019800001948 60000019800001947 60000019800001959 60000019800001946 6.49159774567 -11.1683 -6.39217 6.84594
9.82565 60000019800001947 60000019800001946 60000019800001959 60000019800001945 6.14490120342 -11.9055 -0.682782 3.61854
9.84521 60000019800001946 60000019800001944 60000019800001959 60000019800001943 5.84661374788 1.29261 1.44156 -14.3033
10.0436 60000019800001944 60000019800001943 60000019800001959 60000019800001942 5.52976580795 -8.40091 9.0237 -74.8514
10.2167 60000019800001943 60000019800001942 60000019800001959 60000019800001941 5.22758097313 10.8908 1.9667 -53.9522
9.07492 60000019800002000 60000019800001999 60000019800002006 60000019800001998 8.44947629437 -5.31166 -0.541645 13.1533
9.09898 60000019800001999 60000019800001997 60000019800002006 60000019800001996 7.59510714987 -6.19681 -2.05975 13.472
9.1193 60000019800001997 60000019800001996 60000019800002006 60000019800001995 7.23627606617 -8.29647 -0.67571 10.8423
9.14344 60000019800001996 60000019800001995 60000019800002006 60000019800001994 7.00541704554 -9.60257 1.91822 8.88366
9.02548 60000019800002353 60000019800002352 60000019800002359 60000019800002351 6.14490120342 -0.0296488 1.14232 -1.19026
9.05235 60000019800002352 60000019800002351 60000019800002359 60000019800002350 6.01075739884 0.775446 0.814722 -0.818424
9.10415 60000019800002351 60000019800002350 60000019800002359 60000019800002349 5.84661374788 0.759367 0.427183 -1.54138
9.17512 60000019800002350 60000019800002349 60000019800002359 60000019800002348 5.52976580795 4.03076 0.00458684 -3.1873
9.26187 60000019800002349 60000019800002348 60000019800002359 60000019800002347 5.22758097313 2.40845 -7.29522 -9.04861
9.30278 60000019800002348 60000019800002347 60000019800002359 60000019800002346 4.99593346816 2.67879 -6.45154 -7.11517
9.33263 60000019800002347 60000019800002345 60000019800002359 60000019800002344 4.66451770247 1.95433 -5.30831 -7.67374
9.40774 60000019800002345 60000019800002344 60000019800002359 60000019800002343 4.42803373661 5.13302 -6.89871 -6.18413
9.50771 60000019800002344 60000019800002343 60000019800002359 60000019800002342 4.17683491473 17.3088 -11.6891 4.98842
9.03463 60000019800002387 60000019800002386 60000019800002397 60000019800002385 4.66451770247 -3.90705 -4.38989 5.51075
9.06939 60000019800002386 60000019800002385 60000019800002397 60000019800002384 4.42803373661 -4.31344 -0.777746 9.66532
9.08038 60000019800002385 60000019800002382 60000019800002397 60000019800002381 3.93726108473 -1.72789 3.41831 7.97516
9.08845 60000019800002382 60000019800002380 60000019800002397 60000019800002379 3.49086136926 -1.38771 2.91374 0.379896
9.09375 60000019800002380 60000019800002379 60000019800002397 60000019800002378 3.28303305796 -2.34004 2.67869 -0.65417
9.02239 60000019800002491 60000019800002490 60000019800002499 60000019800002489 3.28303305796 18.2806 -0.279964 23.9261
9.03463 60000019800002490 60000019800002489 60000019800002499 60000019800002488 3.08482263583 15.4443 -1.4621 23.1865
9.08309 60000019800002489 60000019800002488 60000019800002499 60000019800002487 3.00813107163 17.3277 -2.63665 28.8107
9.09637 60000019800002488 60000019800002487 60000019800002499 60000019800002486 2.89578500573 19.3622 -2.04322 23.8514
9.11431 60000019800002487 60000019800002486 60000019800002499 60000019800002485 2.73314261732 22.7101 -2.59142 24.3128
9.12424 60000019800002486 60000019800002483 60000019800002499 60000019800002482 2.31611074396 11.4302 -9.51339 24.3254
9.15956 60000019800002483 60000019800002482 60000019800002499 60000019800002481 2.20792547238 5.72901 -11.7689 27.3233
9.17293 60000019800002482 60000019800002481 60000019800002499 60000019800002480 2.1032696526 10.1891 -11.2336 27.6466
9.2087 60000019800002481 60000019800002480 60000019800002499 60000019800002479 2.00202813925 9.08738 9.15985 21.1675
9.13154 60000019800002585 60000019800002584 60000019800002603 60000019800002583 2.20792547238 -2.99168 -8.0121 13.1324
9.19223 60000019800002584 60000019800002583 60000019800002603 60000019800002582 2.1032696526 -5.53078 -8.0558 5.13039
9.09898 60000019800002777 60000019800002776 60000019800002782 60000019800002775 9.99659046619 -0.757849 0.927665 2.04249
9.2026 60000019800002776 60000019800002775 60000019800002782 60000019800002774 9.84138043947 0.463537 -2.61527 0.208648
9.2342 60000019800002775 60000019800002774 60000019800002782 60000019800002773 9.38877127194 -1.41028 1.42961 8.65551
9.41282 60000019800002774 60000019800002773 60000019800002782 60000019800002772 9.00233985416 0.834609 2.84931 0.347255
9.43974 60000019800002773 60000019800002772 60000019800002782 60000019800002771 8.9079991856 -3.95184 -2.27938 -0.298809
9.69712 60000019800002772 60000019800002771 60000019800002782 60000019800002770 8.44947629437 -7.7366 -12.5058 -16.6942
9.79324 60000019800002771 60000019800002770 60000019800002782 60000019800002769 8.01217294887 -6.9419 -9.34425 -13.7609
9.86926 60000019800002770 60000019800002769 60000019800002782 60000019800002768 7.59510714987 -7.33768 -10.2122 -6.56106
9.90686 60000019800002769 60000019800002768 60000019800002782 60000019800002767 7.23627606617 -7.20513 -9.15604 -3.82003
9.96191 60000019800002768 60000019800002767 60000019800002782 60000019800002766 7.00541704554 -7.41271 -14.5825 -16.2597
10.0627 60000019800002767 60000019800002766 60000019800002782 60000019800002765 6.85511726265 -3.53074 -9.46845 -12.8004
10.1373 60000019800002766 60000019800002765 60000019800002782 60000019800002764 6.49159774567 2.29271 -11.3431 -20.3425
10.1891 60000019800002765 60000019800002764 60000019800002782 60000019800002763 6.14490120342 1.19158 -17.7506 -28.5076
10.2169 60000019800002764 60000019800002763 60000019800002782 60000019800002762 6.01075739884 -2.34644 -12.6358 -22.117
10.2421 60000019800002763 60000019800002762 60000019800002782 60000019800002761 5.84661374788 -6.95445 -9.86176 -19.2663
10.2845 60000019800002762 60000019800002761 60000019800002782 60000019800002760 5.52976580795 -7.90959 -9.16168 -18.4008
10.3547 60000019800002761 60000019800002760 60000019800002782 60000019800002759 5.22758097313 -5.23627 -8.52047 -39.269
10.4234 60000019800002760 60000019800002759 60000019800002782 60000019800002758 4.99593346816 6.12948 -21.3265 -68.465
10.4427 60000019800002759 60000019800002758 60000019800002782 60000019800002757 4.93938066349 8.38218 -24.1924 -70.4405
10.5363 60000019800002758 60000019800002757 60000019800002782 60000019800002756 4.66451770247 25.0713 -36.6973 -120.638
10.6543 60000019800002757 60000019800002755 60000019800002782 60000019800002754 4.17683491473 66.0259 -49.9097 -157.61
10.6671 60000019800002755 60000019800002754 60000019800002782 60000019800002753 4.00794511147 59.4979 -45.6926 -151.17
10.6793 60000019800002754 60000019800002751 60000019800002782 60000019800002750 3.49086136926 28.1886 -39.1982 -120.757
9.09898 60000019800002800 60000019800002799 60000019800002803 60000019800002798 10.9190331982 -0.371051 -13.6452 -7.79368
10.5606 60000019800002852 60000019800002851 60000019800002870 60000019800002755 4.42803373661 46.1903 -44.2585 -168.23
9.01298 60000019800002946 60000019800002945 60000019800002946 60000019800002944 9.99659046619 0.235517 -3.54914 4.71488
9.24362 60000019800002945 60000019800002940 60000019800002946 60000019800002939 8.44947629437 -0.247674 -1.93558 0.754066
9.35483 60000019800002940 60000019800002939 60000019800002946 60000019800002938 8.01217294887 -2.92674 -4.54624 -2.20376
9.5026 60000019800002939 60000019800002938 60000019800002946 60000019800002937 7.59510714987 -9.19233 -7.44081 -1.56333
9.54278 60000019800002938 60000019800002937 60000019800002946 60000019800002936 7.23627606617 -8.00403 -5.51293 -0.293686
9.59059 60000019800002937 60000019800002936 60000019800002946 60000019800002935 7.00541704554 -7.83644 -4.53147 1.90835
9.65224 60000019800002936 60000019800002935 60000019800002946 60000019800002934 6.85511726265 -5.18794 -3.56681 8.43181
9.7342 60000019800002935 60000019800002934 60000019800002946 60000019800002933 6.49159774567 2.73828 1.2304 23.8513
9.79587 60000019800002934 60000019800002933 60000019800002946 60000019800002932 6.14490120342 -17.7795 -2.3494 1.60923
9.83483 60000019800002933 60000019800002932 60000019800002946 60000019800002931 6.01075739884 -10.9109 1.58547 13.1951
9.85032 60000019800002932 60000019800002931 60000019800002946 60000019800002930 5.84661374788 -8.97931 0.870837 16.8628
9.93202 60000019800002931 60000019800002930 60000019800002946 60000019800002929 5.52976580795 -13.4469 -1.2253 8.49865
9.17946 60000019800002999 60000019800002998 60000019800003006 60000019800002997 5.52976580795 -13.4336 14.1687 -3.42065
9.21472 60000019800002998 60000019800002997 60000019800003006 60000019800002996 5.22758097313 -8.245 11.6126 -7.79151
9.22651 60000019800002997 60000019800002996 60000019800003006 60000019800002995 4.99593346816 -7.46994 11.0431 -7.2942
9.27072 60000019800002996 60000019800002994 60000019800003006 60000019800002993 4.66451770247 -7.84434 10.4519 -5.59451
9.30278 60000019800002994 60000019800002993 60000019800003006 60000019800002992 4.42803373661 -6.81407 9.02323 -8.30902
9.33866 60000019800002993 60000019800002992 60000019800003006 60000019800002991 4.17683491473 -3.68534 8.39514 -12.9155
9.37042 60000019800002992 60000019800002991 60000019800003006 60000019800002990 4.00794511147 -2.83804 3.4837 -11.8321
9.39346 60000019800002991 60000019800002990 60000019800003006 60000019800002989 3.93726108473 0.11504 4.24131 -9.38794
9.00012 60000019800003090 60000019800003089 60000019800003096 60000019800003088 7.23627606617 -5.6248 -6.41105 6.24631
9.08578 60000019800003089 60000019800003088 60000019800003096 60000019800003087 7.00541704554 -4.07346 -7.12736 9.55792
9.09375 60000019800003088 60000019800003087 60000019800003096 60000019800003086 6.85511726265 -3.78102 -7.47783 11.1176
9.18589 60000019800003087 60000019800003086 60000019800003096 60000019800003085 6.49159774567 -1.92667 -5.15453 9.46145
9.29124 60000019800003086 60000019800003085 60000019800003096 60000019800003084 6.14490120342 -6.78451 -6.10993 9.48445
9.34165 60000019800003085 60000019800003083 60000019800003096 60000019800003082 5.52976580795 -5.58818 -0.805322 5.04016
9.40389 60000019800003083 60000019800003082 60000019800003096 60000019800003081 5.22758097313 -8.09457 4.58737 10.9278
9.48799 60000019800003082 60000019800003076 60000019800003096 60000019800003075 4.00794511147 18.0289 -5.0849 3.96663
9.03463 60000019800003143 60000019800003142 60000019800003147 60000019800003141 6.49159774567 0.142213 3.49762 5.21724
9.08578 60000019800003142 60000019800003141 60000019800003147 60000019800003140 6.14490120342 -1.87493 4.26772 5.88828
9.13394 60000019800003141 60000019800003140 60000019800003147 60000019800003139 6.01075739884 -2.23696 4.65812 6.19316
9.13871 60000019800003140 60000019800003139 60000019800003147 60000019800003138 5.84661374788 -1.05171 5.39025 3.77726
9.17073 60000019800003139 60000019800003138 60000019800003147 60000019800003137 5.52976580795 -5.18084 7.80227 5.89241
9.21272 60000019800003138 60000019800003137 60000019800003147 60000019800003136 5.22758097313 -2.88832 6.30325 1.03434
9.21472 60000019800003137 60000019800003133 60000019800003147 60000019800003132 4.42803373661 1.93857 9.14023 -1.10931
9.23988 60000019800003133 60000019800003132 60000019800003147 60000019800003131 4.17683491473 3.3112 4.70709 1.78348
9.10157 60000019800003180 60000019800003179 60000019800003189 60000019800003178 5.22758097313 16.5168 -2.97955 -12.9629
9.13394 60000019800003179 60000019800003173 60000019800003189 60000019800003172 4.00794511147 13.3941 -8.51454 -11.2927
9.18162 60000019800003173 60000019800003172 60000019800003189 60000019800003171 3.93726108473 7.46285 -2.19195 -7.79408
9.21671 60000019800003172 60000019800003171 60000019800003189 60000019800003170 3.70877426464 10.2883 -5.61295 -9.31221
9.22262 60000019800003171 60000019800003169 60000019800003189 60000019800003168 3.28303305796 9.53025 -11.238 -2.21996
9.06378 60000019800003468 60000019800003467 60000019800003472 60000019800003466 9.84138043947 -4.42459 -8.18048 4.29984
9.09637 60000019800003467 60000019800003466 60000019800003472 60000019800003465 9.38877127194 -6.34418 -4.56728 0.662126
9.11681 60000019800003466 60000019800003464 60000019800003472 60000019800003463 8.9079991856 -2.7444 -5.99086 2.78164
9.17729 60000019800003464 60000019800003463 60000019800003472 60000019800003462 8.44947629437 -3.8435 -7.255 3.49892
9.19848 60000019800003463 60000019800003462 60000019800003472 60000019800003461 8.01217294887 -2.44491 -1.85688 2.44128
9.21472 60000019800003462 60000019800003461 60000019800003472 60000019800003460 7.59510714987 0.375899 -4.49489 3.4739
9.30923 60000019800003461 60000019800003460 60000019800003472 60000019800003459 7.23627606617 -5.68462 -4.60932 2.63375
9.31717 60000019800003460 60000019800003459 60000019800003472 60000019800003458 7.00541704554 -1.31098 -0.999829 2.87604
9.33566 60000019800003459 60000019800003458 60000019800003472 60000019800003457 6.85511726265 -0.357395 -2.42891 5.51493
9.33716 60000019800003458 60000019800003457 60000019800003472 60000019800003456 6.49159774567 -2.75792 -4.09059 1.90269
9.51074 60000019800003457 60000019800003456 60000019800003472 60000019800003455 6.14490120342 -13.3493 -3.26072 -2.95373
9.5207 60000019800003456 60000019800003455 60000019800003472 60000019800003454 6.01075739884 -12.8557 -11.6356 -1.90693
9.55841 60000019800003455 60000019800003454 60000019800003472 60000019800003453 5.84661374788 -7.46692 -16.5574 5.02234
9.71887 60000019800003454 60000019800003453 60000019800003472 60000019800003452 5.52976580795 4.45327 -38.8108 17.6487
9.74608 60000019800003453 60000019800003452 60000019800003472 60000019800003451 5.22758097313 6.14558 -34.4072 21.2542
9.76557 60000019800003452 60000019800003451 60000019800003472 60000019800003450 4.99593346816 3.7307 -29.1063 17.0881
9.87626 60000019800003451 60000019800003449 60000019800003472 60000019800003448 4.66451770247 -11.369 -24.0663 10.5768
9.00012 60000019800003484 60000019800003483 60000019800003494 60000019800003482 6.85511726265 16.4193 1.57018 -1.89687
9.18589 60000019800003483 60000019800003482 60000019800003494 60000019800003481 6.49159774567 10.6246 0.77811 -3.29671
9.00012 60000019800003524 60000019800003523 60000019800003527 60000019800003522 4.66451770247 -2.47691 -1.94247 2.77501
9.05235 60000019800003523 60000019800003522 60000019800003527 60000019800003521 4.42803373661 -2.3552 -2.78979 1.69575
9.12424 60000019800003522 60000019800003521 60000019800003527 60000019800003520 4.17683491473 -2.87899 0.339018 1.22183
9.15042 60000019800003521 60000019800003519 60000019800003527 60000019800003518 3.93726108473 -2.56528 6.22636 0.206738
9.19013 60000019800003519 60000019800003517 60000019800003527 60000019800003516 3.49086136926 -3.66556 -2.05563 -1.8465
9.24733 60000019800003517 60000019800003516 60000019800003527 60000019800003515 3.28303305796 -8.79937 3.1739 10.4621
9.39214 60000019800003516 60000019800003515 60000019800003527 60000019800003514 3.08482263583 10.4772 -18.8153 -1.55054
9.0666 60000019800003691 60000019800003690 60000019800003696 60000019800003689 7.00541704554 3.9366 0.796406 -0.414817
9.10926 60000019800003690 60000019800003688 60000019800003696 60000019800003687 6.49159774567 2.40191 3.48143 -1.14141
9.12668 60000019800003688 60000019800003686 60000019800003696 60000019800003685 6.01075739884 2.0509 4.46972 -1.13256
9.19433 60000019800003686 60000019800003685 60000019800003696 60000019800003684 5.84661374788 -2.98334 2.6741 -5.87053
9.3044 60000019800003685 60000019800003684 60000019800003696 60000019800003683 5.52976580795 -1.69719 5.7193 -3.04279
9.5761 60000019800003684 60000019800003683 60000019800003696 60000019800003682 4.99593346816 -16.9664 -5.65499 -4.85044
9.60381 60000019800003683 60000019800003682 60000019800003696 60000019800003681 4.93938066349 -12.8704 -4.93417 -2.22257
9.6804 60000019800003682 60000019800003681 60000019800003696 60000019800003680 4.66451770247 -7.73749 -7.95609 -5.96806
9.70363 60000019800003681 60000019800003680 60000019800003696 60000019800003679 4.42803373661 -4.92303 -7.14117 -0.773915
9.71511 60000019800003680 60000019800003679 60000019800003696 60000019800003678 4.17683491473 -4.54332 -11.2252 0.843163
9.74078 60000019800003679 60000019800003678 60000019800003696 60000019800003677 4.00794511147 -6.64815 -17.0725 1.83925
9.75133 60000019800003678 60000019800003676 60000019800003696 60000019800003675 3.70877426464 0.55836 -13.9933 9.12119
9.7519 60000019800003676 60000019800003670 60000019800003696 60000019800003669 2.73314261732 -7.51613 -14.7969 7.40688
9.83291 60000019800003670 60000019800003669 60000019800003696 60000019800003668 2.5772902716 -4.43605 -17.159 23.0559
9.43617 60000019800003700 60000019800003699 60000019800003710 60000019800003683 5.22758097313 -13.3228 -2.32859 -1.87863
9.07766 60000019800003770 60000019800003769 60000019800003783 60000019800003768 5.22758097313 1.45559 -5.87442 1.75372
9.1193 60000019800003769 60000019800003768 60000019800003783 60000019800003767 4.99593346816 -0.254376 -6.20521 4.54578
9.12424 60000019800003768 60000019800003767 60000019800003783 60000019800003766 4.93938066349 1.46855 -4.16087 6.3621
9.17946 60000019800003767 60000019800003766 60000019800003783 60000019800003765 4.66451770247 0.380145 -6.02413 5.54315
9.19223 60000019800003766 60000019800003765 60000019800003783 60000019800003764 4.42803373661 2.34897 -6.29037 5.99308
9.21072 60000019800003765 60000019800003759 60000019800003783 60000019800003758 3.28303305796 6.21859 -2.1281 10.9973
9.16182 60000019800004304 60000019800004303 60000019800004313 60000019800004302 3.49086136926 0.112625 -0.622077 -20.0172
9.20055 60000019800004303 60000019800004302 60000019800004313 60000019800004301 3.28303305796 -5.60333 4.02192 -15.1539
9.22845 60000019800004302 60000019800004301 60000019800004313 60000019800004300 3.08482263583 -8.63902 4.18093 -15.0423
9.23988 60000019800004301 60000019800004300 60000019800004313 60000019800004299 3.00813107163 0.273337 -1.28803 -24.8177
9.29787 60000019800004300 60000019800004299 60000019800004313 60000019800004298 2.89578500573 0.379979 -0.567757 -32.0759
9.34016 60000019800004299 60000019800004298 60000019800004313 60000019800004297 2.73314261732 7.81064 -0.00290889 -30.7153
9.45145 60000019800004298 60000019800004292 60000019800004313 60000019800004291 2.00202813925 6.8467 -7.68277 -48.1955
9.05235 60000019800004360 60000019800004359 60000019800004372 60000019800004358 4.42803373661 1.80043 -8.64847 12.9849
9.07216 60000019800004359 60000019800004354 60000019800004372 60000019800004353 3.49086136926 5.04898 -3.18485 10.3374
9.12424 60000019800004354 60000019800004352 60000019800004372 60000019800004351 3.08482263583 3.73403 -8.86753 5.39228
9.04945 60000019800004462 60000019800004461 60000019800004473 60000019800004460 2.31611074396 -12.0693 23.7676 -11.469
9.09111 60000019800004861 60000019800004860 60000019800004865 60000019800004859 9.99659046619 -3.62365 -0.0791281 1.47095
9.12668 60000019800004860 60000019800004859 60000019800004865 60000019800004858 9.84138043947 -2.91562 -1.14775 0.390088
9.21272 60000019800004859 60000019800004858 60000019800004865 60000019800004857 9.38877127194 -2.35401 0.0418103 -1.43375
9.26365 60000019800004858 60000019800004857 60000019800004865 60000019800004856 9.00233985416 -2.8197 -0.110782 -3.11538
9.28956 60000019800004857 60000019800004856 60000019800004865 60000019800004855 8.9079991856 -3.6567 -0.76134 -2.14464
9.31717 60000019800004856 60000019800004855 60000019800004865 60000019800004854 8.44947629437 -5.24792 -1.43145 -3.2574
9.43497 60000019800004855 60000019800004854 60000019800004865 60000019800004853 8.01217294887 -7.34718 -1.96283 -4.1516
9.68176 60000019800004854 60000019800004853 60000019800004865 60000019800004852 7.59510714987 -8.36423 -14.4993 0.576176
9.78421 60000019800004853 60000019800004852 60000019800004865 60000019800004851 7.23627606617 1.42554 -18.2749 -3.26822
9.81328 60000019800004852 60000019800004851 60000019800004865 60000019800004850 7.00541704554 1.04006 -17.5873 -1.8568
9.86034 60000019800004851 60000019800004850 60000019800004865 60000019800004849 6.85511726265 -2.35532 -17.3074 2.0145
9.96723 60000019800004850 60000019800004849 60000019800004865 60000019800004848 6.49159774567 -5.30301 -23.0034 -1.37231
10.005 60000019800004849 60000019800004848 60000019800004865 60000019800004847 6.14490120342 -4.01429 -19.4002 -1.03545
10.0777 60000019800004848 60000019800004847 60000019800004865 60000019800004846 6.01075739884 -7.36774 -30.7168 2.10021
10.125 60000019800004847 60000019800004846 60000019800004865 60000019800004845 5.84661374788 -16.7811 -41.1675 10.1243
10.4807 60000019800004846 60000019800004844 60000019800004865 60000019800004843 5.22758097313 14.7256 -47.545 -14.5278
10.5623 60000019800004844 60000019800004843 60000019800004865 60000019800004842 4.99593346816 10.037 -67.5691 -0.299942
10.5696 60000019800004843 60000019800004842 60000019800004865 60000019800004841 4.93938066349 5.91267 -38.8399 11.9001
10.6735 60000019800004842 60000019800004841 60000019800004865 60000019800004840 4.66451770247 -29.5512 -9.56569 13.5044
10.7457 60000019800004841 60000019800004840 60000019800004865 60000019800004839 4.42803373661 -42.2182 -41.7411 9.46154
10.8118 60000019800004840 60000019800004839 60000019800004865 60000019800004838 4.17683491473 9.79759 -52.9904 -30.7278
10.8228 60000019800004839 60000019800004838 60000019800004865 60000019800004837 4.00794511147 16.6158 -70.5246 -17.7713
10.8576 60000019800004838 60000019800004837 60000019800004865 60000019800004836 3.93726108473 38.8662 -89.5928 -13.193
10.9065 60000019800004837 60000019800004836 60000019800004865 60000019800004835 3.70877426464 72.2269 -83.6786 1.22376
10.9536 60000019800004836 60000019800004835 60000019800004865 60000019800004834 3.49086136926 101.992 -158.911 2.73281
10.9835 60000019800004835 60000019800004833 60000019800004865 60000019800004832 3.08482263583 86.105 -247.438 48.1895
10.9869 60000019800004833 60000019800004832 60000019800004865 60000019800004831 3.00813107163 97.9838 -242.967 40.171
11.0215 60000019800004832 60000019800004831 60000019800004865 60000019800004830 2.89578500573 120.499 -267.517 52.9552
11.0328 60000019800004831 60000019800004830 60000019800004865 60000019800004829 2.73314261732 128.397 -260.258 32.4285
11.0947 60000019800004830 60000019800004829 60000019800004865 60000019800004828 2.5772902716 83.1276 -326.069 -15.3152
11.1389 60000019800004829 60000019800004828 60000019800004865 60000019800004827 2.44422570455 133.821 -360.165 -5.40128
11.1565 60000019800004828 60000019800004827 60000019800004865 60000019800004826 2.31611074396 184.495 -370.388 22.7212
11.1715 60000019800004827 60000019800004826 60000019800004865 60000019800004825 2.20792547238 189.77 -354.059 8.37203
11.1802 60000019800004826 60000019800004825 60000019800004865 60000019800004824 2.1032696526 314.632 -354.771 49.3386
11.2167 60000019800004825 60000019800004824 60000019800004865 60000019800004823 2.00202813925 321.735 -383.048 93.5806
11.2477 60000019800004824 60000019800004823 60000019800004865 60000019800004822 1.90408954353 354.11 -363.259 140.873
11.2667 60000019800004823 60000019800004822 60000019800004865 60000019800004821 1.82268925262 361.209 -362.476 119.028
11.273 60000019800004822 60000019800004821 60000019800004865 60000019800004820 1.74357057433 355.951 -325.369 106.223
9.01928 60000019800004930 60000019800004929 60000019800004941 60000019800004928 6.85511726265 1.64137 -0.424521 3.56483
9.02548 60000019800004929 60000019800004926 60000019800004941 60000019800004925 6.01075739884 2.5332 -0.504611 4.76237
9.10415 60000019800004926 60000019800004924 60000019800004941 60000019800004923 5.52976580795 2.66127 0.0319073 6.04575
9.05235 60000019800005013 60000019800005012 60000019800005021 60000019800005011 8.44947629437 -0.928688 4.22445 1.21666
9.3044 60000019800005012 60000019800005011 60000019800005021 60000019800005010 8.01217294887 4.77105 9.91654 15.0736
9.41534 60000019800005011 60000019800005010 60000019800005021 60000019800005009 7.59510714987 -6.64809 11.5311 8.32906
9.43974 60000019800005010 60000019800005009 60000019800005021 60000019800005008 7.23627606617 -2.73854 14.8566 9.78411
9.45719 60000019800005009 60000019800005008 60000019800005021 60000019800005007 7.00541704554 -1.5027 14.6077 9.82292
9.56557 60000019800005008 60000019800005007 60000019800005021 60000019800005006 6.85511726265 -1.8357 8.46608 14.3935
9.64119 60000019800005007 60000019800005006 60000019800005021 60000019800005005 6.49159774567 8.62276 14.4789 4.03518
9.87234 60000019800005006 60000019800005005 60000019800005021 60000019800005004 6.14490120342 15.2948 21.9417 -28.4064
10.3335 60000019800005005 60000019800005002 60000019800005021 60000019800005001 5.52976580795 43.5933 -46.98 -22.2398
9.04062 60000019800005047 60000019800005046 60000019800005050 60000019800005045 9.00233985416 -0.170344 -1.12154 -0.74196
9.04653 60000019800005046 60000019800005045 60000019800005050 60000019800005044 8.9079991856 0.102588 -1.38195 -0.57842
9.10671 60000019800005045 60000019800005044 60000019800005050 60000019800005043 8.44947629437 -2.19313 -4.09031 -1.01111
9.2026 60000019800005044 60000019800005043 60000019800005050 60000019800005042 8.01217294887 3.49955 3.87973 -7.98077
9.33866 60000019800005043 60000019800005042 60000019800005050 60000019800005041 7.59510714987 0.817071 6.53994 -12.3265
9.35627 60000019800005042 60000019800005041 60000019800005050 60000019800005040 7.23627606617 1.91201 5.77845 -12.0648
9.38412 60000019800005041 60000019800005040 60000019800005050 60000019800005039 7.00541704554 1.69641 9.25672 -10.0456
9.01298 60000019800005252 60000019800005251 60000019800005265 60000019800005250 5.84661374788 1.52677 -0.601068 1.2272
9.05524 60000019800005251 60000019800005249 60000019800005265 60000019800005248 5.22758097313 -0.0819711 0.761368 4.45951
9.09898 60000019800005249 60000019800005248 60000019800005265 60000019800005247 4.99593346816 -1.52356 -0.440735 12.8273
9.13154 60000019800005248 60000019800005244 60000019800005265 60000019800005243 4.17683491473 -1.88251 -0.623351 6.97678
9.18376 60000019800005244 60000019800005243 60000019800005265 60000019800005242 4.00794511147 -2.85836 -0.248523 2.84083
9.22262 60000019800005243 60000019800005241 60000019800005265 60000019800005240 3.70877426464 -5.70341 4.89074 6.73537
9.07216 60000019800005314 60000019800005313 60000019800005319 60000019800005312 7.59510714987 1.96817 4.54824 -5.84389
9.14108 60000019800005313 60000019800005312 60000019800005319 60000019800005311 7.23627606617 -3.62906 5.42347 -3.4315
9.30763 60000019800005312 60000019800005310 60000019800005319 60000019800005309 6.85511726265 -9.42533 10.8507 -6.57621
9.37595 60000019800005310 60000019800005309 60000019800005319 60000019800005308 6.49159774567 -12.0955 9.98186 -9.65101
9.42771 60000019800005309 60000019800005308 60000019800005319 60000019800005307 6.14490120342 -8.99474 8.73131 -7.96483
9.43257 60000019800005308 60000019800005307 60000019800005319 60000019800005306 6.01075739884 -7.01593 8.39459 -5.03433
9.45946 60000019800005307 60000019800005306 60000019800005319 60000019800005305 5.84661374788 -9.04034 10.2302 -5.46009
9.50465 60000019800005306 60000019800005305 60000019800005319 60000019800005304 5.52976580795 -9.61448 9.51274 -8.26727
9.50771 60000019800005305 60000019800005304 60000019800005319 60000019800005303 5.22758097313 -13.0167 11.7393 -8.54693
9.12178 60000019800005321 60000019800005320 60000019800005330 60000019800005310 7.00541704554 -10.3338 6.5213 3.09055
9.01298 60000019800005352 60000019800005351 60000019800005362 60000019800005350 6.85511726265 2.95082 -1.29212 -3.06412
9.05811 60000019800005351 60000019800005350 60000019800005362 60000019800005349 6.49159774567 -1.74514 -5.27891 -7.61942
9.19433 60000019800005350 60000019800005349 60000019800005362 60000019800005348 6.14490120342 10.1938 -7.27537 -8.63293
9.20055 60000019800005349 60000019800005347 60000019800005362 60000019800005346 5.84661374788 2.25523 -5.83079 -8.61795
9.29124 60000019800005347 60000019800005346 60000019800005362 60000019800005345 5.52976580795 8.99051 -6.71005 -5.05152
9.4026 60000019800005346 60000019800005345 60000019800005362 60000019800005344 5.22758097313 -10.9837 -14.5963 -4.99449
9.44211 60000019800005345 60000019800005344 60000019800005362 60000019800005343 4.99593346816 -7.09925 -15.7233 -10.6148
9.50055 60000019800005344 60000019800005343 60000019800005362 60000019800005342 4.93938066349 -8.21305 -3.74467 -10.9126
9.07766 60000019800005435 60000019800005434 60000019800005448 60000019800005433 4.42803373661 7.26395 1.69353 10.1097
9.08038 60000019800005434 60000019800005431 60000019800005448 60000019800005430 3.93726108473 1.46123 -10.5667 -11.4491
9.09898 60000019800005431 60000019800005430 60000019800005448 60000019800005429 3.70877426464 3.72186 -5.87204 -7.67584
9.17946 60000019800005468 60000019800005467 60000019800005478 60000019800005466 5.22758097313 -3.33211 9.96867 31.4826
9.22457 60000019800005467 60000019800005466 60000019800005478 60000019800005465 4.99593346816 -8.10685 9.85539 32.1912
9.2845 60000019800005466 60000019800005462 60000019800005478 60000019800005461 4.17683491473 -7.08023 -2.69261 16.7631
9.39081 60000019800005462 60000019800005461 60000019800005478 60000019800005460 4.00794511147 -19.9568 18.729 22.4872
9.44681 60000019800005461 60000019800005460 60000019800005478 60000019800005459 3.93726108473 -28.9384 21.426 18.8007
9.48157 60000019800005460 60000019800005457 60000019800005478 60000019800005456 3.28303305796 -4.89606 36.6062 17.7881
9.10671 60000019800005519 60000019800005518 60000019800005527 60000019800005517 5.52976580795 -1.87025 5.42193 1.54507
9.1573 60000019800005518 60000019800005517 60000019800005527 60000019800005516 5.22758097313 -0.109684 2.99097 1.4826
9.19433 60000019800005517 60000019800005516 60000019800005527 60000019800005515 4.99593346816 -0.970725 4.23371 1.97251
9.20055 60000019800005516 60000019800005515 60000019800005527 60000019800005514 4.93938066349 0.376731 3.61852 4.3715
9.26187 60000019800005515 60000019800005514 60000019800005527 60000019800005513 4.66451770247 1.39203 3.24368 3.88052
9.29951 60000019800005514 60000019800005511 60000019800005527 60000019800005510 4.00794511147 -12.451 2.19911 -5.76818
9.0098 60000019800005586 60000019800005585 60000019800005602 60000019800005584 3.93726108473 -1.46387 -3.02002 -0.754645
9.06096 60000019800005702 60000019800005701 60000019800005713 60000019800005700 6.85511726265 5.75792 -1.26132 -0.337328
9.22651 60000019800005701 60000019800005700 60000019800005713 60000019800005699 6.49159774567 3.57256 2.93805 -2.22748
9.27072 60000019800005700 60000019800005699 60000019800005713 60000019800005698 6.14490120342 2.67266 6.61345 -3.82909
9.33566 60000019800005699 60000019800005696 60000019800005713 60000019800005695 5.52976580795 4.05877 3.5674 -0.981065
9.39609 60000019800005696 60000019800005695 60000019800005713 60000019800005694 5.22758097313 5.39896 4.97454 -0.373658
9.40001 60000019800005695 60000019800005694 60000019800005713 60000019800005693 4.99593346816 4.39317 4.66323 -2.14094
9.41029 60000019800005694 60000019800005693 60000019800005713 60000019800005692 4.93938066349 1.76927 5.89221 -2.3484
9.42033 60000019800005693 60000019800005691 60000019800005713 60000019800005690 4.42803373661 -2.45218 10.1346 -4.29843
9.46844 60000019800005691 60000019800005690 60000019800005713 60000019800005689 4.17683491473 -2.79818 12.5109 -2.27001
9.48372 60000019800005690 60000019800005689 60000019800005713 60000019800005688 4.00794511147 -2.21395 15.4909 -7.27231
9.01614 60000019800005792 60000019800005791 60000019800005798 60000019800005790 8.01217294887 -2.98914 -3.50883 3.51983
9.21072 60000019800005791 60000019800005790 60000019800005798 60000019800005789 7.59510714987 -18.8953 11.9052 -2.30318
9.33111 60000019800005790 60000019800005789 60000019800005798 60000019800005788 7.23627606617 9.07964 -1.77785 -1.92166
9.45833 60000019800005789 60000019800005788 60000019800005798 60000019800005787 7.00541704554 17.5956 -1.34349 -2.35609
9.55478 60000019800005788 60000019800005786 60000019800005798 60000019800005785 6.49159774567 14.9596 -11.2954 4.37713
9.65802 60000019800005786 60000019800005785 60000019800005798 60000019800005784 6.14490120342 10.5084 -2.59266 1.51526
9.68176 60000019800005785 60000019800005782 60000019800005798 60000019800005781 5.52976580795 10.2575 10.1731 -2.23104
9.70363 60000019800005782 60000019800005781 60000019800005798 60000019800005780 5.22758097313 12.7442 4.31631 -4.52779
9.71637 60000019800005781 60000019800005780 60000019800005798 60000019800005779 4.99593346816 9.97757 1.94891 -8.98876
9.79272 60000019800005780 60000019800005778 60000019800005798 60000019800005777 4.66451770247 7.97941 3.43289 -15.158
9.88273 60000019800005778 60000019800005777 60000019800005798 60000019800005776 4.42803373661 22.4163 3.47631 -26.5051
9.88273 60000019800005777 60000019800005776 60000019800005798 60000019800005775 4.17683491473 30.6651 -20.9877 -16.098
9.93431 60000019800005776 60000019800005775 60000019800005798 60000019800005774 4.00794511147 39.8287 -26.0007 -15.7915
9.96475 60000019800005775 60000019800005773 60000019800005798 60000019800005772 3.70877426464 47.904 -27.5624 -13.6812
10.0421 60000019800005773 60000019800005772 60000019800005798 60000019800005771 3.49086136926 26.97 -22.5515 -30.4496
10.1274 60000019800005772 60000019800005771 60000019800005798 60000019800005770 3.28303305796 30.1575 -26.7584 -37.4073
10.1418 60000019800005771 60000019800005770 60000019800005798 60000019800005769 3.08482263583 35.1256 -21.8094 -36.1421
10.1611 60000019800005770 60000019800005769 60000019800005798 60000019800005768 3.00813107163 31.9222 -23.268 -28.4881
10.2085 60000019800005769 60000019800005768 60000019800005798 60000019800005767 2.89578500573 28.9074 -17.455 -25.2407
10.2765 60000019800005768 60000019800005767 60000019800005798 60000019800005766 2.73314261732 12.6248 -15.0125 -14.2362
9.10926 60000019800005848 60000019800005847 60000019800005853 60000019800005846 8.44947629437 6.31816 -2.76075 -4.16464
9.12668 60000019800005847 60000019800005846 60000019800005853 60000019800005845 8.01217294887 3.82434 0.17498 -3.98116
9.19223 60000019800005846 60000019800005845 60000019800005853 60000019800005844 7.59510714987 8.02699 1.30974 -5.1911
9.19848 60000019800005845 60000019800005844 60000019800005853 60000019800005843 7.23627606617 7.16899 -0.718132 -2.60487
9.26896 60000019800005844 60000019800005843 60000019800005853 60000019800005842 7.00541704554 9.16213 6.22328 -5.32037
9.2828 60000019800005843 60000019800005842 60000019800005853 60000019800005841 6.85511726265 9.21805 9.18753 -5.46577
9.32958 60000019800005842 60000019800005841 60000019800005853 60000019800005840 6.49159774567 -0.591569 10.3341 0.489698
9.35483 60000019800005841 60000019800005835 60000019800005853 60000019800005834 4.99593346816 0.160696 -2.08159 -0.46243
9.36763 60000019800005835 60000019800005834 60000019800005853 60000019800005833 4.93938066349 -1.17412 -0.00394067 -0.405558
9.08309 60000019800005873 60000019800005872 60000019800005884 60000019800005871 6.14490120342 -5.83674 -6.33305 2.85959
9.08578 60000019800005872 60000019800005871 60000019800005884 60000019800005870 6.01075739884 -0.679241 0.961024 -2.92908
9.08845 60000019800005871 60000019800005870 60000019800005884 60000019800005869 5.84661374788 -13.3948 -2.78852 -1.03817
9.11179 60000019800005870 60000019800005869 60000019800005884 60000019800005868 5.52976580795 -18.022 -10.0787 -5.80789
9.16407 60000019800005869 60000019800005868 60000019800005884 60000019800005867 5.22758097313 -14.3637 -4.49981 -18.5819
9.00337 60000019800005939 60000019800005938 60000019800005948 60000019800005937 6.14490120342 -1.04298 0.990489 -4.30986
9.08845 60000019800005938 60000019800005934 60000019800005948 60000019800005933 5.22758097313 0.113132 -3.73357 0.968922
9.11179 60000019800005934 60000019800005933 60000019800005948 60000019800005932 4.99593346816 0.711014 -3.96732 -0.461744
9.14108 60000019800005933 60000019800005932 60000019800005948 60000019800005931 4.93938066349 2.18809 -1.88584 -2.54737
9.17512 60000019800005932 60000019800005931 60000019800005948 60000019800005930 4.66451770247 2.04809 -0.449869 -2.70774
9.33566 60000019800005931 60000019800005930 60000019800005948 60000019800005929 4.42803373661 20.1536 22.6445 -14.7254
9.38141 60000019800005930 60000019800005929 60000019800005948 60000019800005928 4.17683491473 15.8465 16.7203 -16.3294
9.39346 60000019800005929 60000019800005928 60000019800005948 60000019800005927 4.00794511147 19.9933 17.6165 -14.1017
9.4503 60000019800005928 60000019800005927 60000019800005948 60000019800005926 3.93726108473 26.7203 20.5484 -17.9245
9.4606 60000019800005927 60000019800005920 60000019800005948 60000019800005919 2.73314261732 16.6178 21.3968 -5.1565
9.10926 60000019800006103 60000019800006102 60000019800006110 60000019800006101 8.44947629437 1.54337 5.80113 7.98313
9.21472 60000019800006102 60000019800006101 60000019800006110 60000019800006100 8.01217294887 -0.639036 4.94649 2.24429
9.29124 60000019800006101 60000019800006100 60000019800006110 60000019800006099 7.59510714987 -4.56949 5.11974 -1.64075
9.33415 60000019800006100 60000019800006098 60000019800006110 60000019800006097 7.00541704554 -4.95487 6.18734 0.877688
9.33716 60000019800006098 60000019800006097 60000019800006110 60000019800006096 6.85511726265 -4.34856 4.78558 -0.735647
9.35483 60000019800006097 60000019800006096 60000019800006110 60000019800006095 6.49159774567 -3.48584 5.90433 -0.145768
9.38948 60000019800006096 60000019800006095 60000019800006110 60000019800006094 6.14490120342 -1.81685 4.23255 0.564106
9.43737 60000019800006095 60000019800006094 60000019800006110 60000019800006093 6.01075739884 0.635014 -1.55349 2.03365
9.46844 60000019800006094 60000019800006093 60000019800006110 60000019800006092 5.84661374788 -0.267128 1.80262 -0.0394753
9.50973 60000019800006093 60000019800006092 60000019800006110 60000019800006091 5.52976580795 0.373394 -0.420353 -0.670265
9.52462 60000019800006092 60000019800006091 60000019800006110 60000019800006090 5.22758097313 1.95524 -3.03247 -2.74594
9.56823 60000019800006091 60000019800006090 60000019800006110 60000019800006089 4.99593346816 2.88977 -2.07345 -2.00783
9.5931 60000019800006090 60000019800006089 60000019800006110 60000019800006088 4.93938066349 2.95714 -2.33077 -2.15637
9.5989 60000019800006089 60000019800006088 60000019800006110 60000019800006087 4.66451770247 -1.59725 -1.39027 -2.39141
9.60543 60000019800006088 60000019800006087 60000019800006110 60000019800006086 4.42803373661 -2.05206 -1.8804 -2.25261
9.66159 60000019800006087 60000019800006086 60000019800006110 60000019800006085 4.17683491473 0.0554594 -1.17782 -3.82903
9.0098 60000019800006144 60000019800006143 60000019800006160 60000019800006142 1.90408954353 -4.4391 1.89822 -3.88785
9.01928 60000019800006143 60000019800006142 60000019800006160 60000019800006141 1.82268925262 -7.46036 0.47593 -5.69724
9.08845 60000019800006142 60000019800006141 60000019800006160 60000019800006140 1.74357057433 -9.75358 1.49699 -5.39738
9.08845 60000019800006141 60000019800006140 60000019800006160 60000019800006139 1.66666955611 -5.96258 1.34309 -6.42465
9.09637 60000019800006140 60000019800006138 60000019800006160 60000019800006137 1.53123902916 -6.1254 -0.418022 -6.05662
9.11179 60000019800006138 60000019800006133 60000019800006160 60000019800006132 1.24847261425 -2.13825 3.18187 -3.72001
9.11431 60000019800006133 60000019800006130 60000019800006160 60000019800006129 1.11415056377 -2.61695 1.13405 -7.17232
9.01614 60000019800006397 60000019800006396 60000019800006411 60000019800006395 4.17683491473 1.75714 4.82282 -0.1969
9.04062 60000019800006396 60000019800006393 60000019800006411 60000019800006392 3.70877426464 -1.34929 0.892098 3.55142
9.08038 60000019800006393 60000019800006392 60000019800006411 60000019800006391 3.49086136926 0.449367 0.354749 2.60408
9.17512 60000019800006392 60000019800006391 60000019800006411 60000019800006390 3.28303305796 -7.40725 9.05669 -1.54312
9.23988 60000019800006391 60000019800006388 60000019800006411 60000019800006387 2.89578500573 -9.91823 -14.7037 -9.24188
9.27246 60000019800006388 60000019800006387 60000019800006411 60000019800006386 2.73314261732 -10.5367 -9.66599 -7.49825
9.29457 60000019800006387 60000019800006386 60000019800006411 60000019800006385 2.5772902716 -15.0533 -20.6097 -3.04601
9.36763 60000019800006386 60000019800006385 60000019800006411 60000019800006384 2.44422570455 -15.9368 -22.1406 -2.25132
9.0066 60000019800006892 60000019800006891 60000019800006896 60000019800006890 5.22758097313 6.96948 2.26493 0.382625
9.1193 60000019800006891 60000019800006890 60000019800006896 60000019800006889 4.99593346816 2.67357 8.32837 5.0534
9.17073 60000019800006890 60000019800006888 60000019800006896 60000019800006887 4.66451770247 11.1581 -0.773338 0.603229
9.2845 60000019800006888 60000019800006887 60000019800006896 60000019800006886 4.42803373661 0.414382 4.41253 3.55425
9.34609 60000019800006887 60000019800006886 60000019800006896 60000019800006885 4.17683491473 13.2443 -2.67866 11.4287
9.39214 60000019800006886 60000019800006883 60000019800006896 60000019800006882 3.70877426464 8.39954 0.411295 7.79913
9.41029 60000019800006883 60000019800006882 60000019800006896 60000019800006881 3.49086136926 14.3541 1.40536 8.44279
9.44797 60000019800006882 60000019800006881 60000019800006896 60000019800006880 3.28303305796 9.88536 -6.55659 4.90542
9.49431 60000019800006881 60000019800006880 60000019800006896 60000019800006879 3.08482263583 12.2689 -3.29653 -1.39742
9.53902 60000019800006880 60000019800006879 60000019800006896 60000019800006878 3.00813107163 -11.903 -1.11433 10.941
9.56468 60000019800006879 60000019800006878 60000019800006896 60000019800006877 2.89578500573 -0.992219 -4.70262 2.03419
9.60946 60000019800006878 60000019800006877 60000019800006896 60000019800006876 2.73314261732 -3.33904 -9.70928 5.90581
9.69449 60000019800006877 60000019800006876 60000019800006896 60000019800006875 2.5772902716 -6.18033 -19.4028 18.3148
9.69778 60000019800006876 60000019800006875 60000019800006896 60000019800006874 2.44422570455 -5.69615 -16.8414 16.4925
9.77003 60000019800006875 60000019800006872 60000019800006896 60000019800006871 2.1032696526 -6.90992 -26.6126 11.2001
9.78152 60000019800006872 60000019800006870 60000019800006896 60000019800006869 1.90408954353 2.6988 -30.0899 -1.13235
9.78421 60000019800006870 60000019800006869 60000019800006896 60000019800006868 1.82268925262 -0.430853 -26.3574 -1.12073
9.0098 60000019800006912 60000019800006911 60000019800006931 60000019800006910 4.00794511147 -1.50357 3.64964 1.25107
9.0098 60000019800006911 60000019800006910 60000019800006931 60000019800006909 3.93726108473 -1.54178 6.28067 -0.259917
9.02548 60000019800006974 60000019800006973 60000019800006989 60000019800006972 2.5772902716 0.934251 -12.147 -10.5267
9.09898 60000019800006973 60000019800006972 60000019800006989 60000019800006971 2.44422570455 3.49831 -14.2992 -11.3257
9.12912 60000019800006972 60000019800006971 60000019800006989 60000019800006970 2.31611074396 3.18622 -17.2363 -9.86838
9.16407 60000019800006971 60000019800006970 60000019800006989 60000019800006969 2.20792547238 1.46038 -12.5554 -13.9889
9.19013 60000019800006970 60000019800006969 60000019800006989 60000019800006968 2.1032696526 5.60191 -13.8666 -12.6493
9.2026 60000019800006969 60000019800006968 60000019800006989 60000019800006967 2.00202813925 4.01152 -14.2761 -12.4885
9.22651 60000019800006968 60000019800006965 60000019800006989 60000019800006964 1.74357057433 -1.9711 -11.8649 -3.62233
9.07216 60000019800007131 60000019800007130 60000019800007143 60000019800007129 2.31611074396 -2.79353 -6.33847 4.86834
9.17073 60000019800007373 60000019800007372 60000019800007389 60000019800007371 1.41409822037 -8.52164 -38.2631 -54.8566
9.01614 60000019800007717 60000019800007716 60000019800007725 60000019800007715 5.84661374788 -2.60188 3.77287 1.36844
9.13394 60000019800007716 60000019800007715 60000019800007725 60000019800007714 5.52976580795 3.80143 8.04793 -1.10338
9.19223 60000019800007715 60000019800007714 60000019800007725 60000019800007713 5.22758097313 2.47529 7.06238 1.44705
9.26896 60000019800007714 60000019800007713 60000019800007725 60000019800007712 4.99593346816 -2.92462 6.87503 2.68059
9.28788 60000019800007713 60000019800007712 60000019800007725 60000019800007711 4.93938066349 -0.456514 4.02861 -2.53207
9.33111 60000019800007712 60000019800007711 60000019800007725 60000019800007710 4.66451770247 1.79239 3.51039 0.687749
9.50158 60000019800007711 60000019800007710 60000019800007725 60000019800007709 4.42803373661 -2.7724 -1.17182 -8.27375
9.54185 60000019800007710 60000019800007708 60000019800007725 60000019800007707 4.00794511147 -1.91854 5.11391 -7.02046
9.58975 60000019800007708 60000019800007707 60000019800007725 60000019800007706 3.93726108473 -3.76394 -1.21868 -9.19723
9.0316 60000019800007787 60000019800007786 60000019800007806 60000019800007785 3.00813107163 -0.620776 -1.12912 1.59554
9.04062 60000019800007786 60000019800007784 60000019800007806 60000019800007783 2.73314261732 -0.722821 -2.35789 2.35239
9.10671 60000019800007784 60000019800007779 60000019800007806 60000019800007778 2.1032696526 -17.0892 5.32845 12.4105
9.01928 60000019800008354 60000019800008353 60000019800008367 60000019800008352 3.93726108473 3.75843 9.68755 1.78977
9.04062 60000019800008353 60000019800008342 60000019800008367 60000019800008341 2.20792547238 0.374334 5.22049 -7.07597
9.04945 60000019800008342 60000019800008341 60000019800008367 60000019800008340 2.1032696526 0.271859 5.83182 -5.04115
9.04945 60000019800008341 60000019800008340 60000019800008367 60000019800008339 2.00202813925 0.331775 5.70896 -4.56972
9.08845 60000019800008340 60000019800008339 60000019800008367 60000019800008338 1.90408954353 2.58124 5.65664 -3.34492
9.11431 60000019800008339 60000019800008337 60000019800008367 60000019800008336 1.74357057433 0.480375 4.35569 -1.89399
9.41029 60000019800008337 60000019800008335 60000019800008367 60000019800008334 1.60423452207 20.4684 33.7657 -46.3432
9.00012 60000019800008416 60000019800008415 60000019800008423 60000019800008414 2.44422570455 -9.6443 -7.20369 0.698756
9.02855 60000019800008415 60000019800008412 60000019800008423 60000019800008411 2.1032696526 -9.5219 -5.9601 12.0158
9.02855 60000019800008412 60000019800008409 60000019800008423 60000019800008408 1.82268925262 -11.5772 -7.64097 14.0508
9.05811 60000019800008479 60000019800008478 60000019800008491 60000019800008477 3.49086136926 2.47825 -8.98848 24.8756
9.08309 60000019800008478 60000019800008477 60000019800008491 60000019800008476 3.28303305796 5.62854 -8.56608 19.2374
9.10157 60000019800008477 60000019800008474 60000019800008491 60000019800008473 2.89578500573 11.1645 -6.82829 23.2868
9.1193 60000019800008474 60000019800008472 60000019800008491 60000019800008471 2.5772902716 11.8797 4.548 18.0779
9.01928 60000019800008621 60000019800008620 60000019800008630 60000019800008619 3.49086136926 0.221876 -0.578244 -0.25367
9.06096 60000019800008620 60000019800008619 60000019800008630 60000019800008618 3.28303305796 3.96696 -2.52848 0.0358335
9.17073 60000019800008619 60000019800008618 60000019800008630 60000019800008617 3.08482263583 -2.07786 -6.85116 0.714249
9.19848 60000019800008618 60000019800008617 60000019800008630 60000019800008616 3.00813107163 0.213416 -8.73423 0.156893
9.24918 60000019800008617 60000019800008616 60000019800008630 60000019800008615 2.89578500573 2.49663 -0.44388 -3.54166
9.33111 60000019800008616 60000019800008615 60000019800008630 60000019800008614 2.73314261732 0.0351521 1.66426 -3.86612
9.42281 60000019800008615 60000019800008614 60000019800008630 60000019800008613 2.5772902716 0.697382 11.3661 -7.58843
9.0098 60000019800008728 60000019800008727 60000019800008737 60000019800008726 4.93938066349 2.94582 -4.85602 -6.53388
9.04358 60000019800008727 60000019800008725 60000019800008737 60000019800008724 4.42803373661 2.11537 -0.13924 -5.33284
9.07766 60000019800008725 60000019800008723 60000019800008737 60000019800008722 4.00794511147 1.60153 2.8461 -7.90997
9.15273 60000019800008723 60000019800008721 60000019800008737 60000019800008720 3.70877426464 -3.4722 3.25009 -1.52141
9.18802 60000019800008721 60000019800008720 60000019800008737 60000019800008719 3.49086136926 1.35692 -1.87969 -4.09901
9.01614 60000019800009250 60000019800009249 60000019800009265 60000019800009248 3.28303305796 -1.32532 5.08011 1.92686
9.10415 60000019800009249 60000019800009248 60000019800009265 60000019800009247 3.08482263583 -1.92891 1.40032 0.828526
9.10415 60000019800009248 60000019800009244 60000019800009265 60000019800009243 2.5772902716 -4.10839 0.21276 -5.49609
9.10671 60000019800009244 60000019800009241 60000019800009265 60000019800009240 2.20792547238 -3.51322 1.94387 -2.75849
9.12424 60000019800009241 60000019800009238 60000019800009265 60000019800009237 1.90408954353 -0.190145 1.92994 -1.3826
9.11179 60000019800009356 60000019800009355 60000019800009361 60000019800009354 4.17683491473 11.3729 -0.44001 -9.16396
9.18802 60000019800009355 60000019800009352 60000019800009361 60000019800009351 3.70877426464 12.1295 -3.15124 -7.93478
9.19641 60000019800009352 60000019800009350 60000019800009361 60000019800009349 3.28303305796 10.1114 0.192194 -4.72707
9.00337 60000019800009517 60000019800009516 60000019800009522 60000019800009515 6.14490120342 -1.21493 -3.30451 12.1563
9.13634 60000019800009516 60000019800009515 60000019800009522 60000019800009514 6.01075739884 -5.38696 -11.4263 5.79036
9.15042 60000019800009515 60000019800009514 60000019800009522 60000019800009513 5.84661374788 -7.72755 -9.11941 9.31003
9.20055 60000019800009514 60000019800009513 60000019800009522 60000019800009512 5.52976580795 -5.30364 -9.5105 7.92016
9.23037 60000019800009513 60000019800009512 60000019800009522 60000019800009511 5.22758097313 -4.43384 -8.40805 7.47951
9.26187 60000019800009512 60000019800009511 60000019800009522 60000019800009510 4.99593346816 -0.8898 -6.28984 6.31637
9.35338 60000019800009511 60000019800009509 60000019800009522 60000019800009508 4.66451770247 -2.35887 5.1392 5.21934
9.42771 60000019800009509 60000019800009508 60000019800009522 60000019800009507 4.42803373661 -2.07379 -0.11669 12.1732
9.42893 60000019800009508 60000019800009507 60000019800009522 60000019800009506 4.17683491473 0.772346 3.73076 10.5216
9.44681 60000019800009507 60000019800009505 60000019800009522 60000019800009504 3.93726108473 -1.49202 -2.28914 9.59103
9.4964 60000019800009505 60000019800009504 60000019800009522 60000019800009503 3.70877426464 -5.65173 -2.67978 11.7313
9.49951 60000019800009504 60000019800009502 60000019800009522 60000019800009501 3.28303305796 -10.9254 -6.33319 10.9867
9.50055 60000019800009502 60000019800009501 60000019800009522 60000019800009500 3.08482263583 -8.17553 -6.72588 14.6148
9.50973 60000019800009501 60000019800009498 60000019800009522 60000019800009497 2.73314261732 -11.1062 1.81177 19.3641
9.56021 60000019800009498 60000019800009497 60000019800009522 60000019800009496 2.5772902716 -14.7389 2.54558 21.4836
9.57697 60000019800009497 60000019800009495 60000019800009522 60000019800009494 2.31611074396 -17.7828 -9.52924 18.2829
9.02548 60000019800009576 60000019800009575 60000019800009597 60000019800009574 2.1032696526 -4.10751 -7.66426 3.17429
9.00337 60000019800009712 60000019800009711 60000019800009716 60000019800009710 2.73314261732 2.32027 -2.62743 1.5968
9.0066 60000019800009711 60000019800009710 60000019800009716 60000019800009709 2.5772902716 2.42409 -4.19936 2.39752
9.05524 60000019800009710 60000019800009709 60000019800009716 60000019800009708 2.44422570455 2.76848 0.590671 -0.141612
9.07766 60000019800009709 60000019800009707 60000019800009716 60000019800009706 2.20792547238 2.43676 -1.72308 2.12798
9.08578 60000019800009707 60000019800009706 60000019800009716 60000019800009705 2.1032696526 6.16929 -4.56202 3.96425
9.17293 60000019800009706 60000019800009705 60000019800009716 60000019800009704 2.00202813925 3.50622 2.47421 -5.94389
9.22651 60000019800009705 60000019800009704 60000019800009716 60000019800009703 1.90408954353 4.09463 1.04412 -9.48433
9.23229 60000019800009704 60000019800009698 60000019800009716 60000019800009697 1.47197484527 5.50928 -1.5044 -7.96787
9.03463 60000019800009873 60000019800009872 60000019800009889 60000019800009871 2.20792547238 14.1745 -14.3059 6.93092
9.09637 60000019800009872 60000019800009871 60000019800009889 60000019800009870 2.1032696526 11.3106 -11.2646 1.85558
9.1193 60000019800009871 60000019800009870 60000019800009889 60000019800009869 2.00202813925 15.3923 -14.7627 4.79333
9.01614 60000019800009940 60000019800009939 60000019800009968 60000019800009938 1.60423452207 -1.92086 7.67316 -9.75126
9.06096 60000019800010183 60000019800010182 60000019800010194 60000019800010181 2.20792547238 -16.5581 11.9726 -2.52184
9.06096 60000019800010182 60000019800010179 60000019800010194 60000019800010178 1.90408954353 -17.0237 9.28025 3.11496
9.06096 60000019800010179 60000019800010175 60000019800010194 60000019800010174 1.60423452207 -16.3779 4.38216 3.47756
9.01614 60000019800010807 60000019800010806 60000019800010817 60000019800010805 6.01075739884 -7.8492 8.3459 15.1085
9.02239 60000019800010806 60000019800010804 60000019800010817 60000019800010803 5.52976580795 -3.5456 9.93165 13.7896
9.06096 60000019800010804 60000019800010803 60000019800010817 60000019800010802 5.22758097313 -2.58558 10.6395 11.4328
9.06939 60000019800010803 60000019800010802 60000019800010817 60000019800010801 4.99593346816 -1.40154 10.019 11.6252
9.08845 60000019800010802 60000019800010800 60000019800010817 60000019800010799 4.66451770247 -2.67723 10.6057 9.82355
9.1193 60000019800010800 60000019800010799 60000019800010817 60000019800010798 4.42803373661 -8.51113 10.4533 10.7678
9.12668 60000019800010799 60000019800010798 60000019800010817 60000019800010797 4.17683491473 -6.6177 14.8076 13.0591
9.13634 60000019800010798 60000019800010794 60000019800010817 60000019800010793 3.49086136926 -4.72578 10.1062 5.88635
9.38277 60000019800010794 60000019800010792 60000019800010817 60000019800010791 3.08482263583 -1.86496 5.19582 7.45231
9.40774 60000019800010792 60000019800010788 60000019800010817 60000019800010787 2.5772902716 -2.48928 0.862722 2.8206
9.4503 60000019800010788 60000019800010787 60000019800010817 60000019800010786 2.44422570455 -2.60001 4.77665 3.75918
9.49116 60000019800010787 60000019800010786 60000019800010817 60000019800010785 2.31611074396 -2.79091 2.65658 2.56603
9.51175 60000019800010786 60000019800010785 60000019800010817 60000019800010784 2.20792547238 -6.05123 6.06389 1.79039
9.02855 60000019800010910 60000019800010909 60000019800010930 60000019800010908 2.44422570455 -16.2326 -8.82865 -8.36106
9.0066 60000019800011139 60000019800011138 60000019800011150 60000019800011137 2.00202813925 -9.55447 -3.46571 14.9092
9.33415 60000019800011415 60000019800011414 60000019800011427 60000019800011413 4.66451770247 -17.0696 -5.69646 17.3012
9.35771 60000019800011414 60000019800011413 60000019800011427 60000019800011412 4.42803373661 -15.9487 -7.11953 15.6814
9.42281 60000019800011413 60000019800011411 60000019800011427 60000019800011410 4.00794511147 -17.51 -8.35016 15.5113
9.44797 60000019800011411 60000019800011410 60000019800011427 60000019800011409 3.93726108473 -14.2385 -7.59957 14.652
9.4606 60000019800011410 60000019800011409 60000019800011427 60000019800011408 3.70877426464 -11.3867 -7.12362 11.8893
9.48265 60000019800011409 60000019800011407 60000019800011427 60000019800011406 3.28303305796 -11.3356 -9.30764 14.8114
9.49951 60000019800011407 60000019800011405 60000019800011427 60000019800011404 3.00813107163 -5.13457 -9.3981 12.5063
9.50158 60000019800011405 60000019800011404 60000019800011427 60000019800011403 2.89578500573 -8.21959 -8.50776 16.0571
9.51675 60000019800011404 60000019800011403 60000019800011427 60000019800011402 2.73314261732 -13.3242 -8.52651 17.1908
9.54091 60000019800011403 60000019800011402 60000019800011427 60000019800011401 2.5772902716 -17.424 -7.65106 14.4799
9.55387 60000019800011402 60000019800011401 60000019800011427 60000019800011400 2.44422570455 -14.6781 -5.41143 10.3765
9.55387 60000019800011401 60000019800011399 60000019800011427 60000019800011398 2.20792547238 -19.5766 -12.1822 8.89122
9.5629 60000019800011399 60000019800011394 60000019800011427 60000019800011393 1.74357057433 -8.83284 -19.4968 5.44119
9.01614 60000019800011430 60000019800011429 60000019800011432 60000019800011428 4.99593346816 -3.85145 1.87867 6.05673
9.06378 60000019800011429 60000019800011428 60000019800011432 60000019800011414 4.93938066349 -7.48724 1.81281 7.89217
9.0066 60000019800011813 60000019800011812 60000019800011843 60000019800011811 1.24847261425 9.99199 2.11836 8.40168
9.00337 60000019800011916 60000019800011915 60000019800011921 60000019800011914 2.20792547238 12.1963 6.50688 1.04744
9.05524 60000019800011915 60000019800011913 60000019800011921 60000019800011912 2.00202813925 11.0908 9.06464 -3.73946
9.10415 60000019800011913 60000019800011912 60000019800011921 60000019800011911 1.90408954353 9.88232 4.65993 -0.0406475
9.13871 60000019800011912 60000019800011911 60000019800011921 60000019800011910 1.82268925262 9.93616 9.20565 1.73317
9.14578 60000019800011911 60000019800011910 60000019800011921 60000019800011909 1.74357057433 9.5224 8.71289 1.30055
