logMh | fpID | subhaloID | main leaf ID | descID |  z
9.17946 10000000008192888 10000000008192887 10000000008192893 10000000008192886 8.01217294887 -7.37194 8.56081 2.23071
9.5629 10000000008192887 10000000008192886 10000000008192893 10000000008192885 7.59510714987 -22.9742 13.6258 3.61361
9.74725 10000000008192886 10000000008192885 10000000008192893 10000000008192884 7.23627606617 -4.25502 19.043 12.9991
9.81428 10000000008192885 10000000008192884 10000000008192893 10000000008192883 7.00541704554 -4.98963 18.0363 15.4338
9.8697 10000000008192884 10000000008192883 10000000008192893 10000000008192882 6.85511726265 -1.20572 13.7282 9.50079
9.94035 10000000008192883 10000000008192882 10000000008192893 10000000008192881 6.49159774567 -9.09598 3.66632 15.7245
10.0346 10000000008192882 10000000008192881 10000000008192893 10000000008192880 6.14490120342 -5.36458 -1.36359 15.4895
10.0471 10000000008192881 10000000008192880 10000000008192893 10000000008192879 6.01075739884 -2.79908 -1.88725 18.6258
10.1105 10000000008192880 10000000008192878 10000000008192893 10000000008192877 5.52976580795 -10.1478 -36.9117 30.2863
10.1729 10000000008192878 10000000008192877 10000000008192893 10000000008192876 5.22758097313 6.28049 -49.0525 11.4604
10.3291 10000000008192877 10000000008192876 10000000008192893 10000000008192875 4.99593346816 -4.46589 -47.576 26.6909
10.354 10000000008192876 10000000008192875 10000000008192893 10000000008192874 4.93938066349 -4.29738 -39.0882 30.0026
10.4089 10000000008192875 10000000008192874 10000000008192893 10000000008192873 4.66451770247 -26.7777 -33.8099 30.3319
10.4981 10000000008192874 10000000008192873 10000000008192893 10000000008192872 4.42803373661 -40.9227 -40.0259 47.2968
10.536 10000000008192873 10000000008192872 10000000008192893 10000000008192871 4.17683491473 -38.3784 -34.4558 46.3221
10.6319 10000000008192872 10000000008192871 10000000008192893 10000000008192870 4.00794511147 -2.30331 -63.4085 57.3015
10.6362 10000000008192871 10000000008192870 10000000008192893 10000000008192869 3.93726108473 -12.5067 -71.5172 58.5075
10.7344 10000000008192870 10000000008192869 10000000008192893 10000000008192868 3.70877426464 27.6046 -87.1443 64.758
10.7875 10000000008192869 10000000008192868 10000000008192893 10000000008192867 3.49086136926 21.4817 -96.2304 67.1554
10.824 10000000008192868 10000000008192867 10000000008192893 10000000008192866 3.28303305796 24.6681 -100.332 69.7671
10.8894 10000000008192867 10000000008192866 10000000008192893 10000000008192865 3.08482263583 38.2989 -75.2804 83.1729
10.8976 10000000008192866 10000000008192865 10000000008192893 10000000008192864 3.00813107163 39.1604 -79.8561 82.6104
10.9138 10000000008192865 10000000008192864 10000000008192893 10000000008192863 2.89578500573 50.2421 -79.9239 98.0522
10.9241 10000000008192864 10000000008192863 10000000008192893 10000000008192862 2.73314261732 73.0062 -87.0137 97.9563
10.9375 10000000008192863 10000000008192862 10000000008192893 10000000008192861 2.5772902716 100.251 -93.9071 104.018
10.9495 10000000008192862 10000000008192861 10000000008192893 10000000008192860 2.44422570455 137.005 -102.701 88.342
10.9675 10000000008192861 10000000008192859 10000000008192893 10000000008192858 2.20792547238 110.019 -95.3791 63.0417
10.9704 10000000008192859 10000000008192858 10000000008192893 10000000008192857 2.1032696526 109.492 -119.082 40.014
11.0014 10000000008192858 10000000008192857 10000000008192893 10000000008192856 2.00202813925 104.777 -143.247 12.9119
11.0205 10000000008192857 10000000008192856 10000000008192893 10000000008192855 1.90408954353 104.329 -204.063 -20.8584
11.0683 10000000008192856 10000000008192855 10000000008192893 10000000008192854 1.82268925262 135.467 -279.967 -21.7589
11.1226 10000000008192855 10000000008192854 10000000008192893 10000000008192853 1.74357057433 159.025 -314.094 -29.6925
11.134 10000000008192854 10000000008192853 10000000008192893 10000000008192852 1.66666955611 141.815 -276.065 -22.0762
11.184 10000000008192853 10000000008192852 10000000008192893 10000000008192851 1.60423452207 206.63 -337.653 6.68641
11.2317 10000000008192852 10000000008192851 10000000008192893 10000000008192850 1.53123902916 192.202 -350.185 17.3703
11.2647 10000000008192851 10000000008192850 10000000008192893 10000000008192849 1.47197484527 187.079 -372.649 28.422
11.2963 10000000008192850 10000000008192849 10000000008192893 10000000008192848 1.41409822037 158.487 -357.797 40.7207
11.3239 10000000008192849 10000000008192848 10000000008192893 10000000008192847 1.3575766674 126.129 -367.248 26.4629
11.3256 10000000008192848 10000000008192847 10000000008192893 10000000008192846 1.30237845991 93.3465 -366.859 24.679
11.3419 10000000008192847 10000000008192846 10000000008192893 10000000008192845 1.24847261425 92.7308 -367.64 0.900461
11.3628 10000000008192846 10000000008192845 10000000008192893 10000000008192844 1.20625808078 61.8884 -348.684 4.64197
11.38 10000000008192845 10000000008192844 10000000008192893 10000000008192843 1.15460271236 43.5998 -349.985 -6.62764
11.3878 10000000008192844 10000000008192843 10000000008192893 10000000008192842 1.11415056377 17.5471 -362.642 0.874787
11.3923 10000000008192843 10000000008192842 10000000008192893 10000000008192841 1.07445789455 19.5049 -352.065 17.3651
11.3992 10000000008192842 10000000008192841 10000000008192893 10000000008192840 1.03551044566 7.26622 -355.451 32.3675
11.4049 10000000008192841 10000000008192840 10000000008192893 10000000008192839 0.997294225782 -18.0769 -364.064 38.8479
11.4174 10000000008192840 10000000008192838 10000000008192893 10000000008192837 0.950531351585 -46.6035 -335.782 37.5351
11.429 10000000008192838 10000000008192836 10000000008192893 10000000008192835 0.886896937575 -65.2532 -277.334 -3.15759
11.4417 10000000008192836 10000000008192835 10000000008192893 10000000008192834 0.851470900625 -70.487 -235.188 5.98499
11.471 10000000008192835 10000000008192834 10000000008192893 10000000008192833 0.816709979012 -75.4132 -190.235 21.2746
11.4894 10000000008192834 10000000008192833 10000000008192893 10000000008192832 0.791068248946 -103.548 -207.608 -25.2929
11.4916 10000000008192833 10000000008192832 10000000008192893 10000000008192831 0.757441372616 -82.2529 -261.323 -8.62133
11.5029 10000000008192832 10000000008192830 10000000008192893 10000000008192829 0.700106353719 -140.886 -200.602 -50.5179
11.5095 10000000008192830 10000000008192829 10000000008192893 10000000008192828 0.676110411213 -178.099 -213.943 -128.613
11.5322 10000000008192829 10000000008192828 10000000008192893 10000000008192827 0.644641840685 -195.821 -175.489 -74.3667
11.5446 10000000008192828 10000000008192826 10000000008192893 10000000008192825 0.598543288188 -70.8274 -154.607 158.259
11.552 10000000008192826 10000000008192824 10000000008192893 10000000008192823 0.546392183141 -18.6508 -160.926 239.962
11.5553 10000000008192824 10000000008192823 10000000008192893 10000000008192822 0.524565820434 62.2619 -197.703 263.366
9.10415 10000000008192949 10000000008192948 10000000008192957 10000000008192947 7.59510714987 9.36433 1.79626 -0.869318
9.12912 10000000008192948 10000000008192947 10000000008192957 10000000008192946 7.23627606617 7.09864 2.73274 0.687319
9.24175 10000000008192947 10000000008192946 10000000008192957 10000000008192945 7.00541704554 6.44688 -1.44108 1.5305
9.26365 10000000008192946 10000000008192945 10000000008192957 10000000008192944 6.85511726265 5.89173 -0.0355243 1.57884
9.15273 10000000008193026 10000000008193025 10000000008193033 10000000008193024 9.00233985416 2.40764 -2.14677 4.12214
9.1573 10000000008193025 10000000008193024 10000000008193033 10000000008193023 8.9079991856 3.75346 -1.18179 2.52408
9.22066 10000000008193024 10000000008193023 10000000008193033 10000000008193022 8.44947629437 4.30381 -1.81262 6.52596
9.32187 10000000008193023 10000000008193022 10000000008193033 10000000008193021 8.01217294887 1.49924 -1.8768 6.90607
9.3974 10000000008193022 10000000008193021 10000000008193033 10000000008193020 7.59510714987 2.96333 -6.38669 5.21462
9.47832 10000000008193021 10000000008193020 10000000008193033 10000000008193019 7.23627606617 -3.48918 -11.0294 -5.67996
9.51375 10000000008193020 10000000008193019 10000000008193033 10000000008193018 7.00541704554 -1.21619 -8.41629 -2.02317
9.54928 10000000008193019 10000000008193018 10000000008193033 10000000008193017 6.85511726265 -2.76481 -4.46385 0.994918
9.58469 10000000008193018 10000000008193017 10000000008193033 10000000008193016 6.49159774567 7.71797 -2.58872 7.6683
9.6838 10000000008193017 10000000008193016 10000000008193033 10000000008193015 6.14490120342 9.58139 -1.52103 4.73181
9.69515 10000000008193016 10000000008193015 10000000008193033 10000000008193014 6.01075739884 7.38387 4.8176 3.94498
9.75765 10000000008193015 10000000008193014 10000000008193033 10000000008193013 5.84661374788 5.28369 11.2244 11.3117
9.82614 10000000008193014 10000000008193013 10000000008193033 10000000008193012 5.52976580795 -1.11538 18.4009 14.0698
9.04653 10000000008193062 10000000008193061 10000000008193068 10000000008193060 6.01075739884 -5.71775 -7.80584 -1.03372
9.43974 10000000008193061 10000000008193059 10000000008193068 10000000008193058 5.52976580795 0.712975 -17.0786 -2.16867
9.71762 10000000008193059 10000000008193058 10000000008193068 10000000008193057 5.22758097313 15.3669 16.3833 -32.2759
9.81378 10000000008193058 10000000008193057 10000000008193068 10000000008193056 4.99593346816 25.8598 29.7754 -42.4387
9.84661 10000000008193057 10000000008193056 10000000008193068 10000000008193055 4.93938066349 22.2202 20.1826 -42.5268
9.93317 10000000008193056 10000000008193055 10000000008193068 10000000008193054 4.66451770247 55.3504 43.7218 -43.5586
9.01614 10000000008193077 10000000008193076 10000000008193081 10000000008193075 6.85511726265 -2.41115 -0.873602 3.33756
9.06096 10000000008193076 10000000008193075 10000000008193081 10000000008193074 6.49159774567 -3.90014 0.700387 3.48576
9.08309 10000000008193075 10000000008193074 10000000008193081 10000000008193073 6.14490120342 -3.5722 1.25233 4.42312
9.08578 10000000008193074 10000000008193073 10000000008193081 10000000008193072 6.01075739884 -4.36589 -0.0486468 4.85512
9.23037 10000000008193073 10000000008193072 10000000008193081 10000000008193071 5.84661374788 -7.90476 6.60567 -0.0792031
9.0666 10000000008193098 10000000008193097 10000000008193107 10000000008193096 6.14490120342 -6.69736 14.9018 12.4081
9.00337 10000000008193133 10000000008193132 10000000008193141 10000000008193131 9.38877127194 -1.058 -3.51107 -1.15885
9.06378 10000000008193132 10000000008193131 10000000008193141 10000000008193130 9.00233985416 -3.48361 -3.65974 -0.220895
9.06939 10000000008193131 10000000008193130 10000000008193141 10000000008193129 8.9079991856 -2.99953 -2.69025 -0.914355
9.11431 10000000008193130 10000000008193129 10000000008193141 10000000008193128 8.44947629437 -2.4699 -3.76789 -0.299268
9.34902 10000000008193129 10000000008193128 10000000008193141 10000000008193127 8.01217294887 -9.29685 -6.99449 21.0541
9.41408 10000000008193128 10000000008193126 10000000008193141 10000000008193125 7.23627606617 -5.23461 -6.40085 17.6858
9.43377 10000000008193126 10000000008193125 10000000008193141 10000000008193124 7.00541704554 -6.03968 -6.67812 17.7533
9.47941 10000000008193125 10000000008193123 10000000008193141 10000000008193122 6.49159774567 -6.10966 -6.05381 15.8333
9.52267 10000000008193123 10000000008193122 10000000008193141 10000000008193121 6.14490120342 -2.37046 -8.30197 12.0585
9.63061 10000000008193122 10000000008193119 10000000008193141 10000000008193118 5.52976580795 0.92317 -11.1743 11.9301
9.08578 10000000008193160 10000000008193159 10000000008193164 10000000008193158 6.49159774567 1.19842 0.302016 4.96129
9.2361 10000000008193159 10000000008193158 10000000008193164 10000000008193157 6.14490120342 3.45674 2.23757 5.54934
9.2811 10000000008193158 10000000008193157 10000000008193164 10000000008193156 6.01075739884 2.51121 1.13782 5.79605
9.56999 10000000008193157 10000000008193156 10000000008193164 10000000008193155 5.84661374788 24.9896 21.9639 0.899461
9.23799 10000000008193187 10000000008193186 10000000008193190 10000000008193185 6.01075739884 6.28553 -8.38454 -12.874
9.02239 10000000008193230 10000000008193229 10000000008193236 10000000008193228 5.84661374788 7.78852 -2.27191 -9.14061
9.08845 10000000008193229 10000000008193228 10000000008193236 10000000008193227 5.52976580795 4.85755 -3.15561 -9.59116
9.15273 10000000008193228 10000000008193227 10000000008193236 10000000008193226 5.22758097313 10.0596 0.290121 -5.12979
9.17512 10000000008193227 10000000008193226 10000000008193236 10000000008193225 4.99593346816 7.63889 0.105979 -6.6559
9.19223 10000000008193226 10000000008193224 10000000008193236 10000000008193223 4.66451770247 8.45959 -4.50315 -3.11524
9.0098 10000000008193290 10000000008193289 10000000008193308 10000000008193288 4.66451770247 5.19055 -6.82295 3.4695
9.15502 10000000008193289 10000000008193288 10000000008193308 10000000008193287 4.42803373661 15.7851 -10.2433 7.6066
9.01614 10000000008193325 10000000008193324 10000000008193337 10000000008193323 3.70877426464 -4.19371 7.47784 1.3453
9.01298 10000000008193476 10000000008193475 10000000008193495 10000000008193474 3.70877426464 2.56474 -9.06219 0.767013
9.07492 10000000008193641 10000000008193640 10000000008193649 10000000008193639 5.84661374788 -0.789032 -1.89395 7.74977
9.10671 10000000008193640 10000000008193639 10000000008193649 10000000008193638 5.52976580795 -1.48835 -1.15758 5.81203
9.10671 10000000008193639 10000000008193638 10000000008193649 10000000008193637 5.22758097313 -0.610783 2.91486 2.93471
9.35338 10000000008193638 10000000008193637 10000000008193649 10000000008193636 4.99593346816 -38.4712 -18.5995 -43.4109
9.37319 10000000008193637 10000000008193633 10000000008193649 10000000008193632 4.17683491473 -28.3843 -6.04112 -32.7847
9.4026 10000000008193633 10000000008193628 10000000008193649 10000000008193627 3.28303305796 -13.0802 -3.77213 -12.3748
9.17946 10000000008193837 10000000008193836 10000000008193842 10000000008193835 9.00233985416 11.5215 11.0694 1.02576
9.36056 10000000008193836 10000000008193833 10000000008193842 10000000008193832 8.01217294887 16.056 6.70355 -6.86156
9.39214 10000000008193833 10000000008193832 10000000008193842 10000000008193831 7.59510714987 13.1351 4.41643 -6.06422
9.53618 10000000008193832 10000000008193831 10000000008193842 10000000008193830 7.23627606617 15.5859 14.3969 -15.9239
9.5956 10000000008193831 10000000008193830 10000000008193842 10000000008193829 7.00541704554 16.0488 10.7202 -22.3892
9.6623 10000000008193830 10000000008193829 10000000008193842 10000000008193828 6.85511726265 3.78223 25.1794 -25.6052
9.66584 10000000008193829 10000000008193828 10000000008193842 10000000008193827 6.49159774567 11.2207 19.5212 -16.3942
9.7354 10000000008193828 10000000008193827 10000000008193842 10000000008193826 6.14490120342 5.16447 19.6089 -13.1357
9.79166 10000000008193827 10000000008193825 10000000008193842 10000000008193824 5.84661374788 5.67553 20.2032 -17.3726
9.86616 10000000008193825 10000000008193824 10000000008193842 10000000008193823 5.52976580795 11.0008 12.978 -13.5644
9.89496 10000000008193824 10000000008193823 10000000008193842 10000000008193822 5.22758097313 8.69161 11.4331 -5.24975
9.94296 10000000008193823 10000000008193822 10000000008193842 10000000008193821 4.99593346816 3.29045 17.0492 -8.33986
10.0379 10000000008193822 10000000008193820 10000000008193842 10000000008193819 4.66451770247 -7.38117 44.7187 -4.43977
10.1252 10000000008193820 10000000008193819 10000000008193842 10000000008193818 4.42803373661 -29.3514 64.6112 14.9695
10.1654 10000000008193819 10000000008193818 10000000008193842 10000000008193817 4.17683491473 -24.9018 54.345 -4.28041
10.2135 10000000008193818 10000000008193817 10000000008193842 10000000008193816 4.00794511147 -33.4392 56.4354 -4.53967
10.2432 10000000008193817 10000000008193815 10000000008193842 10000000008193814 3.70877426464 -41.1928 48.2347 -17.5072
10.2777 10000000008193815 10000000008193814 10000000008193842 10000000008193813 3.49086136926 -45.3967 50.3403 -13.857
10.3531 10000000008193814 10000000008193813 10000000008193842 10000000008193812 3.28303305796 -59.0995 47.6111 -27.0513
10.3553 10000000008193813 10000000008193811 10000000008193842 10000000008193810 3.00813107163 -50.3057 52.9494 -6.15253
10.3746 10000000008193811 10000000008193810 10000000008193842 10000000008193809 2.89578500573 -55.9257 52.0903 -9.12846
10.4254 10000000008193810 10000000008193809 10000000008193842 10000000008193808 2.73314261732 -46.7013 38.7435 0.357957
10.4497 10000000008193809 10000000008193808 10000000008193842 10000000008193807 2.5772902716 -57.5931 -2.64459 -5.60795
10.4635 10000000008193808 10000000008193804 10000000008193842 10000000008193803 2.1032696526 -93.1145 63.4218 19.6229
10.4733 10000000008193804 10000000008193803 10000000008193842 10000000008193802 2.00202813925 -99.3823 42.4874 5.49775
10.4801 10000000008193803 10000000008193802 10000000008193842 10000000008193801 1.90408954353 -87.8837 40.323 0.0179974
9.10157 10000000008193844 10000000008193843 10000000008193847 10000000008193833 8.44947629437 6.10915 -6.52976 -1.01714
9.01614 10000000008193955 10000000008193954 10000000008193963 10000000008193953 6.01075739884 -3.75309 0.959725 -5.57383
9.02855 10000000008193954 10000000008193953 10000000008193963 10000000008193952 5.84661374788 -4.2296 3.33337 -7.33311
9.18376 10000000008193953 10000000008193952 10000000008193963 10000000008193951 5.52976580795 -7.71806 5.91159 -2.56521
9.19641 10000000008193952 10000000008193949 10000000008193963 10000000008193948 4.93938066349 -12.7107 3.33443 -5.47324
9.00337 10000000008193972 10000000008193971 10000000008193980 10000000008193970 4.17683491473 -4.48692 9.80083 3.7989
9.2087 10000000008194207 10000000008194206 10000000008194216 10000000008194205 6.49159774567 11.6731 4.72634 -0.764099
9.40001 10000000008194206 10000000008194205 10000000008194216 10000000008194204 6.14490120342 11.3514 5.13355 -5.50241
9.47505 10000000008194205 10000000008194202 10000000008194216 10000000008194201 5.52976580795 8.40894 2.20695 -11.5336
9.69581 10000000008194202 10000000008194201 10000000008194216 10000000008194200 5.22758097313 10.672 8.32429 -1.69916
9.75765 10000000008194201 10000000008194200 10000000008194216 10000000008194199 4.99593346816 1.03191 -2.83028 -6.78668
9.78044 10000000008194200 10000000008194199 10000000008194216 10000000008194198 4.93938066349 12.0706 1.22007 -5.67605
9.81026 10000000008194199 10000000008194198 10000000008194216 10000000008194197 4.66451770247 0.791697 5.86969 -4.97124
9.84334 10000000008194198 10000000008194197 10000000008194216 10000000008194196 4.42803373661 -5.3827 6.7645 -6.52155
9.848 10000000008194197 10000000008194195 10000000008194216 10000000008194194 4.00794511147 -6.67688 -1.0458 -5.90739
9.86214 10000000008194195 10000000008194194 10000000008194216 10000000008194193 3.93726108473 -7.24397 0.912891 -8.57489
9.91409 10000000008194194 10000000008194192 10000000008194216 10000000008194191 3.49086136926 8.19284 4.44978 -4.81498
9.92587 10000000008194192 10000000008194190 10000000008194216 10000000008194189 3.08482263583 7.25876 0.930039 -23.4192
9.95035 10000000008194190 10000000008194189 10000000008194216 10000000008194188 3.00813107163 7.80128 0.429706 -27.5171
9.95145 10000000008194189 10000000008194188 10000000008194216 10000000008194187 2.89578500573 8.13085 3.10882 -17.8553
9.9942 10000000008194188 10000000008194187 10000000008194216 10000000008194186 2.73314261732 6.36019 -3.41717 -19.151
10.005 10000000008194187 10000000008194186 10000000008194216 10000000008194185 2.5772902716 -2.24683 -3.03812 -16.8873
10.005 10000000008194186 10000000008194185 10000000008194216 10000000008194184 2.44422570455 -1.10372 -4.34517 -15.9231
10.0361 10000000008194185 10000000008194184 10000000008194216 10000000008194183 2.31611074396 -7.05434 -4.84396 -16.0619
9.0066 10000000008194238 10000000008194237 10000000008194246 10000000008194236 8.01217294887 -3.33882 1.90595 -4.53285
9.18802 10000000008194237 10000000008194236 10000000008194246 10000000008194235 7.59510714987 -14.4094 5.02734 -6.70346
9.18802 10000000008194236 10000000008194228 10000000008194246 10000000008194227 5.52976580795 1.19513 9.1321 2.12143
9.02855 10000000008194418 10000000008194417 10000000008194428 10000000008194416 6.49159774567 1.51699 2.61104 -1.48536
9.12424 10000000008194417 10000000008194416 10000000008194428 10000000008194415 6.14490120342 0.155956 4.36944 -0.779331
9.21272 10000000008194416 10000000008194415 10000000008194428 10000000008194414 6.01075739884 -5.14906 5.08745 -0.371233
9.22651 10000000008194415 10000000008194414 10000000008194428 10000000008194413 5.84661374788 -7.38026 3.13084 -1.00915
9.27766 10000000008194414 10000000008194413 10000000008194428 10000000008194412 5.52976580795 -5.68768 5.26888 -0.518304
9.2811 10000000008194413 10000000008194412 10000000008194428 10000000008194411 5.22758097313 -7.41592 3.06616 -2.0265
9.29457 10000000008194412 10000000008194410 10000000008194428 10000000008194409 4.93938066349 -6.40029 3.93154 -1.43149
9.36902 10000000008194410 10000000008194409 10000000008194428 10000000008194408 4.66451770247 -6.04366 4.89953 -0.104443
9.40774 10000000008194409 10000000008194408 10000000008194428 10000000008194407 4.42803373661 -8.44612 11.6261 1.90021
9.46955 10000000008194408 10000000008194407 10000000008194428 10000000008194406 4.17683491473 -12.0366 16.5687 3.13464
9.50973 10000000008194407 10000000008194406 10000000008194428 10000000008194405 4.00794511147 -11.4884 17.1394 4.24578
9.51675 10000000008194406 10000000008194405 10000000008194428 10000000008194404 3.93726108473 -12.9824 15.1469 2.84648
9.52948 10000000008194405 10000000008194404 10000000008194428 10000000008194403 3.70877426464 -12.9868 15.9403 2.58791
9.54928 10000000008194404 10000000008194403 10000000008194428 10000000008194402 3.49086136926 -10.2608 20.6386 2.54693
9.57349 10000000008194403 10000000008194402 10000000008194428 10000000008194401 3.28303305796 -5.7891 21.464 6.17462
9.59477 10000000008194402 10000000008194401 10000000008194428 10000000008194400 3.08482263583 -12.3492 25.3592 11.8439
9.5956 10000000008194401 10000000008194400 10000000008194428 10000000008194399 3.00813107163 -16.1984 20.5429 9.09383
9.63669 10000000008194400 10000000008194396 10000000008194428 10000000008194395 2.44422570455 -16.6824 32.6521 7.75958
9.64932 10000000008194396 10000000008194394 10000000008194428 10000000008194393 2.20792547238 -13.818 30.7762 7.47536
9.65802 10000000008194394 10000000008194392 10000000008194428 10000000008194391 2.00202813925 -10.804 31.3394 5.45541
9.67353 10000000008194392 10000000008194391 10000000008194428 10000000008194390 1.90408954353 -10.8006 15.24 7.14523
9.72752 10000000008194391 10000000008194390 10000000008194428 10000000008194389 1.82268925262 -4.68183 32.8511 15.9541
9.7348 10000000008194390 10000000008194389 10000000008194428 10000000008194388 1.74357057433 -3.84619 32.2488 15.0473
9.77058 10000000008194389 10000000008194388 10000000008194428 10000000008194387 1.66666955611 -9.8943 25.4167 20.7857
9.79587 10000000008194388 10000000008194387 10000000008194428 10000000008194386 1.60423452207 -10.2735 30.4811 18.377
9.83195 10000000008194387 10000000008194385 10000000008194428 10000000008194384 1.47197484527 19.6855 53.6169 24.6292
9.04945 10000000008194836 10000000008194835 10000000008194840 10000000008194834 6.14490120342 15.1468 -0.360218 7.00586
9.16407 10000000008194835 10000000008194834 10000000008194840 10000000008194833 6.01075739884 16.0564 0.106267 5.06087
9.22845 10000000008194834 10000000008194831 10000000008194840 10000000008194830 5.22758097313 17.6619 -0.643349 2.34383
9.2828 10000000008194831 10000000008194830 10000000008194840 10000000008194829 4.99593346816 13.4352 0.701008 1.15796
9.36622 10000000008194830 10000000008194828 10000000008194840 10000000008194827 4.66451770247 2.90254 8.79537 1.34719
9.45605 10000000008194828 10000000008194827 10000000008194840 10000000008194826 4.42803373661 -1.07102 3.84014 0.157808
9.46172 10000000008194827 10000000008194826 10000000008194840 10000000008194825 4.17683491473 1.37279 2.68351 -0.693496
9.47176 10000000008194826 10000000008194825 10000000008194840 10000000008194824 4.00794511147 0.818616 4.6544 -1.10056
9.5314 10000000008194825 10000000008194824 10000000008194840 10000000008194823 3.93726108473 -5.64188 2.65157 2.66
9.67075 10000000008194824 10000000008194823 10000000008194840 10000000008194822 3.70877426464 5.31261 -9.47014 13.1026
9.6865 10000000008194823 10000000008194821 10000000008194840 10000000008194820 3.28303305796 -5.46418 9.24572 2.52591
9.69118 10000000008194821 10000000008194819 10000000008194840 10000000008194818 3.00813107163 0.793637 17.7273 -1.87625
9.69184 10000000008194819 10000000008194817 10000000008194840 10000000008194816 2.73314261732 -1.29837 21.856 -14.491
9.71005 10000000008194817 10000000008194816 10000000008194840 10000000008194815 2.5772902716 -7.90448 29.512 -13.1595
9.7372 10000000008194816 10000000008194815 10000000008194840 10000000008194814 2.44422570455 -10.0699 28.0886 -13.0452
9.79061 10000000008194815 10000000008194814 10000000008194840 10000000008194813 2.31611074396 -12.6042 31.7828 -17.6901
9.80466 10000000008194814 10000000008194813 10000000008194840 10000000008194812 2.20792547238 -12.1573 20.9056 -18.7227
9.85899 10000000008194813 10000000008194812 10000000008194840 10000000008194811 2.1032696526 -16.3368 28.8867 -20.0318
9.88316 10000000008194812 10000000008194811 10000000008194840 10000000008194810 2.00202813925 -16.8522 31.9293 -19.7546
9.89538 10000000008194811 10000000008194810 10000000008194840 10000000008194809 1.90408954353 -24.3161 37.4351 -16.028
9.94556 10000000008194810 10000000008194809 10000000008194840 10000000008194808 1.82268925262 -33.0297 50.2014 -23.7144
9.97904 10000000008194809 10000000008194808 10000000008194840 10000000008194807 1.74357057433 -24.7363 36.6567 -21.5282
10.0085 10000000008194808 10000000008194807 10000000008194840 10000000008194806 1.66666955611 -25.0597 34.1422 -20.3158
10.0101 10000000008194807 10000000008194806 10000000008194840 10000000008194805 1.60423452207 -22.57 32.3506 -24.9389
10.0433 10000000008194806 10000000008194805 10000000008194840 10000000008194804 1.53123902916 -20.2631 28.4124 -24.1749
10.0584 10000000008194805 10000000008194804 10000000008194840 10000000008194803 1.47197484527 -17.057 38.9196 -29.8886
10.1036 10000000008194804 10000000008194803 10000000008194840 10000000008194802 1.41409822037 -30.6317 46.2141 -39.1854
10.1173 10000000008194803 10000000008194802 10000000008194840 10000000008194801 1.3575766674 -45.2324 49.671 -42.8783
10.1707 10000000008194802 10000000008194801 10000000008194840 10000000008194800 1.30237845991 -72.5296 70.5686 8.16881
10.2809 10000000008194801 10000000008194800 10000000008194840 10000000008194799 1.24847261425 -95.7622 117.202 -2.10047
10.3841 10000000008194800 10000000008194799 10000000008194840 10000000008194798 1.20625808078 -115.633 152.1 -23.5148
10.4308 10000000008194799 10000000008194798 10000000008194840 10000000008194797 1.15460271236 -94.0298 175.078 -66.4753
9.01298 10000000008194880 10000000008194879 10000000008194883 10000000008194878 4.42803373661 -7.81204 -2.35992 2.8187
9.17293 10000000008194879 10000000008194878 10000000008194883 10000000008194877 4.17683491473 -0.343294 -2.86238 -3.91343
9.19433 10000000008194878 10000000008194877 10000000008194883 10000000008194876 4.00794511147 6.87275 -6.17136 -3.74262
9.06378 10000000008194962 10000000008194961 10000000008194971 10000000008194960 6.14490120342 -8.79826 1.83808 4.37636
9.15042 10000000008194961 10000000008194960 10000000008194971 10000000008194959 6.01075739884 -18.0866 -4.44556 6.67632
9.21671 10000000008194960 10000000008194959 10000000008194971 10000000008194958 5.84661374788 -14.1013 -6.87255 3.80182
9.25648 10000000008194959 10000000008194958 10000000008194971 10000000008194957 5.52976580795 -14.3782 -6.9217 2.96211
9.31243 10000000008194958 10000000008194957 10000000008194971 10000000008194956 5.22758097313 -16.2064 -7.15551 2.4924
9.35483 10000000008194957 10000000008194955 10000000008194971 10000000008194954 4.93938066349 -15.4787 -8.4468 4.06984
9.40774 10000000008194955 10000000008194954 10000000008194971 10000000008194953 4.66451770247 -17.2916 -8.76577 5.61336
9.44681 10000000008194954 10000000008194953 10000000008194971 10000000008194952 4.42803373661 -17.5381 -0.99718 6.55894
9.47396 10000000008194953 10000000008194952 10000000008194971 10000000008194951 4.17683491473 -9.44175 -0.227881 5.17268
9.48049 10000000008194952 10000000008194950 10000000008194971 10000000008194949 3.93726108473 -16.1255 0.70121 7.62493
9.52851 10000000008194950 10000000008194949 10000000008194971 10000000008194948 3.70877426464 -11.0567 0.610402 5.23826
9.56379 10000000008194949 10000000008194948 10000000008194971 10000000008194947 3.49086136926 -10.7946 -3.15065 7.13773
9.57956 10000000008194948 10000000008194947 10000000008194971 10000000008194946 3.28303305796 -18.7063 -8.03505 3.1729
9.60218 10000000008194947 10000000008194945 10000000008194971 10000000008194944 3.00813107163 -14.2156 -7.25132 7.12767
9.63138 10000000008194945 10000000008194944 10000000008194971 10000000008194943 2.89578500573 -13.3825 -7.24677 4.65809
9.63366 10000000008194944 10000000008194943 10000000008194971 10000000008194942 2.73314261732 -15.6334 -10.5419 0.427923
9.69909 10000000008194943 10000000008194942 10000000008194971 10000000008194941 2.5772902716 -16.1392 -12.7388 -0.941764
9.70557 10000000008194942 10000000008194941 10000000008194971 10000000008194940 2.44422570455 -17.0477 -10.6764 -5.71773
9.7378 10000000008194941 10000000008194940 10000000008194971 10000000008194939 2.31611074396 -15.8655 -12.2175 -8.17882
9.76947 10000000008194940 10000000008194939 10000000008194971 10000000008194938 2.20792547238 -13.0157 -11.0246 -4.02104
9.78152 10000000008194939 10000000008194938 10000000008194971 10000000008194937 2.1032696526 -10.6561 -9.67047 -5.11873
9.81026 10000000008194938 10000000008194936 10000000008194971 10000000008194935 1.90408954353 -27.4325 -3.95651 -17.1945
9.83147 10000000008194936 10000000008194935 10000000008194971 10000000008194934 1.82268925262 -26.1243 -4.39761 -12.6023
9.00012 10000000008195020 10000000008195019 10000000008195048 10000000008195018 0.923000816178 -2.15537 -3.26391 16.839
9.00337 10000000008195019 10000000008195016 10000000008195048 10000000008195015 0.816709979012 -2.23685 -2.78301 15.555
9.01298 10000000008195016 10000000008195015 10000000008195048 10000000008195014 0.791068248946 -0.893579 -2.41748 15.0995
9.01614 10000000008195015 10000000008195014 10000000008195048 10000000008195013 0.757441372616 -1.011 -2.44953 12.6126
9.02239 10000000008195014 10000000008195013 10000000008195048 10000000008195012 0.732636182022 0.160113 -2.9112 16.0783
9.02548 10000000008195013 10000000008195012 10000000008195048 10000000008195011 0.700106353719 2.74213 -2.76661 16.308
