logMh | fpID | subhaloID | main leaf ID | descID |  z
9.0098 80000003100000107 80000003100000106 80000003100000110 80000003100000105 11.4973879548 1.17733 0.525133 1.83002
9.08309 80000003100000106 80000003100000105 80000003100000110 80000003100000104 10.9190331982 -1.65979 0.978321 2.1588
9.12178 80000003100000105 80000003100000104 80000003100000110 80000003100000103 10.3674435724 -1.82467 0.582929 2.12778
9.30115 80000003100000104 80000003100000103 80000003100000110 80000003100000102 9.99659046619 -2.36089 -0.71448 4.29427
9.48157 80000003100000103 80000003100000101 80000003100000110 80000003100000100 9.38877127194 -1.49039 -10.6319 5.87245
9.79795 80000003100000101 80000003100000098 80000003100000110 80000003100000097 8.44947629437 -15.6424 -7.74392 1.68874
9.8517 80000003100000098 80000003100000097 80000003100000110 80000003100000096 8.01217294887 -13.0083 -12.2505 2.45355
9.89828 80000003100000097 80000003100000096 80000003100000110 80000003100000095 7.59510714987 -15.7633 -7.40822 -6.50047
10.0529 80000003100000096 80000003100000095 80000003100000110 80000003100000094 7.23627606617 -64.8417 -16.0762 -18.6911
10.0702 80000003100000095 80000003100000094 80000003100000110 80000003100000093 7.00541704554 -53.2284 -11.3607 -23.6652
10.1298 80000003100000094 80000003100000093 80000003100000110 80000003100000092 6.85511726265 -42.1279 -16.4231 -22.1993
10.3671 80000003100000093 80000003100000092 80000003100000110 80000003100000091 6.49159774567 33.3518 -9.31185 -32.0522
10.5213 80000003100000092 80000003100000091 80000003100000110 80000003100000090 6.14490120342 17.1843 -27.5047 -54.4218
10.5592 80000003100000091 80000003100000090 80000003100000110 80000003100000089 6.01075739884 14.5357 -17.0631 -58.8752
10.6285 80000003100000090 80000003100000089 80000003100000110 80000003100000088 5.84661374788 7.47318 -20.8568 -72.1987
10.7309 80000003100000089 80000003100000088 80000003100000110 80000003100000087 5.52976580795 -6.09259 -1.1804 -97.7334
10.7953 80000003100000088 80000003100000087 80000003100000110 80000003100000086 5.22758097313 -32.0195 -14.1739 -125.804
10.8248 80000003100000087 80000003100000086 80000003100000110 80000003100000085 4.99593346816 -3.89942 -18.193 -122.114
10.8382 80000003100000086 80000003100000085 80000003100000110 80000003100000084 4.93938066349 -2.87628 -8.41978 -115.108
10.8655 80000003100000085 80000003100000084 80000003100000110 80000003100000083 4.66451770247 13.3715 0.593155 -115.531
10.8969 80000003100000084 80000003100000083 80000003100000110 80000003100000082 4.42803373661 42.7426 8.17132 -108.261
10.9135 80000003100000083 80000003100000082 80000003100000110 80000003100000081 4.17683491473 19.6887 -14.9959 -114.139
10.9284 80000003100000082 80000003100000080 80000003100000110 80000003100000079 3.93726108473 -0.0431852 -23.7551 -149.398
10.9342 80000003100000080 80000003100000079 80000003100000110 80000003100000078 3.70877426464 -44.7674 -50.2844 -185.338
10.9831 80000003100000079 80000003100000078 80000003100000110 80000003100000077 3.49086136926 -78.4006 -68.3205 -221.027
11.0156 80000003100000078 80000003100000077 80000003100000110 80000003100000076 3.28303305796 -94.3948 -59.1705 -203.312
11.0716 80000003100000077 80000003100000076 80000003100000110 80000003100000075 3.08482263583 -14.4708 -47.1615 -195.349
11.0859 80000003100000076 80000003100000075 80000003100000110 80000003100000074 3.00813107163 -34.8354 -55.2152 -169.764
11.1074 80000003100000075 80000003100000074 80000003100000110 80000003100000073 2.89578500573 13.9827 -76.2448 -205.689
11.1796 80000003100000074 80000003100000073 80000003100000110 80000003100000072 2.73314261732 3.55413 -61.5255 -184.282
11.2623 80000003100000073 80000003100000072 80000003100000110 80000003100000071 2.5772902716 -5.77816 -96.6275 -142.152
11.3584 80000003100000072 80000003100000071 80000003100000110 80000003100000070 2.44422570455 -55.3054 -163.225 -172.058
11.5156 80000003100000071 80000003100000070 80000003100000110 80000003100000069 2.31611074396 -204.532 -229.487 -206.835
11.5435 80000003100000070 80000003100000069 80000003100000110 80000003100000068 2.20792547238 -233.185 -265.512 -215.526
11.5994 80000003100000069 80000003100000068 80000003100000110 80000003100000067 2.1032696526 -286.564 -286.259 -203.392
11.6374 80000003100000068 80000003100000067 80000003100000110 80000003100000066 2.00202813925 -321.944 -326.111 -185.203
11.6579 80000003100000067 80000003100000057 80000003100000110 80000003100000056 1.30237845991 -200.304 -276.254 -124.976
11.6735 80000003100000057 80000003100000056 80000003100000110 80000003100000055 1.24847261425 -112.019 -285.383 -110.695
11.6937 80000003100000056 80000003100000055 80000003100000110 80000003100000054 1.20625808078 -144.222 -263.844 -137.568
11.7149 80000003100000055 80000003100000054 80000003100000110 80000003100000053 1.15460271236 -151.643 -344.796 -219.108
11.7349 80000003100000054 80000003100000053 80000003100000110 80000003100000052 1.11415056377 -210.797 -382.882 -277.567
11.7522 80000003100000053 80000003100000052 80000003100000110 80000003100000051 1.07445789455 -220.049 -366.35 -287.594
11.7719 80000003100000052 80000003100000050 80000003100000110 80000003100000049 0.997294225782 -231.009 -347.404 -254.201
11.7764 80000003100000050 80000003100000049 80000003100000110 80000003100000048 0.987852810816 -217.05 -324.746 -249.014
11.796 80000003100000049 80000003100000048 80000003100000110 80000003100000047 0.950531351585 -258.635 -316.174 -254.505
11.8044 80000003100000048 80000003100000047 80000003100000110 80000003100000046 0.923000816178 -264.385 -338.998 -245.555
11.8111 80000003100000047 80000003100000046 80000003100000110 80000003100000045 0.886896937575 -282.405 -365.402 -236.307
11.8129 80000003100000046 80000003100000045 80000003100000110 80000003100000044 0.851470900625 -303.138 -344.878 -217.412
11.8153 80000003100000045 80000003100000044 80000003100000110 80000003100000043 0.816709979012 -342.532 -350.897 -222.228
11.8201 80000003100000044 80000003100000043 80000003100000110 80000003100000042 0.791068248946 -339.236 -334.823 -230.787
11.831 80000003100000043 80000003100000042 80000003100000110 80000003100000041 0.757441372616 -342.822 -355.086 -238.881
11.8359 80000003100000042 80000003100000041 80000003100000110 80000003100000040 0.732636182022 -373.468 -392.64 -251.245
11.8414 80000003100000041 80000003100000040 80000003100000110 80000003100000039 0.700106353719 -368.281 -395.668 -215.865
11.8507 80000003100000040 80000003100000039 80000003100000110 80000003100000038 0.676110411213 -377.561 -424.782 -227.709
11.8598 80000003100000039 80000003100000038 80000003100000110 80000003100000037 0.644641840685 -426.308 -399.051 -224.6
11.8651 80000003100000038 80000003100000037 80000003100000110 80000003100000036 0.621428745243 -410.574 -400.192 -216.326
11.8685 80000003100000037 80000003100000036 80000003100000110 80000003100000035 0.598543288188 -381.502 -379.57 -199.149
11.869 80000003100000036 80000003100000034 80000003100000110 80000003100000033 0.546392183141 -387.38 -394.433 -191.592
11.8768 80000003100000034 80000003100000030 80000003100000110 80000003100000029 0.460917794181 -365.858 -415.766 -175.356
11.8801 80000003100000030 80000003100000029 80000003100000110 80000003100000028 0.440297849248 -369.083 -426.3 -199.253
11.8892 80000003100000029 80000003100000028 80000003100000110 80000003100000027 0.419968941997 -378.41 -431.562 -215.035
11.8918 80000003100000028 80000003100000027 80000003100000110 80000003100000026 0.399926964614 -348.272 -435.287 -221.347
11.8955 80000003100000027 80000003100000026 80000003100000110 80000003100000025 0.38016786726 -333.939 -439.919 -258.16
11.9003 80000003100000026 80000003100000025 80000003100000110 80000003100000024 0.360687657262 -376.059 -438.575 -244.831
11.9053 80000003100000025 80000003100000023 80000003100000110 80000003100000022 0.328829724206 -332.438 -465.196 -263.239
11.9079 80000003100000023 80000003100000022 80000003100000110 80000003100000021 0.310074120128 -302.498 -461.803 -260.026
11.9172 80000003100000022 80000003100000021 80000003100000110 80000003100000020 0.291583239722 -298.41 -480.575 -198.427
11.9237 80000003100000021 80000003100000020 80000003100000110 80000003100000019 0.273353346578 -320.509 -515.958 -125.749
11.9249 80000003100000020 80000003100000019 80000003100000110 80000003100000018 0.261343256161 -317.348 -512.354 -107.134
11.9344 80000003100000019 80000003100000018 80000003100000110 80000003100000017 0.243540181555 -350.31 -512.716 -75.7946
11.9376 80000003100000018 80000003100000017 80000003100000110 80000003100000016 0.22598838626 -355.863 -501.484 -41.3045
11.9398 80000003100000017 80000003100000016 80000003100000110 80000003100000015 0.214425035514 -370.257 -501.761 -13.7277
11.9454 80000003100000016 80000003100000015 80000003100000110 80000003100000014 0.197284182376 -373.399 -505.817 13.88
11.9513 80000003100000015 80000003100000014 80000003100000110 80000003100000013 0.180385261706 -404.112 -516.222 62.8787
11.9523 80000003100000014 80000003100000013 80000003100000110 80000003100000012 0.169252033244 -391.816 -513.198 58.4511
11.9579 80000003100000013 80000003100000012 80000003100000110 80000003100000011 0.152748768902 -397.833 -509.354 72.7917
11.9585 80000003100000012 80000003100000011 80000003100000110 80000003100000010 0.14187620397 -404.17 -511.054 68.5517
11.9643 80000003100000011 80000003100000010 80000003100000110 80000003100000009 0.125759332411 -393.67 -482.041 53.6372
11.9677 80000003100000010 80000003100000009 80000003100000110 80000003100000008 0.109869940459 -349.086 -423.267 27.8327
11.9722 80000003100000009 80000003100000008 80000003100000110 80000003100000007 0.0994018026302 -350.713 -378.619 24.2178
11.9795 80000003100000008 80000003100000007 80000003100000110 80000003100000006 0.0838844307975 -379.136 -400.314 19.5678
11.9833 80000003100000007 80000003100000006 80000003100000110 80000003100000005 0.0736613846564 -335.63 -373.779 24.1263
11.991 80000003100000006 80000003100000005 80000003100000110 80000003100000004 0.0585073227945 -351.475 -357.704 36.8786
11.9932 80000003100000005 80000003100000004 80000003100000110 80000003100000003 0.0485236299818 -380.089 -320.328 25.1744
11.9952 80000003100000004 80000003100000003 80000003100000110 80000003100000002 0.0337243718735 -383.875 -311.451 58.3069
11.9979 80000003100000003 80000003100000002 80000003100000110 80000003100000001 0.0239744283828 -394.352 -291.464 40.4191
12.0004 80000003100000002 80000003100000001 80000003100000110 80000003100000000 0.00952166696794 -381.061 -261.279 53.6106
12.0028 80000003100000001 80000003100000000 80000003100000110 -1 2.22044604925e-16 -352.984 -201.007 81.4976
9.50973 80000003100000114 80000003100000113 80000003100000121 80000003100000112 9.00233985416 -16.3246 -14.5168 13.2407
9.6229 80000003100000113 80000003100000112 80000003100000121 80000003100000098 8.9079991856 -25.5876 -12.0515 5.36428
9.01614 80000003100000177 80000003100000176 80000003100000181 80000003100000175 7.00541704554 14.4685 12.4147 -8.72561
9.03463 80000003100000176 80000003100000175 80000003100000181 80000003100000174 6.85511726265 14.8138 9.34218 -5.39489
9.04653 80000003100000175 80000003100000174 80000003100000181 80000003100000173 6.49159774567 13.1644 7.40534 -5.28531
9.05811 80000003100000252 80000003100000251 80000003100000258 80000003100000250 8.01217294887 -9.86942 4.10897 -0.922856
9.13154 80000003100000251 80000003100000250 80000003100000258 80000003100000249 7.59510714987 -7.11059 3.96569 0.786739
9.15502 80000003100000250 80000003100000249 80000003100000258 80000003100000248 7.23627606617 -5.55319 3.69978 -0.228756
9.21671 80000003100000249 80000003100000248 80000003100000258 80000003100000247 7.00541704554 -9.08623 6.11522 4.00316
9.24175 80000003100000248 80000003100000246 80000003100000258 80000003100000245 6.49159774567 -9.33507 2.15619 3.79039
9.04062 80000003100000266 80000003100000265 80000003100000268 80000003100000264 6.14490120342 0.829192 -3.52394 -10.5396
9.06378 80000003100000291 80000003100000290 80000003100000296 80000003100000289 11.4973879548 -1.28308 1.51426 -1.06603
9.13634 80000003100000290 80000003100000289 80000003100000296 80000003100000288 10.9190331982 1.14986 0.200662 -0.73858
9.17946 80000003100000289 80000003100000288 80000003100000296 80000003100000287 10.3674435724 0.757226 -0.76011 -2.56675
9.20668 80000003100000288 80000003100000287 80000003100000296 80000003100000286 9.99659046619 1.09888 0.424975 0.469714
9.23037 80000003100000287 80000003100000286 80000003100000296 80000003100000285 9.84138043947 0.423356 0.633637 -0.515644
9.37181 80000003100000286 80000003100000285 80000003100000296 80000003100000284 9.38877127194 2.95237 1.40559 -1.48447
9.40646 80000003100000285 80000003100000284 80000003100000296 80000003100000283 9.00233985416 4.65642 1.50842 -8.11068
9.43737 80000003100000284 80000003100000283 80000003100000296 80000003100000282 8.9079991856 4.25725 -0.102294 -7.28072
9.44797 80000003100000283 80000003100000282 80000003100000296 80000003100000281 8.44947629437 7.24353 -2.00845 -6.92551
9.62908 80000003100000282 80000003100000281 80000003100000296 80000003100000280 8.01217294887 7.48051 -7.88631 -16.4897
9.76219 80000003100000281 80000003100000280 80000003100000296 80000003100000279 7.59510714987 15.9149 -14.3737 -17.5088
9.85078 80000003100000280 80000003100000279 80000003100000296 80000003100000278 7.23627606617 38.6896 -21.092 -12.2617
9.90848 80000003100000279 80000003100000278 80000003100000296 80000003100000277 7.00541704554 20.3714 -18.2549 -17.5406
9.0098 80000003100000355 80000003100000354 80000003100000358 80000003100000353 10.9190331982 11.2469 6.09554 9.92179
9.2342 80000003100000354 80000003100000350 80000003100000358 80000003100000349 9.38877127194 6.03782 1.64479 4.59369
9.38005 80000003100000350 80000003100000349 80000003100000358 80000003100000348 9.00233985416 -2.36991 -18.0047 -2.38779
9.39346 80000003100000349 80000003100000348 80000003100000358 80000003100000347 8.9079991856 -2.56249 -17.4249 -2.81603
9.44564 80000003100000348 80000003100000347 80000003100000358 80000003100000346 8.44947629437 -0.355595 -14.7213 -0.526443
9.51175 80000003100000347 80000003100000346 80000003100000358 80000003100000345 8.01217294887 -1.8807 -15.9134 -1.59802
9.66795 80000003100000346 80000003100000345 80000003100000358 80000003100000344 7.59510714987 -0.548261 -9.6569 5.61818
9.71322 80000003100000345 80000003100000344 80000003100000358 80000003100000343 7.23627606617 0.0744227 -10.6296 2.1653
9.78582 80000003100000344 80000003100000343 80000003100000358 80000003100000342 7.00541704554 -8.74949 -2.00926 4.46536
9.82906 80000003100000343 80000003100000342 80000003100000358 80000003100000341 6.85511726265 -2.84001 -1.89967 5.67179
9.87058 80000003100000342 80000003100000341 80000003100000358 80000003100000340 6.49159774567 -5.9448 -11.6892 1.17831
9.39081 80000003100000394 80000003100000393 80000003100000399 80000003100000392 6.14490120342 18.3311 -3.42919 4.2924
9.43377 80000003100000393 80000003100000389 80000003100000399 80000003100000388 5.22758097313 17.4693 15.9862 12.4111
9.57262 80000003100000389 80000003100000388 80000003100000399 80000003100000387 4.99593346816 22.5151 8.19603 -4.76009
9.58298 80000003100000388 80000003100000387 80000003100000399 80000003100000386 4.93938066349 24.6187 7.26994 -5.41622
9.59227 80000003100000387 80000003100000386 80000003100000399 80000003100000385 4.66451770247 17.7275 21.5353 3.18119
9.62523 80000003100000386 80000003100000385 80000003100000399 80000003100000384 4.42803373661 25.3685 11.6145 -9.61495
9.72874 80000003100000385 80000003100000384 80000003100000399 80000003100000383 4.17683491473 12.877 19.2419 -10.6899
9.19641 80000003100000591 80000003100000590 80000003100000599 80000003100000589 7.23627606617 -7.82684 4.89759 9.68616
9.2087 80000003100000590 80000003100000589 80000003100000599 80000003100000588 7.00541704554 -8.4993 4.71115 4.69121
9.26543 80000003100000589 80000003100000588 80000003100000599 80000003100000587 6.85511726265 -5.02224 3.67659 5.69572
9.27938 80000003100000588 80000003100000585 80000003100000599 80000003100000584 6.01075739884 -4.97891 3.43183 6.84289
9.3156 80000003100000585 80000003100000583 80000003100000599 80000003100000582 5.52976580795 -5.95709 1.11597 3.88894
9.1663 80000003100000622 80000003100000621 80000003100000622 80000003100000620 6.14490120342 -3.86107 3.13502 3.71506
9.00012 80000003100000693 80000003100000692 80000003100000704 80000003100000691 4.99593346816 0.0979688 -7.06109 -0.822188
9.00337 80000003100000692 80000003100000691 80000003100000704 80000003100000690 4.93938066349 -1.04916 -6.04608 -1.29533
9.01614 80000003100000691 80000003100000690 80000003100000704 80000003100000689 4.66451770247 -0.949266 -7.73801 -0.714389
9.07492 80000003100000690 80000003100000689 80000003100000704 80000003100000688 4.42803373661 -3.38544 -5.01748 -1.22114
9.1573 80000003100000689 80000003100000688 80000003100000704 80000003100000687 4.17683491473 -17.9966 -16.5811 11.5175
9.1573 80000003100000688 80000003100000687 80000003100000704 80000003100000686 4.00794511147 -19.85 -14.0112 10.1452
9.0098 80000003100000719 80000003100000718 80000003100000729 80000003100000717 4.66451770247 3.12743 -0.550995 -10.3689
9.03763 80000003100000718 80000003100000717 80000003100000729 80000003100000716 4.42803373661 4.17785 0.576148 -11.5763
9.08038 80000003100000717 80000003100000716 80000003100000729 80000003100000715 4.17683491473 1.74172 -0.646112 -13.2166
9.08578 80000003100000716 80000003100000713 80000003100000729 80000003100000712 3.70877426464 3.50349 -2.1566 -16.021
9.08845 80000003100000904 80000003100000903 80000003100000911 80000003100000902 4.66451770247 -7.98578 0.779261 1.43028
9.23799 80000003100000903 80000003100000902 80000003100000911 80000003100000901 4.42803373661 -16.4915 -14.6363 -11.5631
9.00337 80000003100000998 80000003100000997 80000003100001017 80000003100000996 3.08482263583 -1.54332 2.49801 -1.93685
9.0098 80000003100000997 80000003100000996 80000003100001017 80000003100000995 3.00813107163 -0.114219 2.14513 -2.60054
9.31717 80000003100001075 80000003100001074 80000003100001084 80000003100001073 8.44947629437 4.68973 -20.5952 18.796
9.61899 80000003100001074 80000003100001071 80000003100001084 80000003100001070 7.23627606617 -1.44674 -7.21482 16.6682
9.71195 80000003100001071 80000003100001070 80000003100001084 80000003100001069 7.00541704554 -2.57252 -15.2345 14.8408
9.7378 80000003100001070 80000003100001069 80000003100001084 80000003100001068 6.85511726265 -3.39318 -14.8105 16.6089
9.79429 80000003100001069 80000003100001068 80000003100001084 80000003100001067 6.49159774567 -4.25722 -11.8916 17.7082
9.86304 80000003100001068 80000003100001067 80000003100001084 80000003100001066 6.14490120342 -0.680291 -11.024 11.1932
9.90321 80000003100001067 80000003100001066 80000003100001084 80000003100001065 6.01075739884 -7.58272 -9.67267 10.4531
9.94035 80000003100001066 80000003100001065 80000003100001084 80000003100001064 5.84661374788 -4.69909 -11.702 8.99069
9.98987 80000003100001065 80000003100001064 80000003100001084 80000003100001063 5.52976580795 -11.9462 -5.21659 16.5176
10.0236 80000003100001064 80000003100001063 80000003100001084 80000003100001062 5.22758097313 -11.6783 -5.91359 23.0625
10.0524 80000003100001063 80000003100001062 80000003100001084 80000003100001061 4.99593346816 -14.7182 -7.52196 23.4067
10.0535 80000003100001062 80000003100001061 80000003100001084 80000003100001060 4.93938066349 -16.3132 -7.62208 21.2917
10.0903 80000003100001061 80000003100001060 80000003100001084 80000003100001059 4.66451770247 -17.5586 -0.566711 21.4516
10.1337 80000003100001060 80000003100001059 80000003100001084 80000003100001058 4.42803373661 -26.5495 5.32009 33.6241
10.2059 80000003100001059 80000003100001058 80000003100001084 80000003100001057 4.17683491473 -20.0632 12.9056 26.6602
10.2145 80000003100001058 80000003100001057 80000003100001084 80000003100001056 4.00794511147 -31.7155 17.3457 44.0495
9.0066 80000003100001088 80000003100001087 80000003100001088 80000003100001086 8.9079991856 0.0283556 1.54973 3.53167
9.11179 80000003100001087 80000003100001086 80000003100001088 80000003100001085 8.01217294887 0.353453 1.8446 6.62694
9.35914 80000003100001086 80000003100001085 80000003100001088 80000003100001071 7.59510714987 4.47805 -12.6443 14.6336
9.28956 80000003100001207 80000003100001206 80000003100001210 80000003100001205 9.38877127194 -8.57172 12.5448 -5.39549
9.38412 80000003100001206 80000003100001205 80000003100001210 80000003100001204 9.00233985416 -19.222 13.1043 11.3495
9.38815 80000003100001205 80000003100001204 80000003100001210 80000003100001203 8.9079991856 -21.5208 11.114 12.4936
9.72691 80000003100001204 80000003100001203 80000003100001210 80000003100001202 8.44947629437 -3.38827 19.9443 40.6799
9.76332 80000003100001203 80000003100001202 80000003100001210 80000003100001201 8.01217294887 -14.1898 24.4011 24.4226
9.8823 80000003100001202 80000003100001201 80000003100001210 80000003100001200 7.59510714987 -0.341087 4.29345 6.73883
9.90034 80000003100001201 80000003100001200 80000003100001210 80000003100001199 7.23627606617 4.05362 13.2208 13.0785
10.0024 80000003100001200 80000003100001199 80000003100001210 80000003100001198 7.00541704554 -1.07625 23.0954 26.8725
10.0108 80000003100001199 80000003100001198 80000003100001210 80000003100001197 6.85511726265 -8.46395 10.0785 44.4169
10.0911 80000003100001198 80000003100001197 80000003100001210 80000003100001196 6.49159774567 -0.980046 2.31348 41.7096
10.1453 80000003100001197 80000003100001196 80000003100001210 80000003100001195 6.14490120342 -8.13218 -9.57619 55.4768
10.2175 80000003100001196 80000003100001195 80000003100001210 80000003100001194 6.01075739884 -18.0562 -2.15054 16.9365
10.2432 80000003100001195 80000003100001194 80000003100001210 80000003100001193 5.84661374788 -28.9734 -29.4134 34.4428
10.381 80000003100001194 80000003100001193 80000003100001210 80000003100001192 5.52976580795 -24.6765 -78.4382 41.5971
10.5296 80000003100001193 80000003100001192 80000003100001210 80000003100001191 5.22758097313 -22.2772 -104.823 72.4935
10.6163 80000003100001192 80000003100001191 80000003100001210 80000003100001190 4.99593346816 -4.88823 -100.317 64.2205
10.6327 80000003100001191 80000003100001190 80000003100001210 80000003100001189 4.93938066349 2.00073 -97.8431 62.8978
10.8646 80000003100001190 80000003100001187 80000003100001210 80000003100001186 4.17683491473 28.7819 -124.458 36.5128
10.8925 80000003100001187 80000003100001186 80000003100001210 80000003100001185 4.00794511147 17.4451 -107.317 31.0679
9.10671 80000003100001279 80000003100001278 80000003100001286 80000003100001277 9.38877127194 1.13517 -9.6077 -12.6204
9.11179 80000003100001278 80000003100001276 80000003100001286 80000003100001275 8.9079991856 1.7729 -5.51875 -4.4258
9.25284 80000003100001301 80000003100001300 80000003100001308 80000003100001299 9.38877127194 1.64656 -4.28817 3.13726
9.27072 80000003100001300 80000003100001294 80000003100001308 80000003100001293 7.23627606617 1.01957 5.97827 -2.18996
9.27072 80000003100001332 80000003100001331 80000003100001337 80000003100001330 9.84138043947 2.61574 6.34851 7.23745
9.32497 80000003100001331 80000003100001330 80000003100001337 80000003100001329 9.38877127194 -2.34102 6.955 4.78308
9.47615 80000003100001330 80000003100001329 80000003100001337 80000003100001328 9.00233985416 5.76247 3.0521 2.47892
9.50872 80000003100001329 80000003100001328 80000003100001337 80000003100001327 8.9079991856 6.25613 1.54585 9.34926
9.67904 80000003100001328 80000003100001327 80000003100001337 80000003100001326 8.44947629437 -11.9573 10.3507 9.37803
9.79743 80000003100001327 80000003100001326 80000003100001337 80000003100001325 8.01217294887 -11.8523 9.2013 6.82635
9.85989 80000003100001326 80000003100001325 80000003100001337 80000003100001324 7.59510714987 -16.6632 6.88637 19.5604
9.88401 80000003100001325 80000003100001324 80000003100001337 80000003100001323 7.23627606617 -5.2969 0.379441 19.6987
9.92664 80000003100001324 80000003100001323 80000003100001337 80000003100001322 7.00541704554 -7.51936 4.62259 14.3397
9.94259 80000003100001323 80000003100001322 80000003100001337 80000003100001321 6.85511726265 -3.93866 5.38596 10.9074
10.0337 80000003100001322 80000003100001321 80000003100001337 80000003100001320 6.49159774567 2.89602 7.40889 9.71462
10.0477 80000003100001321 80000003100001320 80000003100001337 80000003100001319 6.14490120342 6.7363 12.7089 -3.96556
10.0578 80000003100001320 80000003100001319 80000003100001337 80000003100001318 6.01075739884 -0.0033934 12.0771 -4.28056
10.0779 80000003100001319 80000003100001318 80000003100001337 80000003100001317 5.84661374788 -2.40188 6.41954 -9.71497
10.7559 80000003100001318 80000003100001313 80000003100001337 80000003100001312 4.66451770247 42.1693 -107.459 17.5325
10.8286 80000003100001313 80000003100001312 80000003100001337 80000003100001187 4.42803373661 37.0407 -133.325 27.8984
9.05235 80000003100001358 80000003100001357 80000003100001365 80000003100001356 8.9079991856 2.94197 0.910313 1.69037
9.00012 80000003100001379 80000003100001378 80000003100001394 80000003100001377 5.84661374788 2.37062 2.11012 -2.584
9.11681 80000003100001400 80000003100001399 80000003100001406 80000003100001398 6.01075739884 10.9418 -8.22645 2.94171
9.22651 80000003100001431 80000003100001430 80000003100001438 80000003100001429 8.44947629437 -9.60077 0.420363 11.6924
9.33111 80000003100001430 80000003100001429 80000003100001438 80000003100001428 8.01217294887 -10.5709 19.0502 9.55435
9.51074 80000003100001429 80000003100001426 80000003100001438 80000003100001425 7.00541704554 -12.6432 -1.18145 14.7142
9.57262 80000003100001426 80000003100001425 80000003100001438 80000003100001424 6.85511726265 -4.31251 2.87092 5.87557
9.6449 80000003100001425 80000003100001424 80000003100001438 80000003100001423 6.49159774567 -15.7977 -1.72441 1.90447
9.7372 80000003100001424 80000003100001423 80000003100001438 80000003100001422 6.14490120342 -26.9488 -5.36991 -8.99646
9.73899 80000003100001423 80000003100001422 80000003100001438 80000003100001421 6.01075739884 -24.4782 -9.82034 -9.28558
9.81578 80000003100001422 80000003100001421 80000003100001438 80000003100001420 5.84661374788 -39.8922 -39.6671 -14.5916
9.20668 80000003100001446 80000003100001445 80000003100001448 80000003100001426 7.23627606617 -1.37027 -2.60698 -8.89198
9.01298 80000003100001472 80000003100001471 80000003100001483 80000003100001470 6.49159774567 3.5893 12.0616 -9.14544
9.09898 80000003100001471 80000003100001470 80000003100001483 80000003100001469 6.14490120342 1.9908 13.0737 -8.3192
9.12424 80000003100001470 80000003100001467 80000003100001483 80000003100001466 5.52976580795 2.31285 4.37425 1.88956
9.17293 80000003100001467 80000003100001466 80000003100001483 80000003100001465 5.22758097313 4.01515 7.18008 1.8406
9.17946 80000003100001514 80000003100001513 80000003100001523 80000003100001512 6.01075739884 1.73771 -11.741 -0.933878
9.2026 80000003100001513 80000003100001511 80000003100001523 80000003100001510 5.52976580795 2.9855 -10.8609 -1.22795
9.26187 80000003100001511 80000003100001510 80000003100001523 80000003100001509 5.22758097313 3.57312 -10.337 3.05936
9.2672 80000003100001510 80000003100001508 80000003100001523 80000003100001507 4.93938066349 -5.31013 -12.5991 6.87576
9.02855 80000003100001525 80000003100001524 80000003100001529 80000003100001513 6.14490120342 -3.52927 -12.5888 4.30779
9.01928 80000003100001666 80000003100001665 80000003100001672 80000003100001664 7.00541704554 -3.20973 0.0669402 2.30105
9.02855 80000003100001665 80000003100001664 80000003100001672 80000003100001663 6.85511726265 -3.17652 1.98762 -1.49006
9.08845 80000003100001664 80000003100001663 80000003100001672 80000003100001662 6.49159774567 -2.85189 4.45018 2.15691
9.18802 80000003100001663 80000003100001662 80000003100001672 80000003100001661 6.14490120342 -4.34012 3.0059 3.36783
9.21272 80000003100001662 80000003100001660 80000003100001672 80000003100001659 5.84661374788 -4.85598 1.41986 2.4978
9.2342 80000003100001660 80000003100001659 80000003100001672 80000003100001658 5.52976580795 -1.6283 6.80413 2.29045
9.34313 80000003100001659 80000003100001658 80000003100001672 80000003100001657 5.22758097313 0.728631 4.4331 -8.02957
9.40646 80000003100001658 80000003100001657 80000003100001672 80000003100001656 4.99593346816 3.65909 6.96813 -12.498
9.41029 80000003100001657 80000003100001656 80000003100001672 80000003100001655 4.93938066349 0.230445 6.6588 -10.5567
9.42771 80000003100001656 80000003100001655 80000003100001672 80000003100001654 4.66451770247 -3.37573 3.74398 -7.34023
9.47832 80000003100001655 80000003100001654 80000003100001672 80000003100001653 4.42803373661 -1.94639 0.560411 -12.743
9.49951 80000003100001654 80000003100001651 80000003100001672 80000003100001650 3.93726108473 -2.49589 -11.3046 -8.79923
9.0098 80000003100001775 80000003100001774 80000003100001777 80000003100001773 8.44947629437 1.57305 -14.0132 -0.916866
9.05235 80000003100001774 80000003100001773 80000003100001777 80000003100001772 8.01217294887 1.42473 -13.6328 0.159584
9.2026 80000003100001773 80000003100001772 80000003100001777 80000003100001771 7.59510714987 1.93637 -3.39926 1.15454
9.23799 80000003100001772 80000003100001771 80000003100001777 80000003100001770 7.23627606617 3.87076 -3.25048 2.1479
9.26008 80000003100001771 80000003100001770 80000003100001777 80000003100001769 7.00541704554 4.94211 -2.77355 0.760406
9.26543 80000003100001770 80000003100001769 80000003100001777 80000003100001768 6.85511726265 4.19164 -5.27202 1.81021
9.32651 80000003100001769 80000003100001768 80000003100001777 80000003100001767 6.49159774567 3.65376 -7.75345 -0.456315
9.36763 80000003100001768 80000003100001767 80000003100001777 80000003100001766 6.14490120342 5.05703 -7.47503 0.0990837
9.38005 80000003100001767 80000003100001765 80000003100001777 80000003100001764 5.84661374788 5.30151 -6.07254 0.820507
9.43974 80000003100001765 80000003100001764 80000003100001777 80000003100001763 5.52976580795 4.54637 -7.07107 -1.55092
9.48799 80000003100001764 80000003100001763 80000003100001777 80000003100001762 5.22758097313 4.89288 -16.1155 -3.47621
9.51275 80000003100001763 80000003100001762 80000003100001777 80000003100001761 4.99593346816 2.23486 -17.089 -4.31036
9.51275 80000003100001762 80000003100001761 80000003100001777 80000003100001760 4.93938066349 1.25866 -16.3261 -4.672
9.56557 80000003100001761 80000003100001760 80000003100001777 80000003100001759 4.66451770247 5.42931 -25.7829 -3.23499
9.5761 80000003100001760 80000003100001759 80000003100001777 80000003100001758 4.42803373661 2.8842 -22.2397 -4.61145
9.63744 80000003100001759 80000003100001758 80000003100001777 80000003100001757 4.17683491473 1.28026 -22.2418 -6.23064
9.65224 80000003100001758 80000003100001757 80000003100001777 80000003100001756 4.00794511147 4.87451 -32.0842 -4.79022
9.68312 80000003100001757 80000003100001756 80000003100001777 80000003100001755 3.93726108473 -2.12214 -24.303 -8.39248
9.13871 80000003100001872 80000003100001871 80000003100001877 80000003100001870 10.3674435724 -4.34104 0.171607 -3.73662
9.22262 80000003100001871 80000003100001870 80000003100001877 80000003100001869 9.99659046619 -3.08786 -0.921383 -2.85092
9.24733 80000003100001870 80000003100001868 80000003100001877 80000003100001867 9.38877127194 -0.393526 -1.05163 -0.875057
9.2929 80000003100001868 80000003100001867 80000003100001877 80000003100001866 9.00233985416 -0.560049 0.185055 -0.210173
9.32342 80000003100001867 80000003100001866 80000003100001877 80000003100001865 8.9079991856 -0.908257 3.15381 -0.174051
9.42281 80000003100001866 80000003100001865 80000003100001877 80000003100001864 8.44947629437 1.66681 -0.527505 0.822035
9.45605 80000003100001865 80000003100001864 80000003100001877 80000003100001863 8.01217294887 1.5376 -1.02286 -0.0643952
9.61663 80000003100001864 80000003100001863 80000003100001877 80000003100001862 7.59510714987 8.39893 -0.990109 -1.27354
9.68176 80000003100001863 80000003100001862 80000003100001877 80000003100001861 7.23627606617 17.2351 -10.0555 15.4009
9.70685 80000003100001862 80000003100001861 80000003100001877 80000003100001860 7.00541704554 11.6573 -4.4276 6.53323
9.74196 80000003100001861 80000003100001860 80000003100001877 80000003100001859 6.85511726265 18.366 -6.69003 12.1458
9.80721 80000003100001860 80000003100001859 80000003100001877 80000003100001858 6.49159774567 11.871 -7.84335 1.56272
9.86571 80000003100001859 80000003100001858 80000003100001877 80000003100001857 6.14490120342 10.7653 -5.78241 0.685673
9.93922 80000003100001858 80000003100001857 80000003100001877 80000003100001856 6.01075739884 40.0504 -15.9125 -10.0613
9.95689 80000003100001857 80000003100001856 80000003100001877 80000003100001855 5.84661374788 18.708 -19.945 -5.20307
10.0382 80000003100001856 80000003100001855 80000003100001877 80000003100001854 5.52976580795 13.4115 -27.4026 4.48277
10.1052 80000003100001855 80000003100001854 80000003100001877 80000003100001853 5.22758097313 27.024 -44.1267 4.67869
10.1315 80000003100001854 80000003100001853 80000003100001877 80000003100001852 4.99593346816 19.5645 -35.0376 21.4458
10.1401 80000003100001853 80000003100001852 80000003100001877 80000003100001851 4.93938066349 17.0285 -34.2375 18.5793
10.1929 80000003100001852 80000003100001851 80000003100001877 80000003100001850 4.66451770247 27.844 -38.3511 13.4801
10.235 80000003100001851 80000003100001850 80000003100001877 80000003100001849 4.42803373661 40.7119 -35.1748 5.47073
10.2956 80000003100001850 80000003100001849 80000003100001877 80000003100001848 4.17683491473 28.4185 -30.7291 -3.18081
10.3259 80000003100001849 80000003100001848 80000003100001877 80000003100001847 4.00794511147 24.058 -33.5197 -2.31737
10.3384 80000003100001848 80000003100001847 80000003100001877 80000003100001846 3.93726108473 18.2719 -31.3883 -22.0638
10.3783 80000003100001847 80000003100001846 80000003100001877 80000003100001845 3.70877426464 15.9735 -46.7899 -30.6092
10.4108 80000003100001846 80000003100001845 80000003100001877 80000003100001844 3.49086136926 6.39785 -58.6634 -50.6564
10.4114 80000003100001845 80000003100001844 80000003100001877 80000003100001843 3.28303305796 0.737294 -59.6756 -52.0886
10.4551 80000003100001844 80000003100001843 80000003100001877 80000003100001842 3.08482263583 2.18408 -56.8602 -42.5891
10.4893 80000003100001843 80000003100001842 80000003100001877 80000003100001841 3.00813107163 11.1124 -54.5448 -58.26
10.4976 80000003100001842 80000003100001839 80000003100001877 80000003100001838 2.5772902716 8.7372 -45.7589 -44.1472
9.0066 80000003100001912 80000003100001911 80000003100001923 80000003100001910 6.49159774567 -0.931716 -6.76114 -4.66039
9.04358 80000003100001911 80000003100001910 80000003100001923 80000003100001909 6.14490120342 -2.11652 -6.27819 0.303608
9.31717 80000003100002012 80000003100002011 80000003100002028 80000003100002010 2.00202813925 -0.105244 -29.4162 30.6613
9.36902 80000003100002011 80000003100002010 80000003100002028 80000003100002009 1.90408954353 -8.78829 -25.2963 36.657
9.08038 80000003100002031 80000003100002030 80000003100002042 80000003100002029 2.31611074396 -11.0918 -31.4763 25.501
9.10415 80000003100002030 80000003100002029 80000003100002042 80000003100002011 2.20792547238 -13.8755 -34.2645 23.5288
9.0098 80000003100002234 80000003100002233 80000003100002238 80000003100002232 8.44947629437 -7.95028 -5.03937 0.717345
9.05235 80000003100002233 80000003100002232 80000003100002238 80000003100002231 8.01217294887 -4.77972 -3.75498 -1.46192
9.11681 80000003100002232 80000003100002231 80000003100002238 80000003100002230 7.59510714987 -5.9138 -0.738063 -0.150544
9.17293 80000003100002231 80000003100002230 80000003100002238 80000003100002229 7.23627606617 -6.78816 -1.75261 1.05635
9.21869 80000003100002230 80000003100002229 80000003100002238 80000003100002228 7.00541704554 -6.09401 1.63312 1.81531
9.23229 80000003100002229 80000003100002228 80000003100002238 80000003100002227 6.85511726265 -7.04024 -0.647666 -0.436507
9.2929 80000003100002228 80000003100002227 80000003100002238 80000003100002226 6.49159774567 -2.87984 -5.06202 -0.365651
9.3044 80000003100002227 80000003100002226 80000003100002238 80000003100002225 6.14490120342 -7.97821 -2.20554 1.73652
9.33716 80000003100002226 80000003100002225 80000003100002238 80000003100002224 6.01075739884 -10.6752 -1.54845 2.04651
9.33866 80000003100002225 80000003100002223 80000003100002238 80000003100002222 5.52976580795 -6.82606 -1.45685 2.116
9.34756 80000003100002223 80000003100002222 80000003100002238 80000003100002221 5.22758097313 -3.532 2.1046 2.82357
9.36481 80000003100002222 80000003100002219 80000003100002238 80000003100002218 4.66451770247 -6.54254 1.06348 1.07719
9.39609 80000003100002219 80000003100002218 80000003100002238 80000003100002217 4.42803373661 -10.5212 -2.20155 3.30168
9.39609 80000003100002218 80000003100002217 80000003100002238 80000003100002216 4.17683491473 -6.90572 -1.58277 2.0416
9.41408 80000003100002217 80000003100002216 80000003100002238 80000003100002215 4.00794511147 -6.67701 -4.85326 0.834401
9.4503 80000003100002216 80000003100002215 80000003100002238 80000003100002214 3.93726108473 -4.71704 -2.16353 -1.36397
9.47615 80000003100002215 80000003100002214 80000003100002238 80000003100002213 3.70877426464 -6.69199 -0.26623 1.26918
9.49011 80000003100002214 80000003100002213 80000003100002238 80000003100002212 3.49086136926 -4.12558 -0.949354 3.21361
9.53902 80000003100002213 80000003100002212 80000003100002238 80000003100002211 3.28303305796 -1.10971 -9.45794 8.44751
9.5931 80000003100002212 80000003100002211 80000003100002238 80000003100002210 3.08482263583 5.28797 -12.2483 0.148467
9.61977 80000003100002211 80000003100002210 80000003100002238 80000003100002209 3.00813107163 1.88987 -11.3098 1.23959
9.62754 80000003100002210 80000003100002209 80000003100002238 80000003100002208 2.89578500573 2.47995 -6.35439 -0.630086
9.03463 80000003100002627 80000003100002626 80000003100002642 80000003100002625 3.08482263583 7.98451 -3.34142 7.85179
9.04062 80000003100002626 80000003100002625 80000003100002642 80000003100002624 3.00813107163 6.0297 -4.35013 7.40042
9.09375 80000003100002625 80000003100002624 80000003100002642 80000003100002623 2.89578500573 2.77104 -9.26313 14.8377
9.1193 80000003100002624 80000003100002623 80000003100002642 80000003100002622 2.73314261732 4.46526 -6.2715 14.8588
9.14344 80000003100002623 80000003100002622 80000003100002642 80000003100002621 2.5772902716 3.60056 -7.8941 17.7723
9.14811 80000003100002622 80000003100002621 80000003100002642 80000003100002620 2.44422570455 2.25956 -5.12226 18.3472
9.01928 80000003100002667 80000003100002666 80000003100002680 80000003100002665 1.90408954353 -3.80217 -0.000729843 2.14633
9.02548 80000003100002666 80000003100002665 80000003100002680 80000003100002664 1.82268925262 -2.87492 1.14216 1.397
9.02548 80000003100002665 80000003100002654 80000003100002680 80000003100002653 1.15460271236 -0.264766 2.12465 -4.40282
9.03463 80000003100002654 80000003100002652 80000003100002680 80000003100002651 1.07445789455 -3.085 3.82662 -5.82327
9.03463 80000003100002652 80000003100002649 80000003100002680 80000003100002648 0.987852810816 -2.22016 1.81532 -2.38743
9.05524 80000003100002649 80000003100002648 80000003100002680 80000003100002647 0.950531351585 -3.85223 2.18507 -2.56986
9.02548 80000003100003069 80000003100003068 80000003100003073 80000003100003067 7.59510714987 2.85758 -7.89708 -11.2582
9.04653 80000003100003068 80000003100003065 80000003100003073 80000003100003064 6.85511726265 1.25293 -6.13004 0.829101
9.32651 80000003100003065 80000003100003063 80000003100003073 80000003100003062 6.14490120342 29.7582 1.92632 -0.816508
9.39871 80000003100003063 80000003100003062 80000003100003073 80000003100003061 6.01075739884 8.79586 5.66679 -3.87237
9.67284 80000003100003062 80000003100003060 80000003100003073 80000003100003059 5.52976580795 54.7774 -6.48755 -9.72734
9.74137 80000003100003060 80000003100003059 80000003100003073 80000003100003058 5.22758097313 47.5567 -0.273906 -8.98137
10.0771 80000003100003059 80000003100003056 80000003100003073 80000003100003055 4.42803373661 21.1615 -14.2357 -16.9022
10.1444 80000003100003056 80000003100003055 80000003100003073 80000003100003054 4.17683491473 38.6874 -15.3909 -11.6512
10.1853 80000003100003055 80000003100003054 80000003100003073 80000003100003053 4.00794511147 36.7784 -21.0189 -23.3418
10.2499 80000003100003054 80000003100003052 80000003100003073 80000003100003051 3.70877426464 33.4476 -24.9616 -14.9657
10.2837 80000003100003052 80000003100003051 80000003100003073 80000003100003050 3.49086136926 38.7557 -16.9974 -22.7572
10.3379 80000003100003051 80000003100003046 80000003100003073 80000003100003045 2.73314261732 52.1862 -11.7466 -8.51937
10.3971 80000003100003046 80000003100003045 80000003100003073 80000003100003044 2.5772902716 60.4226 -15.8073 11.6965
10.4244 80000003100003045 80000003100003044 80000003100003073 80000003100003043 2.44422570455 70.0688 -16.2635 8.74798
10.4743 80000003100003044 80000003100003043 80000003100003073 80000003100003042 2.31611074396 72.9129 -40.8134 41.9576
10.4845 80000003100003043 80000003100003042 80000003100003073 80000003100003041 2.20792547238 75.1654 -31.8055 33.9732
10.5097 80000003100003042 80000003100003041 80000003100003073 80000003100003040 2.1032696526 71.7738 -25.7997 23.8717
10.5105 80000003100003041 80000003100003031 80000003100003073 80000003100003030 1.3575766674 67.5978 -57.9171 59.1185
9.76669 80000003100003112 80000003100003111 80000003100003112 80000003100003110 4.93938066349 40.4046 0.774951 -8.93075
9.84147 80000003100003111 80000003100003110 80000003100003112 80000003100003056 4.66451770247 35.4666 4.73583 -7.88333
9.09375 80000003100003137 80000003100003136 80000003100003144 80000003100003135 7.23627606617 0.611064 2.63337 9.78825
9.24918 80000003100003136 80000003100003135 80000003100003144 80000003100003134 7.00541704554 -0.0717421 5.0177 11.7966
9.27938 80000003100003135 80000003100003134 80000003100003144 80000003100003133 6.85511726265 1.37149 0.302563 7.8808
9.39478 80000003100003134 80000003100003132 80000003100003144 80000003100003131 6.14490120342 -2.08714 -2.52701 5.98843
9.40902 80000003100003132 80000003100003131 80000003100003144 80000003100003130 6.01075739884 -2.21477 -2.90226 3.05768
9.41029 80000003100003131 80000003100003130 80000003100003144 80000003100003129 5.84661374788 -0.394016 2.05027 3.73753
9.46621 80000003100003130 80000003100003129 80000003100003144 80000003100003128 5.52976580795 -7.14881 3.71976 5.65823
9.55931 80000003100003129 80000003100003128 80000003100003144 80000003100003127 5.22758097313 -18.6388 0.520838 1.31382
9.57262 80000003100003128 80000003100003127 80000003100003144 80000003100003126 4.99593346816 -8.43985 6.9461 2.60174
10.1584 80000003100003164 80000003100003163 80000003100003167 80000003100003052 3.93726108473 38.9953 -13.837 -8.94547
9.0066 80000003100003212 80000003100003211 80000003100003220 80000003100003210 8.44947629437 4.51601 6.97633 -0.98562
9.03463 80000003100003211 80000003100003210 80000003100003220 80000003100003209 8.01217294887 -2.33945 6.59873 5.01293
9.07766 80000003100003210 80000003100003209 80000003100003220 80000003100003208 7.59510714987 -0.337446 7.1203 0.909112
9.09637 80000003100003209 80000003100003206 80000003100003220 80000003100003205 6.85511726265 0.74725 7.88785 -0.584709
9.09637 80000003100003206 80000003100003203 80000003100003220 80000003100003202 6.01075739884 1.90075 5.79648 -2.51299
9.10671 80000003100003203 80000003100003197 80000003100003220 80000003100003196 4.66451770247 5.5121 2.5551 3.29574
9.11431 80000003100003197 80000003100003196 80000003100003220 80000003100003195 4.42803373661 0.649953 2.42554 3.28127
9.00012 80000003100003267 80000003100003266 80000003100003296 80000003100003265 1.47197484527 -0.148543 1.33907 -4.00368
9.0066 80000003100003266 80000003100003262 80000003100003296 80000003100003261 1.24847261425 -2.15906 -8.97408 1.40195
9.07492 80000003100003406 80000003100003405 80000003100003407 80000003100003404 9.38877127194 0.643227 0.345751 6.9107
9.19433 80000003100003405 80000003100003404 80000003100003407 80000003100003403 9.00233985416 -1.32833 5.2009 5.08972
9.24548 80000003100003404 80000003100003402 80000003100003407 80000003100003401 8.44947629437 -6.52127 -2.472 6.0533
9.31083 80000003100003402 80000003100003397 80000003100003407 80000003100003396 6.85511726265 8.0829 -4.4945 -0.963631
9.48692 80000003100003397 80000003100003396 80000003100003407 80000003100003395 6.49159774567 26.9941 1.91999 9.38346
9.56557 80000003100003396 80000003100003395 80000003100003407 80000003100003394 6.14490120342 21.4064 -3.17745 3.61761
9.64638 80000003100003395 80000003100003394 80000003100003407 80000003100003393 6.01075739884 28.4248 -1.48481 -9.21601
9.72074 80000003100003394 80000003100003392 80000003100003407 80000003100003391 5.52976580795 24.8961 -6.02015 1.45773
9.72691 80000003100003392 80000003100003391 80000003100003407 80000003100003390 5.22758097313 22.1815 -4.47507 -0.99732
9.75479 80000003100003391 80000003100003388 80000003100003407 80000003100003387 4.66451770247 17.4958 -15.1307 -6.83535
9.75879 80000003100003388 80000003100003385 80000003100003407 80000003100003384 4.00794511147 11.5587 -10.9725 -0.254839
9.76947 80000003100003385 80000003100003383 80000003100003407 80000003100003382 3.70877426464 12.776 -10.0159 2.96475
9.77608 80000003100003383 80000003100003382 80000003100003407 80000003100003381 3.49086136926 14.0946 -7.58641 4.91197
9.83435 80000003100003382 80000003100003381 80000003100003407 80000003100003380 3.28303305796 15.5224 -12.4465 3.45312
9.93583 80000003100003381 80000003100003380 80000003100003407 80000003100003379 3.08482263583 19.2069 -5.8491 -6.90324
9.99354 80000003100003380 80000003100003379 80000003100003407 80000003100003378 3.00813107163 18.3247 -7.70364 -1.01934
10.0085 80000003100003379 80000003100003378 80000003100003407 80000003100003377 2.89578500573 19.9269 -4.31411 -9.101
10.061 80000003100003378 80000003100003377 80000003100003407 80000003100003376 2.73314261732 25.1447 4.09122 -7.06828
10.1077 80000003100003377 80000003100003376 80000003100003407 80000003100003375 2.5772902716 21.7206 8.31537 -4.01741
10.1228 80000003100003376 80000003100003375 80000003100003407 80000003100003374 2.44422570455 26.4487 16.5108 -4.94514
10.1385 80000003100003375 80000003100003374 80000003100003407 80000003100003373 2.31611074396 24.5566 16.6309 -0.594635
10.167 80000003100003374 80000003100003373 80000003100003407 80000003100003372 2.20792547238 20.3056 8.37769 2.97815
10.1788 80000003100003373 80000003100003372 80000003100003407 80000003100003371 2.1032696526 17.4558 8.64175 7.4038
10.1899 80000003100003372 80000003100003367 80000003100003407 80000003100003366 1.66666955611 25.1714 11.6563 6.57913
9.34609 80000003100003411 80000003100003410 80000003100003417 80000003100003409 7.00541704554 20.2077 -2.39466 7.63644
9.0098 80000003100003499 80000003100003498 80000003100003511 80000003100003497 6.49159774567 7.07645 0.794818 4.72008
9.08038 80000003100003498 80000003100003497 80000003100003511 80000003100003496 6.14490120342 8.58317 -0.461142 4.46563
9.09898 80000003100003497 80000003100003496 80000003100003511 80000003100003495 6.01075739884 8.68079 -1.34554 5.53965
9.11431 80000003100003496 80000003100003495 80000003100003511 80000003100003494 5.84661374788 7.84845 -1.40291 4.94353
9.14578 80000003100003495 80000003100003493 80000003100003511 80000003100003492 5.22758097313 4.98369 0.0778819 3.34629
9.17293 80000003100003493 80000003100003490 80000003100003511 80000003100003489 4.66451770247 5.36314 1.57145 -3.12528
9.18376 80000003100003490 80000003100003485 80000003100003511 80000003100003484 3.70877426464 11.4348 -0.257553 -0.283105
9.20668 80000003100003485 80000003100003484 80000003100003511 80000003100003483 3.49086136926 9.24545 -0.926423 -0.113526
9.02855 80000003100003697 80000003100003696 80000003100003710 80000003100003695 3.28303305796 1.74454 -1.19171 9.28275
9.08309 80000003100003696 80000003100003682 80000003100003710 80000003100003681 1.66666955611 -2.95324 -3.75384 9.87124
9.24362 80000003100003682 80000003100003681 80000003100003710 80000003100003680 1.60423452207 -12.0621 -30.5745 4.74319
9.34609 80000003100003681 80000003100003680 80000003100003710 80000003100003679 1.53123902916 -11.5199 -35.1398 -1.1363
9.01928 80000003100003768 80000003100003767 80000003100003786 80000003100003766 3.08482263583 -0.43821 1.06843 1.23575
9.02855 80000003100003767 80000003100003760 80000003100003786 80000003100003759 2.20792547238 -3.2068 3.05075 4.95948
9.11431 80000003100003760 80000003100003759 80000003100003786 80000003100003758 2.1032696526 1.75634 2.38728 -1.05109
9.1193 80000003100003759 80000003100003757 80000003100003786 80000003100003756 1.90408954353 7.87728 6.30599 -4.52442
9.2026 80000003100003757 80000003100003756 80000003100003786 80000003100003755 1.82268925262 3.27008 9.71433 -19.2527
9.31874 80000003100003756 80000003100003755 80000003100003786 80000003100003754 1.74357057433 2.09636 14.2427 -25.5857
9.32342 80000003100003755 80000003100003751 80000003100003786 80000003100003750 1.47197484527 -2.49978 8.20181 -22.4448
9.32342 80000003100003751 80000003100003750 80000003100003786 80000003100003749 1.41409822037 -0.0164327 10.5287 -24.0958
9.01928 80000003100004003 80000003100004002 80000003100004005 80000003100004001 7.23627606617 3.14029 8.5246 2.94396
9.02855 80000003100004002 80000003100004000 80000003100004005 80000003100003999 6.85511726265 0.345725 3.43174 7.38828
9.13394 80000003100004000 80000003100003999 80000003100004005 80000003100003998 6.49159774567 -2.95952 4.60232 3.88857
9.15502 80000003100003999 80000003100003997 80000003100004005 80000003100003996 6.01075739884 -6.04038 6.75415 5.7576
9.16407 80000003100003997 80000003100003996 80000003100004005 80000003100003995 5.84661374788 -3.77303 6.16626 3.51449
9.18589 80000003100003996 80000003100003995 80000003100004005 80000003100003994 5.52976580795 -5.15218 4.36893 3.37142
9.21072 80000003100003995 80000003100003994 80000003100004005 80000003100003993 5.22758097313 -5.09784 5.05135 1.98487
9.22651 80000003100003994 80000003100003993 80000003100004005 80000003100003992 4.99593346816 -4.94467 1.95197 3.27436
9.23799 80000003100003993 80000003100003992 80000003100004005 80000003100003991 4.93938066349 -7.19876 2.77831 4.48907
9.26543 80000003100003992 80000003100003988 80000003100004005 80000003100003987 4.00794511147 -1.70285 2.28313 8.39954
9.27938 80000003100003988 80000003100003987 80000003100004005 80000003100003986 3.93726108473 -1.00439 3.77683 7.47494
9.32497 80000003100003987 80000003100003986 80000003100004005 80000003100003985 3.70877426464 -0.599241 2.90253 10.6421
9.39609 80000003100003986 80000003100003985 80000003100004005 80000003100003984 3.49086136926 -7.91293 9.35406 17.4499
9.43257 80000003100003985 80000003100003984 80000003100004005 80000003100003983 3.28303305796 -7.29133 9.7151 18.1816
9.44914 80000003100003984 80000003100003983 80000003100004005 80000003100003982 3.08482263583 -4.65969 10.3308 17.2342
9.48479 80000003100003983 80000003100003982 80000003100004005 80000003100003981 3.00813107163 -6.55108 11.989 20.333
9.50973 80000003100003982 80000003100003981 80000003100004005 80000003100003980 2.89578500573 -10.0286 13.8352 17.9975
9.5207 80000003100003981 80000003100003979 80000003100004005 80000003100003978 2.5772902716 -11.5469 10.722 14.9477
9.55931 80000003100003979 80000003100003976 80000003100004005 80000003100003975 2.20792547238 -19.7365 23.2846 13.8164
9.07766 80000003100004089 80000003100004088 80000003100004094 80000003100004087 8.9079991856 3.69992 -1.48465 3.67593
9.10415 80000003100004088 80000003100004087 80000003100004094 80000003100004086 8.44947629437 6.11738 -3.42903 3.73623
9.20055 80000003100004087 80000003100004086 80000003100004094 80000003100004085 8.01217294887 7.25866 -4.32036 3.12574
9.3156 80000003100004086 80000003100004085 80000003100004094 80000003100004084 7.59510714987 3.49257 -8.43819 2.64155
9.38681 80000003100004085 80000003100004084 80000003100004094 80000003100004083 7.23627606617 9.62385 -4.14991 -2.00207
9.41282 80000003100004084 80000003100004083 80000003100004094 80000003100004082 7.00541704554 9.07831 -5.74953 1.19065
9.46285 80000003100004083 80000003100004082 80000003100004094 80000003100004081 6.85511726265 7.1112 0.281993 1.96768
9.48479 80000003100004082 80000003100004079 80000003100004094 80000003100004078 6.01075739884 7.15896 -0.0675134 2.43985
9.50567 80000003100004079 80000003100004078 80000003100004094 80000003100004077 5.84661374788 5.59486 1.83467 2.96618
9.52754 80000003100004078 80000003100004077 80000003100004094 80000003100004076 5.52976580795 5.03013 5.96771 2.19751
9.56735 80000003100004077 80000003100004076 80000003100004094 80000003100004075 5.22758097313 9.99881 -2.71005 -10.1211
9.60299 80000003100004076 80000003100004071 80000003100004094 80000003100004070 4.17683491473 4.68163 12.6697 -11.0563
9.60381 80000003100004071 80000003100004068 80000003100004094 80000003100004067 3.70877426464 3.91124 6.90312 -10.7159
9.61026 80000003100004068 80000003100004067 80000003100004094 80000003100004066 3.49086136926 7.3657 10.3475 -10.4602
9.0098 80000003100004187 80000003100004186 80000003100004197 80000003100004185 4.99593346816 -7.5779 -5.42628 -15.6746
9.0098 80000003100004186 80000003100004185 80000003100004197 80000003100004184 4.93938066349 -7.29531 -6.40732 -15.2881
9.0316 80000003100004185 80000003100004184 80000003100004197 80000003100004183 4.66451770247 -9.11334 -5.02642 -13.8801
9.06378 80000003100004184 80000003100004183 80000003100004197 80000003100004182 4.42803373661 -10.2807 -5.6615 -14.4057
9.13154 80000003100004183 80000003100004182 80000003100004197 80000003100004181 4.17683491473 -9.48391 -3.45049 -14.0697
9.15502 80000003100004182 80000003100004181 80000003100004197 80000003100004180 4.00794511147 -7.61922 -4.77116 -15.0704
9.15502 80000003100004181 80000003100004180 80000003100004197 80000003100004179 3.93726108473 -7.66858 -8.57862 -16.9251
9.16182 80000003100004180 80000003100004177 80000003100004197 80000003100004176 3.28303305796 -6.52909 -3.26381 -13.68
9.22262 80000003100004177 80000003100004176 80000003100004197 80000003100004175 3.08482263583 -11.7252 3.19816 -11.4194
9.22262 80000003100004176 80000003100004174 80000003100004197 80000003100004173 2.89578500573 -15.6963 2.92223 -10.8665
9.24175 80000003100004174 80000003100004173 80000003100004197 80000003100004172 2.73314261732 -10.5126 -4.18983 -13.1431
9.27766 80000003100004173 80000003100004172 80000003100004197 80000003100004171 2.5772902716 -13.9836 -0.935266 -13.4187
9.29951 80000003100004172 80000003100004171 80000003100004197 80000003100004170 2.44422570455 -9.33065 -2.77049 -12.4683
9.30923 80000003100004171 80000003100004168 80000003100004197 80000003100004167 2.1032696526 -5.58558 -1.67338 -10.7712
9.31717 80000003100004168 80000003100004167 80000003100004197 80000003100004166 2.00202813925 -8.45794 -2.88235 -12.8691
9.31717 80000003100004167 80000003100004166 80000003100004197 80000003100004165 1.90408954353 -7.82468 -1.41009 -11.0552
9.34609 80000003100004166 80000003100004165 80000003100004197 80000003100004164 1.82268925262 -6.76129 -3.82789 -7.89502
9.00337 80000003100004339 80000003100004338 80000003100004355 80000003100004337 2.44422570455 -1.10464 5.92764 21.5425
9.10926 80000003100004468 80000003100004467 80000003100004480 80000003100004466 4.66451770247 2.29302 1.75067 2.13145
9.14108 80000003100004467 80000003100004466 80000003100004480 80000003100004465 4.42803373661 7.46131 1.60849 0.526012
9.21869 80000003100004466 80000003100004465 80000003100004480 80000003100004464 4.17683491473 6.83492 6.79811 3.43819
9.23037 80000003100004465 80000003100004464 80000003100004480 80000003100004463 4.00794511147 7.51494 0.957025 1.54062
9.23037 80000003100004464 80000003100004463 80000003100004480 80000003100004462 3.93726108473 8.55303 2.01848 1.08902
9.27938 80000003100004463 80000003100004462 80000003100004480 80000003100004461 3.70877426464 12.5759 3.81216 -0.335785
9.3044 80000003100004462 80000003100004461 80000003100004480 80000003100004460 3.49086136926 10.7538 6.93594 -3.81912
9.3044 80000003100004461 80000003100004458 80000003100004480 80000003100004457 3.00813107163 9.20346 5.94175 10.8116
9.33263 80000003100004458 80000003100004454 80000003100004480 80000003100004453 2.44422570455 7.97874 -4.72653 13.5067
9.39478 80000003100004454 80000003100004452 80000003100004480 80000003100004451 2.20792547238 10.8853 -6.64365 11.9963
9.40774 80000003100004452 80000003100004450 80000003100004480 80000003100004449 2.00202813925 13.4287 -0.571649 3.10731
9.43617 80000003100004450 80000003100004449 80000003100004480 80000003100004448 1.90408954353 12.457 -4.42961 6.95296
9.44797 80000003100004449 80000003100004448 80000003100004480 80000003100004447 1.82268925262 23.5794 -14.1287 12.1914
9.45261 80000003100004448 80000003100004443 80000003100004480 80000003100004442 1.47197484527 16.4064 -1.52783 5.25437
