logMh | fpID | subhaloID | main leaf ID | descID |  z
9.05524 30000000105878764 30000000105878763 30000000105878765 30000000105878762 14.0339921445 3.22955 -6.59733 -0.438261
9.22457 30000000105878763 30000000105878762 30000000105878765 30000000105878761 13.3382482898 3.37538 -4.33846 0.571215
9.48479 30000000105878762 30000000105878761 30000000105878765 30000000105878760 12.6747021048 -1.45277 -4.16479 0.792763
9.59227 30000000105878761 30000000105878760 30000000105878765 30000000105878759 12.0418635439 -4.50464 -3.1749 -0.0598671
9.67422 30000000105878760 30000000105878759 30000000105878765 30000000105878758 11.4973879548 -3.57442 -0.995631 -1.36158
9.75248 30000000105878759 30000000105878758 30000000105878765 30000000105878757 10.9190331982 -5.19128 -4.08305 -6.3365
9.88358 30000000105878758 30000000105878757 30000000105878765 30000000105878756 10.3674435724 -11.2304 -14.7573 -3.10566
9.9208 30000000105878757 30000000105878756 30000000105878765 30000000105878755 9.99659046619 -11.4582 -12.235 -0.505669
9.93734 30000000105878756 30000000105878755 30000000105878765 30000000105878754 9.84138043947 -9.01777 -13.7697 -5.62699
10.0258 30000000105878755 30000000105878754 30000000105878765 30000000105878753 9.38877127194 -4.33056 -18.3556 -5.54416
10.0834 30000000105878754 30000000105878753 30000000105878765 30000000105878752 9.00233985416 -9.96926 -27.6914 -10.7445
10.5844 30000000105878753 30000000105878748 30000000105878765 30000000105878747 7.23627606617 -14.8535 -61.1875 8.26853
10.6552 30000000105878748 30000000105878747 30000000105878765 30000000105878746 6.85511726265 -9.48092 -34.9933 14.6147
10.7278 30000000105878747 30000000105878746 30000000105878765 30000000105878745 6.49159774567 -3.66814 -27.3255 17.0299
10.8046 30000000105878746 30000000105878745 30000000105878765 30000000105878744 6.14490120342 -13.2714 -31.0943 21.4394
10.8204 30000000105878745 30000000105878744 30000000105878765 30000000105878743 6.01075739884 -15.7681 -29.5369 26.7286
10.8321 30000000105878744 30000000105878743 30000000105878765 30000000105878742 5.84661374788 -7.16052 -25.2814 37.3784
10.8568 30000000105878743 30000000105878742 30000000105878765 30000000105878741 5.52976580795 -12.3939 -31.2089 26.2033
10.8572 30000000105878742 30000000105878741 30000000105878765 30000000105878740 5.22758097313 -11.0773 -33.5337 17.4482
10.8864 30000000105878741 30000000105878738 30000000105878765 30000000105878737 4.66451770247 -12.8856 -35.1502 17.93
10.9107 30000000105878738 30000000105878737 30000000105878765 30000000105878736 4.42803373661 -22.4947 -71.3105 6.25186
10.9707 30000000105878737 30000000105878736 30000000105878765 30000000105878735 4.17683491473 -24.5621 -79.3962 25.3759
10.9967 30000000105878736 30000000105878735 30000000105878765 30000000105878734 4.00794511147 -47.2479 -95.1691 53.8727
11.0092 30000000105878735 30000000105878734 30000000105878765 30000000105878733 3.93726108473 -53.2312 -64.805 74.4016
11.0579 30000000105878734 30000000105878733 30000000105878765 30000000105878732 3.70877426464 -23.9466 -60.0289 77.3934
11.104 30000000105878733 30000000105878732 30000000105878765 30000000105878731 3.49086136926 -36.0664 -50.7652 102.972
11.1469 30000000105878732 30000000105878731 30000000105878765 30000000105878730 3.28303305796 -12.8541 -68.9866 62.2096
11.1743 30000000105878731 30000000105878730 30000000105878765 30000000105878729 3.08482263583 -4.22306 -105.2 10.5455
11.1915 30000000105878730 30000000105878729 30000000105878765 30000000105878728 3.00813107163 -4.07219 -115.43 10.6492
11.2064 30000000105878729 30000000105878728 30000000105878765 30000000105878727 2.89578500573 11.2698 -78.7633 14.0307
11.2426 30000000105878728 30000000105878727 30000000105878765 30000000105878726 2.73314261732 -8.93207 -98.88 21.6007
11.2764 30000000105878727 30000000105878726 30000000105878765 30000000105878725 2.5772902716 -52.9261 -176.539 10.2362
11.3095 30000000105878726 30000000105878725 30000000105878765 30000000105878724 2.44422570455 -40.0287 -153.379 37.2275
11.3697 30000000105878725 30000000105878724 30000000105878765 30000000105878723 2.31611074396 103.857 -129.79 175.0
11.4241 30000000105878724 30000000105878723 30000000105878765 30000000105878722 2.20792547238 306.378 -72.4392 335.393
11.4468 30000000105878723 30000000105878722 30000000105878765 30000000105878721 2.1032696526 387.1 3.09699 387.399
11.467 30000000105878722 30000000105878721 30000000105878765 30000000105878720 2.00202813925 362.747 17.4497 411.194
11.4991 30000000105878721 30000000105878720 30000000105878765 30000000105878719 1.90408954353 410.587 32.4252 443.277
11.5188 30000000105878720 30000000105878719 30000000105878765 30000000105878718 1.82268925262 454.822 62.2192 457.47
11.5222 30000000105878719 30000000105878718 30000000105878765 30000000105878717 1.74357057433 420.921 12.8069 450.633
11.5301 30000000105878718 30000000105878714 30000000105878765 30000000105878713 1.47197484527 303.307 -77.8684 454.939
11.5337 30000000105878714 30000000105878713 30000000105878765 30000000105878712 1.41409822037 294.39 -91.7432 483.013
11.5443 30000000105878713 30000000105878712 30000000105878765 30000000105878711 1.3575766674 246.328 -65.0669 470.132
11.561 30000000105878712 30000000105878711 30000000105878765 30000000105878710 1.30237845991 217.391 -87.9488 536.426
11.5852 30000000105878711 30000000105878710 30000000105878765 30000000105878709 1.24847261425 204.882 -153.389 611.226
11.5976 30000000105878710 30000000105878709 30000000105878765 30000000105878708 1.20625808078 215.237 -132.111 623.161
11.6109 30000000105878709 30000000105878708 30000000105878765 30000000105878707 1.15460271236 201.655 -104.211 631.595
11.6294 30000000105878708 30000000105878707 30000000105878765 30000000105878706 1.11415056377 187.093 -141.791 646.948
11.6524 30000000105878707 30000000105878706 30000000105878765 30000000105878705 1.07445789455 194.744 -152.239 706.124
11.6627 30000000105878706 30000000105878705 30000000105878765 30000000105878704 1.03551044566 222.351 -145.88 718.876
11.6654 30000000105878705 30000000105878704 30000000105878765 30000000105878703 0.997294225782 247.961 -132.579 713.592
11.6657 30000000105878704 30000000105878703 30000000105878765 30000000105878702 0.987852810816 262.933 -116.329 715.918
11.6678 30000000105878703 30000000105878702 30000000105878765 30000000105878701 0.950531351585 293.277 -104.439 731.842
11.6692 30000000105878702 30000000105878701 30000000105878765 30000000105878700 0.923000816178 321.977 -87.6363 747.344
11.6726 30000000105878701 30000000105878700 30000000105878765 30000000105878699 0.886896937575 331.513 -69.6457 733.241
11.6751 30000000105878700 30000000105878699 30000000105878765 30000000105878698 0.851470900625 346.947 -25.0161 740.873
11.6801 30000000105878699 30000000105878698 30000000105878765 30000000105878697 0.816709979012 346.575 -17.8689 756.287
11.6807 30000000105878698 30000000105878695 30000000105878765 30000000105878694 0.732636182022 361.501 3.36565 739.951
11.681 30000000105878695 30000000105878694 30000000105878765 30000000105878693 0.700106353719 339.59 16.0323 773.779
11.69 30000000105878694 30000000105878693 30000000105878765 30000000105878692 0.676110411213 322.09 14.3289 742.879
11.691 30000000105878693 30000000105878691 30000000105878765 30000000105878690 0.621428745243 310.359 19.0614 763.622
11.697 30000000105878691 30000000105878690 30000000105878765 30000000105878689 0.598543288188 308.705 12.4845 781.38
11.7063 30000000105878690 30000000105878689 30000000105878765 30000000105878688 0.575980845108 307.788 -1.34414 790.747
11.7161 30000000105878689 30000000105878688 30000000105878765 30000000105878687 0.546392183141 298.206 -10.5763 783.763
11.7205 30000000105878688 30000000105878687 30000000105878765 30000000105878686 0.524565820434 292.026 -27.3027 795.738
11.7281 30000000105878687 30000000105878685 30000000105878765 30000000105878684 0.481832943421 268.48 -49.4452 769.623
11.734 30000000105878685 30000000105878683 30000000105878765 30000000105878682 0.440297849248 268.385 -47.912 806.165
11.739 30000000105878683 30000000105878682 30000000105878765 30000000105878681 0.419968941997 250.56 -57.5808 764.273
11.7446 30000000105878682 30000000105878681 30000000105878765 30000000105878680 0.399926964614 245.013 -87.9152 774.393
11.7486 30000000105878681 30000000105878680 30000000105878765 30000000105878679 0.38016786726 259.767 -85.0959 783.776
11.751 30000000105878680 30000000105878679 30000000105878765 30000000105878678 0.360687657262 265.089 -87.8382 788.772
11.7548 30000000105878679 30000000105878678 30000000105878765 30000000105878677 0.347853841858 272.485 -100.963 777.296
11.7574 30000000105878678 30000000105878677 30000000105878765 30000000105878676 0.328829724206 310.286 -79.7831 839.018
11.7581 30000000105878677 30000000105878676 30000000105878765 30000000105878675 0.310074120128 301.252 -75.5672 824.606
11.7639 30000000105878676 30000000105878675 30000000105878765 30000000105878674 0.291583239722 314.132 -83.1035 832.291
11.7671 30000000105878675 30000000105878674 30000000105878765 30000000105878673 0.273353346578 329.914 -84.5042 856.483
11.7696 30000000105878674 30000000105878673 30000000105878765 30000000105878672 0.261343256161 330.397 -99.7309 874.131
11.7736 30000000105878673 30000000105878672 30000000105878765 30000000105878671 0.243540181555 329.43 -110.235 871.612
11.7765 30000000105878672 30000000105878671 30000000105878765 30000000105878670 0.22598838626 338.595 -102.361 879.816
11.7806 30000000105878671 30000000105878670 30000000105878765 30000000105878669 0.214425035514 355.633 -108.386 881.252
11.7869 30000000105878670 30000000105878669 30000000105878765 30000000105878668 0.197284182376 332.685 -129.374 898.514
11.789 30000000105878669 30000000105878668 30000000105878765 30000000105878667 0.180385261706 347.589 -127.535 905.97
11.7919 30000000105878668 30000000105878667 30000000105878765 30000000105878666 0.169252033244 336.601 -133.899 937.065
11.7936 30000000105878667 30000000105878666 30000000105878765 30000000105878665 0.152748768902 336.759 -126.439 915.415
11.7993 30000000105878666 30000000105878665 30000000105878765 30000000105878664 0.14187620397 333.718 -130.753 940.193
11.7998 30000000105878665 30000000105878664 30000000105878765 30000000105878663 0.125759332411 342.459 -120.682 932.923
11.8037 30000000105878664 30000000105878663 30000000105878765 30000000105878662 0.109869940459 337.958 -109.3 943.293
11.8054 30000000105878663 30000000105878662 30000000105878765 30000000105878661 0.0994018026302 326.695 -115.761 951.624
11.8114 30000000105878662 30000000105878661 30000000105878765 30000000105878660 0.0838844307975 321.035 -130.684 963.219
11.8135 30000000105878661 30000000105878660 30000000105878765 30000000105878659 0.0736613846564 311.562 -128.601 977.576
11.8147 30000000105878660 30000000105878659 30000000105878765 30000000105878658 0.0585073227945 333.215 -112.761 993.142
11.8191 30000000105878659 30000000105878658 30000000105878765 30000000105878657 0.0485236299818 340.102 -120.589 1012.28
11.8203 30000000105878658 30000000105878657 30000000105878765 30000000105878656 0.0337243718735 366.638 -144.907 1036.11
11.8218 30000000105878657 30000000105878656 30000000105878765 30000000105878655 0.0239744283828 351.44 -152.183 1024.82
11.8282 30000000105878656 30000000105878654 30000000105878765 -1 2.22044604925e-16 369.899 -142.841 1066.52
9.1193 30000000105878791 30000000105878790 30000000105878795 30000000105878789 12.0418635439 -2.27557 0.855321 -0.848356
9.26896 30000000105878790 30000000105878789 30000000105878795 30000000105878788 11.4973879548 -1.37199 -4.54118 -1.07273
9.31083 30000000105878789 30000000105878788 30000000105878795 30000000105878787 10.9190331982 0.0621752 -7.984 -2.32196
9.46285 30000000105878788 30000000105878787 30000000105878795 30000000105878786 10.3674435724 -8.31505 -7.69858 -1.04424
9.56021 30000000105878787 30000000105878786 30000000105878795 30000000105878785 9.99659046619 -5.6313 -8.62043 -3.62572
9.57869 30000000105878786 30000000105878785 30000000105878795 30000000105878784 9.84138043947 -4.80218 -11.6094 -6.38528
9.68244 30000000105878785 30000000105878783 30000000105878795 30000000105878782 9.00233985416 -6.86466 2.96612 -4.16083
10.4289 30000000105878783 30000000105878779 30000000105878795 30000000105878748 7.59510714987 -19.1429 -36.6725 -0.644442
9.15042 30000000105878818 30000000105878817 30000000105878821 30000000105878816 11.4973879548 -1.49948 -2.63059 -0.256864
9.24362 30000000105878817 30000000105878816 30000000105878821 30000000105878815 10.9190331982 -1.18671 -1.80809 0.0414649
9.4026 30000000105878816 30000000105878815 30000000105878821 30000000105878814 10.3674435724 2.45002 5.88099 8.68126
9.46285 30000000105878815 30000000105878814 30000000105878821 30000000105878813 9.99659046619 3.17464 6.17794 9.44832
9.46621 30000000105878814 30000000105878813 30000000105878821 30000000105878812 9.84138043947 1.88007 4.20609 7.37017
9.61026 30000000105878813 30000000105878812 30000000105878821 30000000105878811 9.38877127194 -2.45116 8.43335 5.25277
9.67214 30000000105878812 30000000105878810 30000000105878821 30000000105878809 8.9079991856 -12.1778 6.76378 2.4749
9.85307 30000000105878810 30000000105878809 30000000105878821 30000000105878808 8.44947629437 1.41386 -11.276 29.0257
10.2155 30000000105878809 30000000105878808 30000000105878821 30000000105878748 8.01217294887 -10.0136 -24.3419 24.545
9.02548 30000000105878851 30000000105878850 30000000105878856 30000000105878849 7.59510714987 2.1698 -0.114261 -6.14659
9.29951 30000000105878881 30000000105878880 30000000105878881 30000000105878879 6.85511726265 4.00524 -5.31359 2.67482
9.1193 30000000105878913 30000000105878912 30000000105878919 30000000105878911 9.00233985416 6.86057 -0.436952 -15.4329
9.41156 30000000105878912 30000000105878910 30000000105878919 30000000105878909 8.44947629437 23.6202 -2.81848 -13.7726
9.00012 30000000105879002 30000000105879001 30000000105879010 30000000105879000 7.59510714987 -5.03855 -2.35016 3.25315
9.07216 30000000105879001 30000000105879000 30000000105879010 30000000105878999 7.23627606617 -5.08374 -1.52172 0.924628
9.07766 30000000105879000 30000000105878999 30000000105879010 30000000105878998 7.00541704554 -0.952991 -2.40514 0.812263
9.08845 30000000105878999 30000000105878998 30000000105879010 30000000105878997 6.85511726265 -1.27481 -3.8914 1.13462
9.13394 30000000105878998 30000000105878997 30000000105879010 30000000105878996 6.49159774567 -1.35298 -3.72358 1.58223
9.07766 30000000105879159 30000000105879158 30000000105879167 30000000105879157 7.00541704554 -1.42356 -0.230836 3.23376
9.17073 30000000105879158 30000000105879157 30000000105879167 30000000105879156 6.85511726265 2.08597 0.392123 0.892809
9.27246 30000000105879157 30000000105879155 30000000105879167 30000000105879154 6.14490120342 5.4581 -0.708775 0.5272
9.27938 30000000105879155 30000000105879153 30000000105879167 30000000105879152 5.84661374788 5.55892 -0.589127 2.02396
9.31401 30000000105879153 30000000105879152 30000000105879167 30000000105879151 5.52976580795 3.4611 2.99264 -2.71263
9.39081 30000000105879152 30000000105879151 30000000105879167 30000000105879150 5.22758097313 2.01324 1.47213 1.77162
9.43015 30000000105879151 30000000105879150 30000000105879167 30000000105879149 4.99593346816 -2.06517 1.548 -1.68157
9.43377 30000000105879150 30000000105879148 30000000105879167 30000000105879147 4.66451770247 0.0734084 -0.578076 3.03067
9.04358 30000000105879236 30000000105879235 30000000105879241 30000000105879234 7.59510714987 -3.47365 -3.64616 -9.79959
9.11431 30000000105879235 30000000105879233 30000000105879241 30000000105879232 7.00541704554 -4.37497 -16.1887 -4.4268
9.3044 30000000105879233 30000000105879230 30000000105879241 30000000105879229 6.14490120342 -0.805959 0.102623 -8.52593
9.50055 30000000105879230 30000000105879227 30000000105879241 30000000105879226 5.52976580795 -23.5969 28.3515 11.6427
9.51175 30000000105879227 30000000105879226 30000000105879241 30000000105879225 5.22758097313 -10.0385 -2.92619 -3.94608
9.51774 30000000105879226 30000000105879221 30000000105879241 30000000105879220 4.17683491473 -11.1833 -7.43031 -13.1825
9.53713 30000000105879221 30000000105879220 30000000105879241 30000000105879219 4.00794511147 -11.4891 -8.13995 -6.32349
9.55931 30000000105879220 30000000105879219 30000000105879241 30000000105879218 3.93726108473 -17.8829 -11.6305 -7.36793
9.58807 30000000105879219 30000000105879218 30000000105879241 30000000105879217 3.70877426464 -18.9454 -26.0651 -9.09671
9.07492 30000000105879275 30000000105879274 30000000105879280 30000000105879273 8.9079991856 -11.4176 8.64365 6.65639
9.08845 30000000105879274 30000000105879273 30000000105879280 30000000105879272 8.44947629437 -7.50749 13.1799 1.63027
9.1573 30000000105879273 30000000105879272 30000000105879280 30000000105879271 8.01217294887 -10.744 13.9775 4.96653
9.16182 30000000105879272 30000000105879271 30000000105879280 30000000105879270 7.59510714987 -5.14137 13.4443 4.71956
9.18162 30000000105879271 30000000105879269 30000000105879280 30000000105879268 7.00541704554 0.268012 9.17296 -0.406403
9.20055 30000000105879269 30000000105879265 30000000105879280 30000000105879264 6.01075739884 4.24161 1.71658 2.86811
9.28788 30000000105879265 30000000105879264 30000000105879280 30000000105879263 5.84661374788 3.7919 8.68655 2.63124
9.29951 30000000105879264 30000000105879258 30000000105879280 30000000105879257 4.42803373661 12.0745 -2.23843 -0.551797
9.56735 30000000105879258 30000000105879257 30000000105879280 30000000105879256 4.17683491473 40.9812 5.15777 -29.8668
9.67075 30000000105879257 30000000105879256 30000000105879280 30000000105879255 4.00794511147 83.7752 -20.9654 -71.2709
9.74018 30000000105879256 30000000105879254 30000000105879280 30000000105879253 3.70877426464 80.2351 -20.1612 -76.1612
9.44914 30000000105879292 30000000105879291 30000000105879301 30000000105879290 5.22758097313 -14.7331 -13.4944 10.1577
9.51575 30000000105879291 30000000105879290 30000000105879301 30000000105879289 4.99593346816 -34.1752 -31.601 9.38205
9.59059 30000000105879290 30000000105879284 30000000105879301 30000000105879283 3.49086136926 -4.4656 -19.7682 -40.2785
9.01298 30000000105879332 30000000105879331 30000000105879337 30000000105879330 6.49159774567 3.07112 -34.5339 9.08057
9.42157 30000000105879331 30000000105879322 30000000105879337 30000000105879321 4.42803373661 20.7491 13.0747 15.2834
9.14108 30000000105879510 30000000105879509 30000000105879510 30000000105879508 3.49086136926 1.2501 -9.02578 -8.71844
9.01298 30000000105879547 30000000105879546 30000000105879552 30000000105879545 5.22758097313 -2.73141 -1.29624 -10.388
9.09111 30000000105879546 30000000105879541 30000000105879552 30000000105879540 4.17683491473 -3.59231 28.0142 -26.4484
9.14108 30000000105879541 30000000105879540 30000000105879552 30000000105879539 4.00794511147 -2.00226 9.75711 -17.6916
9.04358 30000000105879948 30000000105879947 30000000105879952 30000000105879946 9.00233985416 3.8996 15.2295 -3.58179
9.12424 30000000105879947 30000000105879945 30000000105879952 30000000105879944 8.44947629437 -4.24953 13.6528 -5.18429
9.26896 30000000105879945 30000000105879944 30000000105879952 30000000105879943 8.01217294887 1.29954 16.4258 -1.78249
9.35048 30000000105879944 30000000105879943 30000000105879952 30000000105879942 7.59510714987 -7.94733 30.199 -3.34502
9.45946 30000000105879943 30000000105879942 30000000105879952 30000000105879941 7.23627606617 -9.10879 17.037 -0.643824
9.51575 30000000105879942 30000000105879941 30000000105879952 30000000105879940 7.00541704554 -3.48442 6.67553 3.49634
9.61504 30000000105879941 30000000105879940 30000000105879952 30000000105879939 6.85511726265 -0.84194 -7.66546 5.69259
9.68108 30000000105879940 30000000105879939 30000000105879952 30000000105879938 6.49159774567 8.35651 -10.58 8.05311
9.74958 30000000105879939 30000000105879938 30000000105879952 30000000105879937 6.14490120342 5.22146 -16.6088 7.04667
9.76669 30000000105879938 30000000105879937 30000000105879952 30000000105879936 6.01075739884 -7.30946 -12.681 10.5111
9.84005 30000000105879937 30000000105879936 30000000105879952 30000000105879935 5.84661374788 -16.2657 -0.995144 10.0574
9.90075 30000000105879936 30000000105879935 30000000105879952 30000000105879934 5.52976580795 -15.3035 3.24468 13.7494
9.9787 30000000105879935 30000000105879934 30000000105879952 30000000105879933 5.22758097313 -8.68863 6.01204 14.0369
10.0489 30000000105879934 30000000105879933 30000000105879952 30000000105879932 4.99593346816 -13.2411 3.64062 9.2747
10.0702 30000000105879933 30000000105879932 30000000105879952 30000000105879931 4.93938066349 -17.3194 1.23789 13.369
10.142 30000000105879932 30000000105879931 30000000105879952 30000000105879930 4.66451770247 -33.2709 4.28842 22.4369
10.4013 30000000105879931 30000000105879930 30000000105879952 30000000105879929 4.42803373661 -24.2923 42.7534 -99.357
10.4885 30000000105879930 30000000105879929 30000000105879952 30000000105879928 4.17683491473 0.453892 34.8757 -26.5164
10.6034 30000000105879929 30000000105879926 30000000105879952 30000000105879925 3.70877426464 6.4589 8.2302 -63.1146
10.6587 30000000105879926 30000000105879925 30000000105879952 30000000105879924 3.49086136926 4.45737 -11.7545 -74.4441
10.665 30000000105879925 30000000105879923 30000000105879952 30000000105879922 3.08482263583 7.63803 19.8278 -51.2085
10.7021 30000000105879923 30000000105879921 30000000105879952 30000000105879920 2.89578500573 -18.2918 35.886 -86.6327
10.717 30000000105879921 30000000105879919 30000000105879952 30000000105879918 2.5772902716 15.759 37.8071 -93.0583
9.06378 30000000105879993 30000000105879992 30000000105879999 30000000105879991 8.01217294887 0.534577 -3.65187 1.49818
9.13871 30000000105879992 30000000105879991 30000000105879999 30000000105879990 7.59510714987 1.02174 3.37036 2.30359
9.16852 30000000105879991 30000000105879990 30000000105879999 30000000105879989 7.23627606617 -1.00728 4.72538 2.87312
9.17512 30000000105879990 30000000105879989 30000000105879999 30000000105879988 7.00541704554 -0.667762 6.0793 2.94775
9.07216 30000000105880088 30000000105880087 30000000105880096 30000000105880086 8.44947629437 4.64383 2.51842 3.18245
9.13394 30000000105880087 30000000105880086 30000000105880096 30000000105880085 8.01217294887 4.79057 -0.0388016 2.09944
9.27938 30000000105880086 30000000105880085 30000000105880096 30000000105880084 7.59510714987 3.36966 -0.817528 -11.1079
9.30115 30000000105880085 30000000105880084 30000000105880096 30000000105880083 7.23627606617 4.0101 -0.129594 -11.0125
9.34165 30000000105880084 30000000105880083 30000000105880096 30000000105880082 7.00541704554 3.65537 -0.656819 -11.3672
9.35914 30000000105880083 30000000105880082 30000000105880096 30000000105880081 6.85511726265 3.63578 -0.144305 -10.6365
9.38141 30000000105880082 30000000105880081 30000000105880096 30000000105880080 6.49159774567 3.89726 -2.69158 -11.3614
9.57783 30000000105880081 30000000105880080 30000000105880096 30000000105880079 6.14490120342 -4.20145 -3.30693 2.70522
9.65874 30000000105880080 30000000105880077 30000000105880096 30000000105880076 5.52976580795 0.24933 4.04875 -6.76967
9.7354 30000000105880077 30000000105880076 30000000105880096 30000000105880075 5.22758097313 2.25218 7.70547 2.83617
9.84521 30000000105880076 30000000105880075 30000000105880096 30000000105880074 4.99593346816 10.079 24.9789 20.4746
9.85989 30000000105880075 30000000105880074 30000000105880096 30000000105880073 4.93938066349 8.88613 25.4374 22.7989
10.4904 30000000105880074 30000000105880070 30000000105880096 30000000105880069 4.00794511147 -4.8425 22.6288 -94.5934
10.5473 30000000105880070 30000000105880069 30000000105880096 30000000105879925 3.93726108473 19.7167 4.1004 -71.7089
9.05235 30000000105880104 30000000105880103 30000000105880114 30000000105880102 6.49159774567 20.2759 -14.0664 -16.8593
9.04945 30000000105880130 30000000105880129 30000000105880135 30000000105880128 4.66451770247 -5.32124 -1.15088 9.05039
9.00012 30000000105880144 30000000105880143 30000000105880144 30000000105880142 5.22758097313 -3.21874 -0.841104 27.7539
9.13634 30000000105880208 30000000105880207 30000000105880222 30000000105880206 4.42803373661 -3.7303 -5.70545 16.7486
9.03463 30000000105880225 30000000105880224 30000000105880229 30000000105880207 4.66451770247 1.6932 -12.4006 20.346
9.08578 30000000105880258 30000000105880257 30000000105880261 30000000105880256 7.00541704554 -6.78356 -2.05344 -9.72465
9.14108 30000000105880257 30000000105880256 30000000105880261 30000000105880255 6.85511726265 -6.14641 0.0939318 -9.73011
9.22845 30000000105880256 30000000105880255 30000000105880261 30000000105880254 6.49159774567 -9.12238 -5.33044 -2.57034
9.32031 30000000105880255 30000000105880254 30000000105880261 30000000105880253 6.14490120342 -14.2293 -2.71847 -1.92521
9.48479 30000000105880254 30000000105880253 30000000105880261 30000000105880252 6.01075739884 -27.4747 18.4988 -7.92187
9.57783 30000000105880253 30000000105880252 30000000105880261 30000000105880251 5.84661374788 -20.1 8.06573 -9.87628
9.11681 30000000105880379 30000000105880378 30000000105880385 30000000105880377 5.84661374788 -7.84618 -13.4257 22.8566
9.20668 30000000105880378 30000000105880377 30000000105880385 30000000105880376 5.52976580795 -9.89783 -11.7047 15.1907
9.31243 30000000105880377 30000000105880375 30000000105880385 30000000105880374 4.99593346816 -10.968 -12.1678 20.4507
9.35483 30000000105880375 30000000105880373 30000000105880385 30000000105880372 4.66451770247 -6.03847 -11.4123 23.979
9.39081 30000000105880373 30000000105880371 30000000105880385 30000000105880370 4.17683491473 -3.39086 -8.66541 19.4528
9.40131 30000000105880371 30000000105880370 30000000105880385 30000000105880369 4.00794511147 -2.08546 -8.85361 19.3831
9.42649 30000000105880370 30000000105880369 30000000105880385 30000000105880368 3.93726108473 -0.200628 -7.80392 18.936
9.00337 30000000105880436 30000000105880435 30000000105880448 30000000105880434 5.22758097313 6.74942 1.55737 3.66966
9.04653 30000000105880435 30000000105880434 30000000105880448 30000000105880433 4.99593346816 4.90993 1.63552 0.907531
9.09898 30000000105880434 30000000105880432 30000000105880448 30000000105880431 4.66451770247 1.76951 1.80934 3.78784
9.13154 30000000105880432 30000000105880429 30000000105880448 30000000105880428 4.00794511147 1.78919 -3.76971 9.06945
9.15956 30000000105880429 30000000105880428 30000000105880448 30000000105880427 3.93726108473 3.59796 -0.664156 6.51235
9.04358 30000000105881306 30000000105881305 30000000105881313 30000000105881304 9.84138043947 2.51053 -1.13733 4.64861
9.17073 30000000105881305 30000000105881304 30000000105881313 30000000105881303 9.38877127194 -1.03987 1.07037 0.719975
9.30602 30000000105881304 30000000105881301 30000000105881313 30000000105881300 8.44947629437 -2.01541 -6.45751 -2.14115
9.34609 30000000105881301 30000000105881300 30000000105881313 30000000105881299 8.01217294887 -5.78826 -2.96892 -3.52167
9.41784 30000000105881300 30000000105881299 30000000105881313 30000000105881298 7.59510714987 -4.94737 -6.64795 -1.05913
9.44211 30000000105881299 30000000105881298 30000000105881313 30000000105881297 7.23627606617 -9.54591 -2.03932 2.97477
9.51175 30000000105881298 30000000105881297 30000000105881313 30000000105881296 7.00541704554 -16.7456 -7.01082 -5.97458
9.52754 30000000105881297 30000000105881296 30000000105881313 30000000105881295 6.85511726265 -7.11419 -4.3099 0.589199
9.56201 30000000105881296 30000000105881295 30000000105881313 30000000105881294 6.49159774567 -13.7912 -8.0863 -1.57909
9.64268 30000000105881295 30000000105881294 30000000105881313 30000000105881293 6.14490120342 -15.7566 -1.18477 -0.503069
9.64564 30000000105881294 30000000105881293 30000000105881313 30000000105881292 6.01075739884 -20.5399 -3.97827 3.84122
9.68918 30000000105881293 30000000105881292 30000000105881313 30000000105881291 5.84661374788 -13.3039 -1.14764 -1.21355
9.72507 30000000105881292 30000000105881291 30000000105881313 30000000105881290 5.52976580795 -20.0489 0.690089 6.21599
9.75936 30000000105881291 30000000105881290 30000000105881313 30000000105881289 5.22758097313 -26.1165 -3.52166 0.638052
9.78475 30000000105881290 30000000105881289 30000000105881313 30000000105881288 4.99593346816 -26.2867 -0.618268 3.37257
9.78902 30000000105881289 30000000105881288 30000000105881313 30000000105881287 4.93938066349 -22.8817 -1.45733 2.45454
9.80925 30000000105881288 30000000105881287 30000000105881313 30000000105881286 4.66451770247 -22.4043 2.53263 6.58614
9.87234 30000000105881287 30000000105881286 30000000105881313 30000000105881285 4.42803373661 -21.5037 -3.72938 14.7867
10.0017 30000000105881286 30000000105881285 30000000105881313 30000000105881284 4.17683491473 -27.0785 -5.84527 16.7911
10.094 30000000105881285 30000000105881284 30000000105881313 30000000105881283 4.00794511147 -18.1476 -22.4307 3.38393
10.1193 30000000105881284 30000000105881283 30000000105881313 30000000105881282 3.93726108473 -17.0798 -27.0915 -3.10018
10.1865 30000000105881283 30000000105881282 30000000105881313 30000000105881281 3.70877426464 -15.7508 -36.1823 -14.7835
10.262 30000000105881282 30000000105881281 30000000105881313 30000000105881280 3.49086136926 -16.5622 -30.9694 20.882
10.3142 30000000105881281 30000000105881280 30000000105881313 30000000105881279 3.28303305796 -11.8583 -25.2374 57.9371
10.3384 30000000105881280 30000000105881279 30000000105881313 30000000105881278 3.08482263583 -18.6784 -17.3819 31.2514
10.3506 30000000105881279 30000000105881278 30000000105881313 30000000105881277 3.00813107163 -27.6398 -19.0502 14.6506
10.3877 30000000105881278 30000000105881277 30000000105881313 30000000105881276 2.89578500573 -21.2977 -15.4244 9.71303
10.3978 30000000105881277 30000000105881276 30000000105881313 30000000105881275 2.73314261732 -35.0863 -32.9307 -23.3257
10.4173 30000000105881276 30000000105881265 30000000105881313 30000000105881264 1.60423452207 4.70345 -20.2524 6.80369
9.02548 30000000105881336 30000000105881335 30000000105881350 30000000105881334 5.52976580795 9.01938 -4.62565 -1.61642
9.05811 30000000105881335 30000000105881334 30000000105881350 30000000105881333 5.22758097313 8.13992 -2.76038 -0.0137717
9.07492 30000000105881334 30000000105881333 30000000105881350 30000000105881332 4.99593346816 6.88863 -5.4874 -0.16027
9.09375 30000000105881333 30000000105881331 30000000105881350 30000000105881330 4.66451770247 6.46051 -5.7368 -1.07165
9.49221 30000000105881389 30000000105881388 30000000105881394 30000000105881387 8.44947629437 22.0093 9.72528 -9.71516
9.0316 30000000105881407 30000000105881406 30000000105881408 30000000105881405 6.14490120342 -1.70697 0.730128 -6.98014
9.04062 30000000105881406 30000000105881405 30000000105881408 30000000105881404 6.01075739884 -3.99481 -3.94574 -1.06121
9.08038 30000000105881405 30000000105881404 30000000105881408 30000000105881403 5.84661374788 -8.27685 -4.44159 -4.52948
9.04945 30000000105881531 30000000105881530 30000000105881546 30000000105881529 3.93726108473 9.57825 8.10028 7.13702
9.09375 30000000105881530 30000000105881529 30000000105881546 30000000105881528 3.70877426464 9.97407 10.0026 7.36849
9.19223 30000000105881529 30000000105881527 30000000105881546 30000000105881526 3.28303305796 4.22808 8.09114 8.29149
9.21072 30000000105881527 30000000105881526 30000000105881546 30000000105881525 3.08482263583 1.52434 3.36976 16.6617
9.22066 30000000105881526 30000000105881525 30000000105881546 30000000105881524 3.00813107163 3.55385 4.80096 13.5195
9.25466 30000000105881525 30000000105881520 30000000105881546 30000000105881519 2.31611074396 1.70394 -2.6493 26.8499
9.25466 30000000105881520 30000000105881519 30000000105881546 30000000105881518 2.20792547238 2.37138 -4.26533 25.7719
9.25466 30000000105881519 30000000105881516 30000000105881546 30000000105881515 1.90408954353 -5.66816 -4.73851 28.4296
9.25828 30000000105881516 30000000105881515 30000000105881546 30000000105881514 1.82268925262 -5.62206 -5.0909 29.0777
9.26365 30000000105881515 30000000105881511 30000000105881546 30000000105881510 1.53123902916 -6.89783 -2.75422 21.6898
9.27072 30000000105881511 30000000105881509 30000000105881546 30000000105881508 1.41409822037 -6.91907 -6.02232 19.1967
