logMh | fpID | subhaloID | main leaf ID | descID |  z
9.08038 21278485 21278484 21278489 21278483 10.3674435724 -0.818468 2.43458 2.20595
9.17293 21278484 21278483 21278489 21278482 9.99659046619 -0.363711 4.50062 -1.28796
9.22845 21278483 21278482 21278489 21278481 9.84138043947 0.223866 3.18034 -0.250255
9.27072 21278482 21278481 21278489 21278480 9.38877127194 0.639218 2.68774 2.83652
9.31874 21278481 21278480 21278489 21278479 9.00233985416 1.34295 4.5629 1.43025
9.34461 21278480 21278479 21278489 21278478 8.9079991856 -0.0999624 4.76178 1.50312
9.43617 21278479 21278478 21278489 21278477 8.44947629437 -1.40017 5.84977 0.277484
9.43974 21278478 21278477 21278489 21278476 8.01217294887 -1.36769 6.77556 0.947371
9.51275 21278477 21278476 21278489 21278475 7.59510714987 -1.76245 9.54654 -6.35763
9.66936 21278476 21278475 21278489 21278474 7.23627606617 9.96865 -1.36252 5.6102
9.74137 21278475 21278474 21278489 21278473 7.00541704554 6.76767 -1.729 6.01082
9.78044 21278474 21278473 21278489 21278472 6.85511726265 1.7061 2.89945 -5.86992
9.83816 21278473 21278472 21278489 21278471 6.49159774567 5.64157 0.220531 1.19421
9.97525 21278472 21278471 21278489 21278470 6.14490120342 -2.36869 15.3869 -12.3604
10.0276 21278471 21278470 21278489 21278469 6.01075739884 2.25585 15.6065 -16.8232
10.0836 21278470 21278469 21278489 21278468 5.84661374788 -2.85813 6.36697 -31.0363
10.1446 21278469 21278468 21278489 21278467 5.52976580795 14.2877 -1.26382 -33.5918
10.2547 21278468 21278467 21278489 21278466 5.22758097313 29.6958 -11.993 -27.2943
10.2959 21278467 21278466 21278489 21278465 4.99593346816 31.4483 -12.4664 -26.622
10.2972 21278466 21278465 21278489 21278464 4.93938066349 27.5172 -6.87536 -28.402
10.3986 21278465 21278464 21278489 21278463 4.66451770247 26.8246 3.2067 -34.5332
10.4185 21278464 21278463 21278489 21278462 4.42803373661 7.2124 -19.0339 -30.5181
10.473 21278463 21278462 21278489 21278461 4.17683491473 29.5441 -17.216 -31.1641
10.4975 21278462 21278461 21278489 21278460 4.00794511147 40.6677 -34.4681 -29.5978
10.5054 21278461 21278460 21278489 21278459 3.93726108473 55.3853 -23.652 -24.8059
10.549 21278460 21278459 21278489 21278458 3.70877426464 28.8548 -36.3259 -16.4118
10.6036 21278459 21278458 21278489 21278457 3.49086136926 45.0848 -15.4111 -15.0483
10.6296 21278458 21278457 21278489 21278456 3.28303305796 18.4234 -26.6181 -26.8994
10.6347 21278457 21278456 21278489 21278455 3.08482263583 13.3049 -43.9614 -30.8223
10.6453 21278456 21278455 21278489 21278454 3.00813107163 23.146 -41.2167 -35.4021
10.6522 21278455 21278454 21278489 21278453 2.89578500573 36.4318 -44.6252 -36.1208
10.6556 21278454 21278453 21278489 21278452 2.73314261732 32.9594 -44.0723 -31.0366
10.6717 21278453 21278452 21278489 21278451 2.5772902716 53.2665 -40.891 -37.0246
10.7092 21278452 21278451 21278489 21278450 2.44422570455 37.4013 -35.2199 -36.4607
10.7245 21278451 21278450 21278489 21278449 2.31611074396 40.123 -29.7623 -35.7692
10.738 21278450 21278449 21278489 21278448 2.20792547238 31.6806 -39.0671 -28.941
10.7493 21278449 21278448 21278489 21278447 2.1032696526 25.4944 -39.5187 -34.5795
10.7901 21278448 21278444 21278489 21278443 1.74357057433 68.7308 -54.6973 -24.5234
10.8157 21278444 21278443 21278489 21278442 1.66666955611 51.9199 -52.3626 -32.7194
10.8277 21278443 21278442 21278489 21278441 1.60423452207 67.8252 -65.6649 -33.3954
10.8534 21278442 21278441 21278489 21278440 1.53123902916 109.144 -86.7588 -41.3474
10.8681 21278441 21278440 21278489 21278439 1.47197484527 126.854 -97.1184 -44.1479
10.8712 21278440 21278439 21278489 21278438 1.41409822037 115.14 -91.7525 -48.1641
10.8814 21278439 21278438 21278489 21278437 1.3575766674 121.466 -90.1695 -49.9531
10.8868 21278438 21278437 21278489 21278436 1.30237845991 118.3 -94.4958 -48.357
10.8933 21278437 21278436 21278489 21278435 1.24847261425 139.934 -100.876 -53.1275
10.908 21278436 21278435 21278489 21278434 1.20625808078 146.465 -104.036 -50.6144
10.9217 21278435 21278434 21278489 21278433 1.15460271236 150.558 -112.789 -58.3649
10.9335 21278434 21278433 21278489 21278432 1.11415056377 149.03 -100.488 -52.5107
10.9455 21278433 21278432 21278489 21278431 1.07445789455 157.459 -104.359 -47.1796
10.9481 21278432 21278431 21278489 21278430 1.03551044566 144.671 -98.7458 -45.0427
10.9634 21278431 21278430 21278489 21278429 0.997294225782 147.964 -95.6559 -36.4646
10.9684 21278430 21278428 21278489 21278427 0.950531351585 158.841 -97.5611 -39.7181
10.9703 21278428 21278427 21278489 21278426 0.923000816178 158.846 -98.0236 -26.1476
10.9795 21278427 21278425 21278489 21278424 0.851470900625 155.643 -68.921 -25.57
10.9828 21278425 21278424 21278489 21278423 0.816709979012 160.92 -86.7536 -28.5892
10.9874 21278424 21278420 21278489 21278419 0.700106353719 135.369 -61.1257 -21.8495
10.9892 21278420 21278419 21278489 21278418 0.676110411213 129.555 -60.4859 -24.5424
10.9937 21278419 21278418 21278489 21278417 0.644641840685 128.616 -55.0048 -24.347
10.9981 21278418 21278417 21278489 21278416 0.621428745243 134.842 -50.1452 -29.4117
11.0041 21278417 21278416 21278489 21278415 0.598543288188 164.114 -60.3038 -45.4252
11.0062 21278416 21278415 21278489 21278414 0.575980845108 151.4 -46.5324 -35.6994
11.0143 21278415 21278414 21278489 21278413 0.546392183141 147.535 -44.8794 -34.4808
11.0185 21278414 21278413 21278489 21278412 0.524565820434 143.797 -39.7736 -36.1722
11.0259 21278413 21278412 21278489 21278411 0.503047523245 138.31 -35.4871 -36.8579
11.0265 21278412 21278409 21278489 21278408 0.440297849248 149.783 -41.809 -20.418
11.0329 21278409 21278408 21278489 21278407 0.419968941997 161.292 -32.0794 -25.0907
11.0364 21278408 21278407 21278489 21278406 0.399926964614 153.829 -28.5429 -34.6892
11.04 21278407 21278406 21278489 21278405 0.38016786726 155.037 -32.2419 -31.9218
11.0445 21278406 21278405 21278489 21278404 0.360687657262 160.781 -28.7736 -16.1903
11.0457 21278405 21278404 21278489 21278403 0.347853841858 164.908 -26.5981 -29.6325
11.0532 21278404 21278402 21278489 21278401 0.310074120128 167.657 -32.987 -12.3237
11.0627 21278402 21278399 21278489 21278398 0.261343256161 168.096 -43.2165 8.47776
11.0692 21278399 21278396 21278489 21278395 0.214425035514 174.177 -49.4545 16.4276
11.0699 21278396 21278393 21278489 21278392 0.169252033244 199.443 -55.4602 41.3372
11.0718 21278393 21278390 21278489 21278389 0.125759332411 183.112 -62.4076 53.6932
11.0734 21278390 21278389 21278489 21278388 0.109869940459 191.071 -51.0358 55.0457
11.0755 21278389 21278388 21278489 21278387 0.0994018026302 192.229 -50.8563 60.0365
11.082 21278388 21278387 21278489 21278386 0.0838844307975 195.588 -45.4189 63.2835
11.0858 21278387 21278386 21278489 21278385 0.0736613846564 187.656 -51.1401 60.2105
11.0885 21278386 21278380 21278489 -1 2.22044604925e-16 195.053 -17.3457 68.2453
9.24548 21278639 21278638 21278648 21278637 5.52976580795 2.27912 6.87595 -4.53573
9.39346 21278638 21278637 21278648 21278636 5.22758097313 27.4659 -6.33316 -1.10562
9.42649 21278637 21278636 21278648 21278635 4.99593346816 24.3849 -1.9847 -1.38926
9.43015 21278636 21278635 21278648 21278634 4.93938066349 28.0402 0.0669516 -2.07963
9.22066 21278652 21278651 21278661 21278650 6.14490120342 -1.8293 5.6323 -4.14992
9.0098 21278695 21278694 21278704 21278693 7.00541704554 4.18833 -2.01301 0.97507
9.07216 21278694 21278693 21278704 21278692 6.85511726265 5.19768 -1.69085 2.52521
9.11431 21278693 21278692 21278704 21278691 6.49159774567 3.76474 -0.213876 1.67027
9.18162 21278692 21278691 21278704 21278690 6.14490120342 9.02169 -2.77224 1.07898
9.19223 21278691 21278690 21278704 21278689 6.01075739884 6.29918 -0.501498 1.42498
9.21869 21278690 21278689 21278704 21278688 5.84661374788 4.71791 -1.12353 1.70287
9.2672 21278689 21278688 21278704 21278687 5.52976580795 6.05944 -5.95994 2.52017
9.03763 21278826 21278825 21278838 21278824 4.66451770247 0.626631 16.989 -3.45056
9.18589 21278825 21278822 21278838 21278821 4.00794511147 -6.89775 2.51119 3.58761
9.34902 21278822 21278819 21278838 21278818 3.49086136926 11.3722 9.03036 -4.3207
9.37181 21278819 21278818 21278838 21278817 3.28303305796 10.7601 8.01913 -2.5817
9.46285 21278818 21278816 21278838 21278815 3.00813107163 3.99735 13.0951 -17.2093
9.51074 21278816 21278815 21278838 21278814 2.89578500573 8.80931 24.5309 -42.7508
9.53332 21278815 21278814 21278838 21278813 2.73314261732 14.9397 17.5391 -45.6921
9.56823 21278814 21278812 21278838 21278811 2.44422570455 17.7952 15.1822 -52.896
9.60381 21278812 21278810 21278838 21278809 2.20792547238 -0.151241 12.2854 -60.2746
9.61504 21278810 21278809 21278838 21278808 2.1032696526 0.0929166 17.2341 -65.6793
9.66584 21278809 21278808 21278838 21278807 2.00202813925 -10.1108 9.36172 -70.3301
9.66936 21278808 21278807 21278838 21278806 1.90408954353 -18.8028 8.62901 -66.3585
9.72012 21278807 21278806 21278838 21278805 1.82268925262 -14.5971 19.1335 -68.2271
9.08845 21279005 21279004 21279013 21279003 3.28303305796 12.4204 -15.3531 13.9391
9.19433 21279004 21278999 21279013 21278998 2.5772902716 16.1355 -28.1895 16.7915
9.21472 21278999 21278990 21279013 21278989 1.66666955611 25.6881 -6.95385 35.5674
9.01298 21279172 21279171 21279187 21279170 3.00813107163 -8.07114 -4.35124 -5.78705
9.02855 21279171 21279170 21279187 21279169 2.89578500573 -8.16616 -4.88996 -4.07267
9.05235 21279170 21279169 21279187 21279168 2.73314261732 -3.9385 -2.88025 -2.48894
9.11681 21279169 21279167 21279187 21279166 2.44422570455 -3.78847 -8.93501 -5.51926
9.13154 21279167 21279164 21279187 21279163 2.1032696526 -8.11104 -4.15343 -1.77014
9.14344 21279164 21279153 21279187 21279152 1.30237845991 -10.6822 10.1456 12.5474
