logMh | fpID | subhaloID | main leaf ID | descID |  z
9.02548 90000509400000085 90000509400000084 90000509400000094 90000509400000083 4.99593346816 3.34051 5.88161 3.3907
9.08038 90000509400000084 90000509400000083 90000509400000094 90000509400000082 4.93938066349 -2.29983 1.66384 -0.649505
9.2811 90000509400000083 90000509400000082 90000509400000094 90000509400000081 4.66451770247 10.5058 6.38314 6.22885
9.43257 90000509400000082 90000509400000081 90000509400000094 90000509400000080 4.42803373661 25.5009 4.56983 -18.0446
9.47941 90000509400000081 90000509400000077 90000509400000094 90000509400000076 3.70877426464 26.7194 7.63803 -16.6961
9.66584 90000509400000077 90000509400000073 90000509400000094 90000509400000072 2.89578500573 7.5407 2.44523 -15.4483
9.72445 90000509400000073 90000509400000072 90000509400000094 90000509400000071 2.73314261732 -7.77291 -12.8096 -5.38272
9.89538 90000509400000072 90000509400000071 90000509400000094 90000509400000070 2.5772902716 -13.4149 -13.6421 -36.1765
9.99979 90000509400000071 90000509400000070 90000509400000094 90000509400000069 2.44422570455 -47.1168 -51.1232 -50.582
10.0638 90000509400000070 90000509400000069 90000509400000094 90000509400000068 2.31611074396 -59.5612 -56.2178 -33.314
10.0911 90000509400000069 90000509400000068 90000509400000094 90000509400000067 2.20792547238 -61.2219 -51.3101 -27.8386
10.1267 90000509400000068 90000509400000067 90000509400000094 90000509400000066 2.1032696526 -42.6845 -30.5159 -30.4222
10.1568 90000509400000067 90000509400000066 90000509400000094 90000509400000065 2.00202813925 -35.5881 -27.7273 -34.3887
10.1958 90000509400000066 90000509400000065 90000509400000094 90000509400000064 1.90408954353 -26.8538 -31.872 -52.2327
10.2647 90000509400000065 90000509400000064 90000509400000094 90000509400000063 1.82268925262 -27.4615 -35.5605 -49.1984
10.3905 90000509400000064 90000509400000063 90000509400000094 90000509400000062 1.74357057433 4.11983 13.5401 -41.8423
10.4312 90000509400000063 90000509400000062 90000509400000094 90000509400000061 1.66666955611 -11.8054 2.51889 -38.765
10.5182 90000509400000062 90000509400000061 90000509400000094 90000509400000060 1.60423452207 2.31039 18.1917 -58.2905
10.6527 90000509400000061 90000509400000060 90000509400000094 90000509400000059 1.53123902916 9.60378 15.8635 -84.0078
10.6984 90000509400000060 90000509400000059 90000509400000094 90000509400000058 1.41409822037 28.3368 6.10611 -115.174
10.7793 90000509400000059 90000509400000057 90000509400000094 90000509400000056 1.30237845991 37.3704 2.00004 -118.003
10.8034 90000509400000057 90000509400000056 90000509400000094 90000509400000055 1.24847261425 34.4975 -17.9059 -131.544
10.8166 90000509400000056 90000509400000055 90000509400000094 90000509400000054 1.20625808078 57.6975 -24.3907 -139.789
10.8264 90000509400000055 90000509400000054 90000509400000094 90000509400000053 1.15460271236 61.7731 -30.0749 -144.194
10.827 90000509400000054 90000509400000052 90000509400000094 90000509400000051 1.07445789455 44.082 -44.8533 -135.03
10.8299 90000509400000052 90000509400000051 90000509400000094 90000509400000050 1.03551044566 35.0421 -43.1099 -131.027
10.8429 90000509400000051 90000509400000050 90000509400000094 90000509400000049 0.997294225782 43.2613 -50.3832 -139.084
10.8474 90000509400000050 90000509400000049 90000509400000094 90000509400000048 0.987852810816 35.8027 -57.7501 -136.851
10.8479 90000509400000049 90000509400000042 90000509400000094 90000509400000041 0.757441372616 -52.0001 -26.8351 -87.3005
10.8564 90000509400000042 90000509400000041 90000509400000094 90000509400000040 0.732636182022 -30.391 -52.982 -92.1866
10.8712 90000509400000041 90000509400000040 90000509400000094 90000509400000039 0.700106353719 -73.8289 -48.6609 -78.3931
10.8796 90000509400000040 90000509400000039 90000509400000094 90000509400000038 0.676110411213 -65.9812 -39.8184 -67.3335
10.919 90000509400000039 90000509400000038 90000509400000094 90000509400000037 0.644641840685 -124.879 -55.7585 -51.0656
10.9283 90000509400000038 90000509400000037 90000509400000094 90000509400000036 0.621428745243 -104.237 -59.6775 -82.908
10.935 90000509400000037 90000509400000036 90000509400000094 90000509400000035 0.598543288188 -127.224 -61.7641 -83.0214
10.9537 90000509400000036 90000509400000035 90000509400000094 90000509400000034 0.575980845108 -123.048 -52.1503 -118.841
10.9786 90000509400000035 90000509400000034 90000509400000094 90000509400000033 0.546392183141 -163.048 -43.9342 -74.8861
10.9937 90000509400000034 90000509400000033 90000509400000094 90000509400000032 0.524565820434 -179.255 -51.6831 -76.9167
11.0026 90000509400000033 90000509400000030 90000509400000094 90000509400000029 0.460917794181 -153.459 -25.9271 -66.6519
11.0223 90000509400000030 90000509400000029 90000509400000094 90000509400000028 0.440297849248 -193.128 -37.8352 -59.3393
11.0288 90000509400000029 90000509400000028 90000509400000094 90000509400000027 0.419968941997 -154.297 -23.908 -56.2599
11.0551 90000509400000028 90000509400000027 90000509400000094 90000509400000026 0.399926964614 -195.951 -25.3384 -12.7937
11.0642 90000509400000027 90000509400000026 90000509400000094 90000509400000025 0.38016786726 -202.809 -43.1762 -10.6753
11.0756 90000509400000026 90000509400000025 90000509400000094 90000509400000024 0.360687657262 -209.516 -51.1859 -17.2992
11.0801 90000509400000025 90000509400000023 90000509400000094 90000509400000022 0.328829724206 -209.637 -49.7401 -24.6371
11.0829 90000509400000023 90000509400000018 90000509400000094 90000509400000017 0.243540181555 -133.521 -31.1307 -43.2092
11.0935 90000509400000018 90000509400000017 90000509400000094 90000509400000016 0.22598838626 -148.21 -30.274 -45.8622
11.101 90000509400000017 90000509400000016 90000509400000094 90000509400000015 0.214425035514 -174.274 -41.1907 -45.5313
11.1017 90000509400000016 90000509400000014 90000509400000094 90000509400000013 0.180385261706 -176.295 -42.5849 -29.9116
11.1038 90000509400000014 90000509400000013 90000509400000094 90000509400000012 0.169252033244 -175.925 -51.056 -64.4859
11.1053 90000509400000013 90000509400000011 90000509400000094 90000509400000010 0.14187620397 -172.954 -43.349 -45.4156
11.1059 90000509400000011 90000509400000008 90000509400000094 90000509400000007 0.0994018026302 -176.076 -32.3389 -51.1943
11.1076 90000509400000008 90000509400000007 90000509400000094 90000509400000006 0.0838844307975 -164.258 -33.4701 -51.3536
11.1138 90000509400000007 90000509400000004 90000509400000094 90000509400000003 0.0485236299818 -163.619 -20.9759 -51.2788
11.1164 90000509400000004 90000509400000002 90000509400000094 90000509400000001 0.0239744283828 -170.011 -10.9636 -49.8356
9.02239 90000509400000103 90000509400000102 90000509400000111 90000509400000101 4.17683491473 -4.76089 -7.36024 -5.23504
9.43856 90000509400000102 90000509400000098 90000509400000111 90000509400000097 3.49086136926 24.3489 4.3525 -0.0573502
9.60462 90000509400000098 90000509400000097 90000509400000111 90000509400000096 3.28303305796 19.1969 -0.613189 -23.4776
9.66443 90000509400000097 90000509400000096 90000509400000111 90000509400000095 3.08482263583 6.8261 3.7732 -22.1768
9.10157 90000509400000146 90000509400000145 90000509400000156 90000509400000144 4.99593346816 -4.75932 9.08896 9.74309
9.12424 90000509400000145 90000509400000144 90000509400000156 90000509400000143 4.93938066349 -3.49341 8.0512 2.71182
9.12668 90000509400000144 90000509400000143 90000509400000156 90000509400000142 4.66451770247 -4.50893 3.8223 1.53011
9.14108 90000509400000143 90000509400000142 90000509400000156 90000509400000141 4.42803373661 -3.28435 2.73408 0.102425
9.23037 90000509400000142 90000509400000140 90000509400000156 90000509400000139 4.00794511147 -2.99319 0.940683 -6.28296
9.2828 90000509400000140 90000509400000139 90000509400000156 90000509400000138 3.93726108473 2.69343 4.96968 -5.27754
9.57783 90000509400000139 90000509400000138 90000509400000156 90000509400000137 3.70877426464 -42.2481 -17.3171 -21.9247
9.66159 90000509400000138 90000509400000137 90000509400000156 90000509400000136 3.49086136926 -29.963 -15.3479 -17.6762
9.69118 90000509400000137 90000509400000136 90000509400000156 90000509400000135 3.28303305796 -20.3688 -9.32506 -8.55385
9.14578 90000509400000218 90000509400000217 90000509400000230 90000509400000216 4.66451770247 -0.251548 1.67226 -3.69681
9.14811 90000509400000217 90000509400000216 90000509400000230 90000509400000215 4.42803373661 -1.38213 3.48591 -4.71292
9.18589 90000509400000216 90000509400000215 90000509400000230 90000509400000214 4.17683491473 -1.12104 5.05891 -6.33343
9.26365 90000509400000215 90000509400000214 90000509400000230 90000509400000213 4.00794511147 8.98163 4.51333 4.14917
9.26365 90000509400000214 90000509400000213 90000509400000230 90000509400000212 3.93726108473 9.21207 5.01808 3.66513
9.30923 90000509400000213 90000509400000212 90000509400000230 90000509400000211 3.70877426464 9.28091 7.97057 1.52639
9.35194 90000509400000212 90000509400000211 90000509400000230 90000509400000210 3.49086136926 15.1861 6.51388 5.03983
9.37732 90000509400000211 90000509400000210 90000509400000230 90000509400000209 3.28303305796 8.26573 1.39058 3.26121
9.38141 90000509400000210 90000509400000208 90000509400000230 90000509400000207 3.00813107163 10.6933 2.02487 2.51685
9.39346 90000509400000208 90000509400000206 90000509400000230 90000509400000205 2.73314261732 19.0947 3.09081 -3.10793
9.06096 90000509400000256 90000509400000255 90000509400000265 90000509400000254 5.22758097313 -2.62434 -0.601093 -0.617727
9.1193 90000509400000255 90000509400000254 90000509400000265 90000509400000253 4.99593346816 -4.00038 -2.70641 7.27219
9.14108 90000509400000254 90000509400000253 90000509400000265 90000509400000252 4.93938066349 -9.45811 -2.71521 7.85406
9.2026 90000509400000253 90000509400000252 90000509400000265 90000509400000251 4.66451770247 -5.70623 -1.90008 6.47797
9.25101 90000509400000252 90000509400000251 90000509400000265 90000509400000250 4.42803373661 -5.50182 -2.6248 5.36896
9.29951 90000509400000251 90000509400000250 90000509400000265 90000509400000249 4.17683491473 -4.23855 -1.75202 7.00625
9.35194 90000509400000250 90000509400000249 90000509400000265 90000509400000248 4.00794511147 -5.7325 -0.759085 6.70999
9.35914 90000509400000249 90000509400000248 90000509400000265 90000509400000247 3.93726108473 -7.63084 1.0899 5.54649
9.39871 90000509400000248 90000509400000247 90000509400000265 90000509400000246 3.70877426464 -8.4649 0.698402 7.33649
9.44329 90000509400000247 90000509400000246 90000509400000265 90000509400000245 3.49086136926 -9.3261 1.43112 10.6221
9.47832 90000509400000246 90000509400000244 90000509400000265 90000509400000243 3.08482263583 -10.0061 -1.77052 22.0872
9.49536 90000509400000244 90000509400000242 90000509400000265 90000509400000241 2.89578500573 -12.5153 0.171738 27.8972
9.00337 90000509400000301 90000509400000300 90000509400000309 90000509400000299 6.85511726265 7.20986 2.32759 8.53966
9.05235 90000509400000300 90000509400000299 90000509400000309 90000509400000298 6.49159774567 8.14961 2.99812 8.35086
9.07216 90000509400000299 90000509400000298 90000509400000309 90000509400000297 6.14490120342 5.50665 5.62034 0.945455
9.12668 90000509400000298 90000509400000297 90000509400000309 90000509400000296 6.01075739884 3.61908 1.07226 4.24575
9.14811 90000509400000297 90000509400000296 90000509400000309 90000509400000295 5.84661374788 4.37782 1.84863 5.08696
9.17293 90000509400000296 90000509400000295 90000509400000309 90000509400000294 5.52976580795 2.69874 3.20048 4.75019
9.24918 90000509400000295 90000509400000294 90000509400000309 90000509400000293 5.22758097313 3.48392 2.85216 2.43569
9.34016 90000509400000294 90000509400000293 90000509400000309 90000509400000292 4.99593346816 -9.21756 -9.53987 16.9409
9.4503 90000509400000293 90000509400000292 90000509400000309 90000509400000291 4.93938066349 -3.34858 -6.74393 25.7531
9.53428 90000509400000292 90000509400000291 90000509400000309 90000509400000290 4.66451770247 -9.60153 0.704753 18.0708
9.69051 90000509400000291 90000509400000289 90000509400000309 90000509400000288 4.17683491473 -48.8298 -4.94397 12.0265
9.69184 90000509400000289 90000509400000288 90000509400000309 90000509400000287 4.00794511147 -43.0077 -3.1949 3.15672
9.76388 90000509400000288 90000509400000286 90000509400000309 90000509400000285 3.70877426464 -63.4144 -14.6242 -20.3843
9.86882 90000509400000286 90000509400000285 90000509400000309 90000509400000284 3.49086136926 -60.4576 -2.27595 -15.1363
9.95108 90000509400000285 90000509400000284 90000509400000309 90000509400000283 3.28303305796 -69.216 0.404683 -5.62137
10.0552 90000509400000284 90000509400000283 90000509400000309 90000509400000282 3.08482263583 -73.3208 -4.8816 5.71617
10.0749 90000509400000283 90000509400000282 90000509400000309 90000509400000281 3.00813107163 -79.8964 0.711596 10.8384
10.1235 90000509400000282 90000509400000281 90000509400000309 90000509400000280 2.89578500573 -88.8217 -8.93241 2.02953
10.1401 90000509400000281 90000509400000280 90000509400000309 90000509400000279 2.73314261732 -90.9251 -4.06425 10.9053
10.1985 90000509400000280 90000509400000279 90000509400000309 90000509400000278 2.5772902716 -72.421 -18.1495 -12.1447
9.08309 90000509400000348 90000509400000347 90000509400000356 90000509400000346 5.22758097313 8.31783 5.52282 1.96134
9.15273 90000509400000347 90000509400000346 90000509400000356 90000509400000345 4.99593346816 15.5598 7.90667 -6.49534
9.16182 90000509400000346 90000509400000343 90000509400000356 90000509400000342 4.42803373661 3.67814 4.37883 -3.17299
9.06378 90000509400000395 90000509400000394 90000509400000403 90000509400000393 5.52976580795 1.95466 -2.38737 6.53348
9.07216 90000509400000394 90000509400000393 90000509400000403 90000509400000392 5.22758097313 0.370122 -1.932 4.97255
9.16852 90000509400000393 90000509400000392 90000509400000403 90000509400000391 4.99593346816 2.74315 -2.22963 5.70665
9.17946 90000509400000392 90000509400000391 90000509400000403 90000509400000390 4.93938066349 2.44494 -3.48508 4.86797
9.18802 90000509400000391 90000509400000390 90000509400000403 90000509400000389 4.66451770247 0.0141785 -3.94294 7.8754
9.22457 90000509400000390 90000509400000389 90000509400000403 90000509400000388 4.42803373661 3.89566 -4.27604 9.50148
9.26365 90000509400000389 90000509400000388 90000509400000403 90000509400000387 4.17683491473 5.69019 -4.5594 6.87143
9.06378 90000509400000420 90000509400000419 90000509400000420 90000509400000418 1.41409822037 3.65626 11.9565 1.10218
10.7362 90000509400000419 90000509400000418 90000509400000420 90000509400000057 1.3575766674 45.8388 8.49683 -126.701
9.02855 90000509400000620 90000509400000619 90000509400000626 90000509400000618 6.14490120342 2.34352 -0.896567 0.809022
9.02855 90000509400000619 90000509400000618 90000509400000626 90000509400000617 6.01075739884 1.90641 -1.26032 0.908635
9.09637 90000509400000618 90000509400000617 90000509400000626 90000509400000616 5.84661374788 1.08292 -2.92327 1.71576
9.15502 90000509400000617 90000509400000616 90000509400000626 90000509400000615 5.52976580795 4.84473 -2.44682 1.84725
9.20055 90000509400000616 90000509400000615 90000509400000626 90000509400000614 5.22758097313 6.09958 -1.6744 2.18594
9.25828 90000509400000615 90000509400000614 90000509400000626 90000509400000613 4.99593346816 4.88117 -6.70799 4.42193
9.26543 90000509400000614 90000509400000613 90000509400000626 90000509400000612 4.93938066349 5.95267 -6.16899 4.3268
9.38005 90000509400000613 90000509400000612 90000509400000626 90000509400000611 4.66451770247 -5.61933 -18.9942 6.005
9.39609 90000509400000612 90000509400000610 90000509400000626 90000509400000609 4.17683491473 5.87071 -3.25113 1.00002
9.47286 90000509400000610 90000509400000609 90000509400000626 90000509400000608 4.00794511147 1.2134 -8.89565 2.48551
9.53044 90000509400000609 90000509400000606 90000509400000626 90000509400000605 3.49086136926 4.56573 -13.0184 -1.34821
9.6182 90000509400000606 90000509400000605 90000509400000626 90000509400000604 3.28303305796 12.8594 -15.6744 5.61278
9.67145 90000509400000605 90000509400000604 90000509400000626 90000509400000603 3.08482263583 8.58879 -29.4607 1.76431
9.69778 90000509400000604 90000509400000603 90000509400000626 90000509400000602 3.00813107163 5.85411 -31.4205 0.621304
9.74196 90000509400000603 90000509400000601 90000509400000626 90000509400000600 2.73314261732 3.11165 -30.5308 3.68837
9.77772 90000509400000601 90000509400000600 90000509400000626 90000509400000599 2.5772902716 9.39141 -20.9764 3.78845
9.78582 90000509400000600 90000509400000599 90000509400000626 90000509400000598 2.44422570455 13.3025 -20.7398 0.160939
9.79429 90000509400000599 90000509400000598 90000509400000626 90000509400000597 2.31611074396 8.32744 -23.3423 -3.65168
9.79534 90000509400000598 90000509400000592 90000509400000626 90000509400000591 1.74357057433 -9.58955 -9.07813 0.766982
9.79899 90000509400000592 90000509400000591 90000509400000626 90000509400000590 1.66666955611 -4.66332 -5.82127 4.48099
9.80054 90000509400000591 90000509400000590 90000509400000626 90000509400000589 1.60423452207 1.48717 -8.34513 0.0869027
9.02548 90000509400000900 90000509400000899 90000509400000908 90000509400000898 6.14490120342 2.9598 7.76664 0.341523
9.06096 90000509400000899 90000509400000898 90000509400000908 90000509400000897 6.01075739884 6.81002 8.21589 2.67597
9.07766 90000509400000898 90000509400000897 90000509400000908 90000509400000896 5.84661374788 6.33263 9.87067 0.0320646
9.11179 90000509400000897 90000509400000896 90000509400000908 90000509400000895 5.52976580795 8.54859 10.3463 -1.14892
9.29457 90000509400000896 90000509400000895 90000509400000908 90000509400000894 5.22758097313 -3.44613 2.07004 -4.77825
9.34016 90000509400000895 90000509400000894 90000509400000908 90000509400000893 4.99593346816 -13.1028 -2.64948 -5.10948
9.34313 90000509400000894 90000509400000893 90000509400000908 90000509400000892 4.93938066349 -13.2594 -2.07229 -7.13043
9.36199 90000509400000893 90000509400000892 90000509400000908 90000509400000891 4.66451770247 -9.91731 4.23781 -11.9321
9.38681 90000509400000892 90000509400000890 90000509400000908 90000509400000889 4.17683491473 -6.32537 4.03388 -0.173402
9.4964 90000509400000890 90000509400000889 90000509400000908 90000509400000888 4.00794511147 -6.5906 -2.60242 1.67444
9.51275 90000509400000889 90000509400000888 90000509400000908 90000509400000887 3.93726108473 -7.23569 -3.22391 1.35025
9.55387 90000509400000888 90000509400000887 90000509400000908 90000509400000886 3.70877426464 -6.50596 2.83168 3.30842
9.64638 90000509400000887 90000509400000886 90000509400000908 90000509400000885 3.49086136926 -13.7434 -5.27273 4.00389
9.67075 90000509400000886 90000509400000885 90000509400000908 90000509400000884 3.28303305796 -12.1463 -2.28567 -0.131636
9.736 90000509400000885 90000509400000884 90000509400000908 90000509400000883 3.08482263583 -14.4596 -0.215921 0.0085332
9.75879 90000509400000884 90000509400000883 90000509400000908 90000509400000882 3.00813107163 -13.335 -1.73543 27.9103
9.79008 90000509400000883 90000509400000881 90000509400000908 90000509400000880 2.73314261732 -11.6927 2.78618 18.2194
9.84568 90000509400000881 90000509400000880 90000509400000908 90000509400000879 2.5772902716 -3.76232 8.44133 31.3881
9.88316 90000509400000880 90000509400000879 90000509400000908 90000509400000878 2.44422570455 13.5592 9.55175 47.0048
9.89828 90000509400000879 90000509400000878 90000509400000908 90000509400000877 2.31611074396 14.7009 8.46401 44.3952
9.90888 90000509400000878 90000509400000877 90000509400000908 90000509400000876 2.20792547238 13.6193 10.8608 43.2058
9.92159 90000509400000877 90000509400000876 90000509400000908 90000509400000875 2.1032696526 16.9298 8.68494 42.7298
9.92509 90000509400000876 90000509400000873 90000509400000908 90000509400000872 1.82268925262 9.71275 9.4563 38.4388
9.93088 90000509400000873 90000509400000872 90000509400000908 90000509400000871 1.74357057433 14.9299 5.50788 41.4073
9.94035 90000509400000872 90000509400000871 90000509400000908 90000509400000870 1.66666955611 13.254 -3.39759 39.1092
9.96334 90000509400000871 90000509400000869 90000509400000908 90000509400000868 1.53123902916 22.1605 -22.4909 41.7222
9.99187 90000509400000869 90000509400000868 90000509400000908 90000509400000867 1.47197484527 20.6186 -32.379 38.5486
10.0264 90000509400000868 90000509400000867 90000509400000908 90000509400000866 1.41409822037 21.0288 -32.1929 38.0255
10.0793 90000509400000867 90000509400000866 90000509400000908 90000509400000865 1.3575766674 24.6395 -44.1632 46.4852
10.1525 90000509400000866 90000509400000865 90000509400000908 90000509400000864 1.30237845991 47.8624 -71.9378 47.4103
10.1964 90000509400000865 90000509400000864 90000509400000908 90000509400000863 1.24847261425 50.0205 -62.0793 59.788
10.2167 90000509400000864 90000509400000863 90000509400000908 90000509400000862 1.20625808078 51.9302 -65.8552 56.5397
9.01928 90000509400000948 90000509400000947 90000509400000962 90000509400000946 4.00794511147 6.83117 -3.61906 -3.57129
9.04358 90000509400000947 90000509400000946 90000509400000962 90000509400000945 3.93726108473 10.3969 1.44178 1.30437
9.04653 90000509400000946 90000509400000945 90000509400000962 90000509400000944 3.70877426464 2.13681 -0.804227 6.76501
9.12424 90000509400000945 90000509400000944 90000509400000962 90000509400000943 3.49086136926 -1.41257 2.48697 -1.70206
9.0098 90000509400001026 90000509400001025 90000509400001046 90000509400001024 3.28303305796 2.32674 1.99184 -0.7536
9.01298 90000509400001025 90000509400001021 90000509400001046 90000509400001020 2.73314261732 3.03518 0.0961358 -3.88634
9.0316 90000509400001021 90000509400001019 90000509400001046 90000509400001018 2.44422570455 5.95502 0.879529 0.322908
9.2929 90000509400001019 90000509400001016 90000509400001046 90000509400001015 2.1032696526 -2.51434 0.0558539 24.7639
9.3634 90000509400001016 90000509400001015 90000509400001046 90000509400001014 2.00202813925 -8.68506 2.49144 25.2441
9.46955 90000509400001015 90000509400001014 90000509400001046 90000509400001013 1.90408954353 -0.587926 5.93292 24.4811
9.50363 90000509400001014 90000509400001012 90000509400001046 90000509400001011 1.74357057433 -2.23531 15.8044 18.7239
9.12424 90000509400001054 90000509400001053 90000509400001071 90000509400001052 2.73314261732 -7.40477 0.151755 1.05166
9.1663 90000509400001053 90000509400001052 90000509400001071 90000509400001051 2.5772902716 -12.627 2.16025 2.90685
9.26008 90000509400001052 90000509400001050 90000509400001071 90000509400001049 2.31611074396 -12.9481 1.94849 4.95274
9.28788 90000509400001050 90000509400001049 90000509400001071 90000509400001048 2.20792547238 -10.0872 2.88311 8.80653
9.05524 90000509400001103 90000509400001102 90000509400001115 90000509400001101 2.5772902716 9.6833 -5.92043 -4.45194
9.06096 90000509400001102 90000509400001101 90000509400001115 90000509400001100 2.44422570455 6.99984 -5.68813 -2.44871
9.15042 90000509400001101 90000509400001099 90000509400001115 90000509400001098 2.20792547238 3.33949 -14.4701 5.71437
9.16407 90000509400001099 90000509400001098 90000509400001115 90000509400001097 2.1032696526 6.22509 -15.0786 3.58116
9.18162 90000509400001098 90000509400001097 90000509400001115 90000509400001096 2.00202813925 2.80345 -17.5197 3.95853
9.18802 90000509400001097 90000509400001096 90000509400001115 90000509400001095 1.90408954353 3.49267 -15.7202 1.97836
9.22066 90000509400001096 90000509400001095 90000509400001115 90000509400001094 1.82268925262 1.31382 -14.776 3.93262
9.22457 90000509400001095 90000509400001094 90000509400001115 90000509400001093 1.74357057433 -7.61347 -21.4467 5.33968
9.26365 90000509400001094 90000509400001093 90000509400001115 90000509400001092 1.66666955611 2.33516 -15.1666 7.48099
