logMh | fpID | subhaloID | main leaf ID | descID |  z
9.04062 80000312100000092 80000312100000091 80000312100000097 80000312100000090 6.14490120342 -11.7965 -7.7044 0.814761
9.14108 80000312100000091 80000312100000090 80000312100000097 80000312100000089 6.01075739884 -6.84474 -13.088 0.837528
9.16407 80000312100000090 80000312100000088 80000312100000097 80000312100000087 5.52976580795 -2.42019 -17.2856 2.14177
9.24175 80000312100000088 80000312100000087 80000312100000097 80000312100000086 5.22758097313 -1.00772 -16.5225 -0.202594
9.43015 80000312100000087 80000312100000086 80000312100000097 80000312100000085 4.99593346816 -6.86435 -6.82697 -2.16844
9.43974 80000312100000086 80000312100000085 80000312100000097 80000312100000084 4.93938066349 -3.79172 -5.12779 -0.981328
9.66584 80000312100000085 80000312100000084 80000312100000097 80000312100000083 4.66451770247 -4.57571 4.82338 33.9688
9.74018 80000312100000084 80000312100000083 80000312100000097 80000312100000082 4.42803373661 -1.7563 7.85045 41.3985
9.83673 80000312100000083 80000312100000082 80000312100000097 80000312100000081 4.17683491473 -9.49963 24.8863 49.5901
9.95472 80000312100000082 80000312100000081 80000312100000097 80000312100000080 4.00794511147 -51.8314 58.6053 84.8915
10.1021 80000312100000081 80000312100000080 80000312100000097 80000312100000079 3.93726108473 -54.1007 73.4776 62.7936
10.2363 80000312100000080 80000312100000079 80000312100000097 80000312100000078 3.70877426464 -92.5653 113.69 39.577
10.3343 80000312100000079 80000312100000078 80000312100000097 80000312100000077 3.49086136926 -123.026 101.172 21.1008
10.3719 80000312100000078 80000312100000077 80000312100000097 80000312100000076 3.28303305796 -120.514 90.9117 29.4492
10.3742 80000312100000077 80000312100000075 80000312100000097 80000312100000074 3.00813107163 -108.778 89.3832 47.174
10.3913 80000312100000075 80000312100000074 80000312100000097 80000312100000073 2.89578500573 -85.5545 74.3462 9.85473
10.4191 80000312100000074 80000312100000073 80000312100000097 80000312100000072 2.73314261732 -66.4386 144.538 19.0377
10.4622 80000312100000073 80000312100000072 80000312100000097 80000312100000071 2.5772902716 -117.459 133.62 -1.35092
10.4747 80000312100000072 80000312100000068 80000312100000097 80000312100000067 2.1032696526 -150.623 149.364 -14.1876
10.5052 80000312100000068 80000312100000067 80000312100000097 80000312100000066 2.00202813925 -154.475 128.132 29.1103
10.519 80000312100000067 80000312100000066 80000312100000097 80000312100000065 1.90408954353 -153.693 97.2511 10.5694
10.5588 80000312100000066 80000312100000065 80000312100000097 80000312100000064 1.82268925262 -155.773 115.537 4.79804
10.5629 80000312100000065 80000312100000064 80000312100000097 80000312100000063 1.74357057433 -124.043 96.7116 7.71052
10.6241 80000312100000064 80000312100000063 80000312100000097 80000312100000062 1.66666955611 -135.453 124.573 -1.40413
10.627 80000312100000063 80000312100000062 80000312100000097 80000312100000061 1.60423452207 -132.843 116.934 3.60562
10.6876 80000312100000062 80000312100000061 80000312100000097 80000312100000060 1.53123902916 -127.19 177.77 -29.121
10.7177 80000312100000061 80000312100000060 80000312100000097 80000312100000059 1.47197484527 -103.463 161.799 -19.3505
10.7178 80000312100000060 80000312100000059 80000312100000097 80000312100000058 1.41409822037 -102.966 130.337 0.706594
10.7548 80000312100000059 80000312100000058 80000312100000097 80000312100000057 1.3575766674 -125.409 103.915 4.74959
10.7748 80000312100000058 80000312100000057 80000312100000097 80000312100000056 1.30237845991 -104.059 90.9189 -24.1159
10.7968 80000312100000057 80000312100000056 80000312100000097 80000312100000055 1.24847261425 -83.8812 126.772 -18.7101
10.8357 80000312100000056 80000312100000053 80000312100000097 80000312100000052 1.11415056377 -124.688 142.191 5.34965
10.8381 80000312100000053 80000312100000052 80000312100000097 80000312100000051 1.07445789455 -128.033 108.793 15.2927
10.8538 80000312100000052 80000312100000051 80000312100000097 80000312100000050 1.03551044566 -151.334 104.062 -57.8063
10.9235 80000312100000051 80000312100000050 80000312100000097 80000312100000049 0.997294225782 -205.068 111.219 -8.5024
10.9622 80000312100000050 80000312100000048 80000312100000097 80000312100000047 0.950531351585 -115.487 145.073 51.1087
10.9653 80000312100000048 80000312100000046 80000312100000097 80000312100000045 0.886896937575 -108.963 148.697 -150.541
10.9813 80000312100000046 80000312100000045 80000312100000097 80000312100000044 0.851470900625 -91.7677 189.751 -157.88
10.9827 80000312100000045 80000312100000043 80000312100000097 80000312100000042 0.791068248946 -65.2112 183.881 -156.568
11.0242 80000312100000043 80000312100000042 80000312100000097 80000312100000041 0.757441372616 -42.6711 193.206 -184.88
11.0356 80000312100000042 80000312100000041 80000312100000097 80000312100000040 0.732636182022 -32.3295 213.278 -180.582
11.0867 80000312100000041 80000312100000040 80000312100000097 80000312100000039 0.700106353719 -2.74814 251.967 -197.801
11.091 80000312100000040 80000312100000039 80000312100000097 80000312100000038 0.676110411213 -67.3762 221.622 -135.936
11.1003 80000312100000039 80000312100000037 80000312100000097 80000312100000036 0.621428745243 -46.7404 222.546 -118.05
11.1158 80000312100000037 80000312100000036 80000312100000097 80000312100000035 0.598543288188 -57.9147 237.465 -113.587
11.1257 80000312100000036 80000312100000035 80000312100000097 80000312100000034 0.575980845108 -57.5571 247.847 -105.285
11.1291 80000312100000035 80000312100000034 80000312100000097 80000312100000033 0.546392183141 -69.5082 260.499 -77.6432
11.1369 80000312100000034 80000312100000033 80000312100000097 80000312100000032 0.524565820434 -96.3536 244.913 -75.1318
11.1415 80000312100000033 80000312100000032 80000312100000097 80000312100000031 0.503047523245 -83.2633 231.819 -69.7929
11.1499 80000312100000032 80000312100000031 80000312100000097 80000312100000030 0.481832943421 -144.21 237.339 -15.3063
11.162 80000312100000031 80000312100000030 80000312100000097 80000312100000029 0.460917794181 -143.329 241.008 -0.890715
11.1623 80000312100000030 80000312100000029 80000312100000097 80000312100000028 0.440297849248 -139.143 246.92 -1.37628
11.1769 80000312100000029 80000312100000028 80000312100000097 80000312100000027 0.419968941997 -166.177 240.965 -2.30392
11.1794 80000312100000028 80000312100000027 80000312100000097 80000312100000026 0.399926964614 -159.831 233.792 -11.4055
11.1833 80000312100000027 80000312100000026 80000312100000097 80000312100000025 0.38016786726 -143.094 243.166 -11.0256
11.1941 80000312100000026 80000312100000021 80000312100000097 80000312100000020 0.291583239722 -116.768 246.138 -78.0574
11.1957 80000312100000021 80000312100000020 80000312100000097 80000312100000019 0.273353346578 -123.984 257.666 -68.078
11.1985 80000312100000020 80000312100000019 80000312100000097 80000312100000018 0.261343256161 -132.44 242.836 -72.5395
11.203 80000312100000019 80000312100000018 80000312100000097 80000312100000017 0.243540181555 -136.227 225.339 -98.9037
11.2057 80000312100000018 80000312100000017 80000312100000097 80000312100000016 0.22598838626 -107.805 254.335 -108.847
11.2073 80000312100000017 80000312100000016 80000312100000097 80000312100000015 0.214425035514 -140.228 248.469 -111.027
11.2101 80000312100000016 80000312100000015 80000312100000097 80000312100000014 0.197284182376 -114.536 261.826 -144.977
11.2104 80000312100000015 80000312100000007 80000312100000097 80000312100000006 0.0838844307975 -77.7891 310.595 -140.242
11.2106 80000312100000007 80000312100000005 80000312100000097 80000312100000004 0.0585073227945 -76.2544 305.598 -162.241
11.2148 80000312100000005 80000312100000004 80000312100000097 80000312100000003 0.0485236299818 -81.4637 293.209 -158.442
11.2201 80000312100000004 80000312100000002 80000312100000097 80000312100000001 0.0239744283828 -94.9886 292.086 -154.7
11.222 80000312100000002 80000312100000001 80000312100000097 80000312100000000 0.00952166696794 -86.8863 290.756 -145.405
11.2293 80000312100000001 80000312100000000 80000312100000097 -1 2.22044604925e-16 -89.9356 299.563 -159.37
9.08309 80000312100000107 80000312100000106 80000312100000115 80000312100000105 5.84661374788 8.95126 15.7577 3.16689
9.08578 80000312100000106 80000312100000105 80000312100000115 80000312100000104 5.52976580795 8.25143 12.9103 4.06867
9.12424 80000312100000105 80000312100000104 80000312100000115 80000312100000103 5.22758097313 6.3927 14.7766 7.54126
9.26008 80000312100000191 80000312100000190 80000312100000204 80000312100000189 4.42803373661 5.78061 -21.0803 -38.9213
10.3599 80000312100000190 80000312100000184 80000312100000204 80000312100000075 3.08482263583 -110.694 104.803 42.9441
9.0098 80000312100000276 80000312100000275 80000312100000284 80000312100000274 7.23627606617 -8.62947 -0.361286 -0.776011
9.04062 80000312100000275 80000312100000274 80000312100000284 80000312100000273 7.00541704554 -5.57919 -0.69899 0.50705
9.08845 80000312100000274 80000312100000273 80000312100000284 80000312100000272 6.85511726265 -6.25774 -2.3149 -1.02298
9.2342 80000312100000273 80000312100000272 80000312100000284 80000312100000271 6.49159774567 -13.4872 4.3407 -4.37586
9.25466 80000312100000272 80000312100000271 80000312100000284 80000312100000270 6.14490120342 -4.88188 -0.734398 -3.40251
9.32497 80000312100000271 80000312100000270 80000312100000284 80000312100000269 6.01075739884 -2.96072 -4.96231 0.506748
9.37457 80000312100000270 80000312100000269 80000312100000284 80000312100000268 5.84661374788 -3.64897 -6.02319 2.46665
9.40131 80000312100000269 80000312100000268 80000312100000284 80000312100000267 5.52976580795 -11.3007 7.77393 2.57046
9.45719 80000312100000268 80000312100000267 80000312100000284 80000312100000266 5.22758097313 -14.4088 4.90459 -1.12701
9.46621 80000312100000267 80000312100000266 80000312100000284 80000312100000265 4.99593346816 -6.34725 -2.7152 -0.527114
9.52462 80000312100000266 80000312100000265 80000312100000284 80000312100000264 4.93938066349 -11.7261 11.4327 -2.39327
9.52851 80000312100000265 80000312100000263 80000312100000284 80000312100000262 4.42803373661 -10.4917 8.12175 -0.418505
9.60866 80000312100000263 80000312100000262 80000312100000284 80000312100000261 4.17683491473 -20.4502 10.7285 2.13937
9.63593 80000312100000262 80000312100000261 80000312100000284 80000312100000260 4.00794511147 -25.3182 11.9909 1.25629
9.02548 80000312100000319 80000312100000318 80000312100000331 80000312100000317 2.31611074396 1.70277 -6.82286 6.04897
9.02855 80000312100000373 80000312100000372 80000312100000384 80000312100000371 3.08482263583 -4.87287 -0.125944 -1.05374
9.05235 80000312100000372 80000312100000371 80000312100000384 80000312100000370 3.00813107163 -5.52431 -4.04689 2.62655
9.05811 80000312100000371 80000312100000370 80000312100000384 80000312100000369 2.89578500573 -5.57631 -0.935324 5.03591
9.1193 80000312100000370 80000312100000369 80000312100000384 80000312100000368 2.73314261732 -11.1393 5.12025 16.8481
9.18802 80000312100000369 80000312100000366 80000312100000384 80000312100000365 2.31611074396 -4.93783 2.71204 5.58971
9.04653 80000312100000518 80000312100000517 80000312100000527 80000312100000516 3.49086136926 0.0124245 4.23644 -10.8589
9.09898 80000312100000517 80000312100000516 80000312100000527 80000312100000515 3.28303305796 -4.15279 2.5728 -1.92724
9.25466 80000312100000516 80000312100000515 80000312100000527 80000312100000514 3.08482263583 -11.7212 -2.67328 1.80034
9.2828 80000312100000515 80000312100000514 80000312100000527 80000312100000513 3.00813107163 -8.11351 -0.960567 2.8893
9.2929 80000312100000514 80000312100000513 80000312100000527 80000312100000512 2.89578500573 -6.55227 0.199171 1.68096
9.36199 80000312100000513 80000312100000511 80000312100000527 80000312100000510 2.5772902716 11.015 0.140606 0.964963
9.36902 80000312100000511 80000312100000510 80000312100000527 80000312100000509 2.44422570455 14.9352 -6.5528 3.92339
9.37319 80000312100000510 80000312100000508 80000312100000527 80000312100000507 2.20792547238 10.2089 2.15307 11.1714
9.43974 80000312100000508 80000312100000503 80000312100000527 80000312100000502 1.74357057433 -10.7363 -10.8256 -0.325236
9.0066 80000312100000567 80000312100000566 80000312100000575 80000312100000565 4.42803373661 -1.95036 -7.51007 -0.743458
9.08845 80000312100000566 80000312100000561 80000312100000575 80000312100000560 3.49086136926 1.61234 -8.23145 -0.90454
9.08845 80000312100000561 80000312100000556 80000312100000575 80000312100000555 2.73314261732 1.32355 -11.43 -8.53165
9.12668 80000312100000556 80000312100000555 80000312100000575 80000312100000554 2.5772902716 5.32021 -13.6781 -9.94072
9.12668 80000312100000555 80000312100000554 80000312100000575 80000312100000553 2.44422570455 1.40629 -13.5017 -9.05582
9.13154 80000312100000554 80000312100000553 80000312100000575 80000312100000552 2.31611074396 -2.61572 -11.5842 -7.1398
9.14344 80000312100000553 80000312100000552 80000312100000575 80000312100000551 2.20792547238 -4.93096 -7.69679 -9.01441
9.07492 80000312100000660 80000312100000659 80000312100000672 80000312100000658 4.66451770247 3.1704 -13.8676 -16.4649
9.11681 80000312100000659 80000312100000658 80000312100000672 80000312100000657 4.42803373661 -8.49771 1.97443 -18.2905
9.2026 80000312100000658 80000312100000657 80000312100000672 80000312100000656 4.17683491473 2.05166 -2.3955 -21.04
9.23037 80000312100000657 80000312100000656 80000312100000672 80000312100000655 4.00794511147 4.21171 1.92822 -22.9246
9.24733 80000312100000656 80000312100000654 80000312100000672 80000312100000653 3.70877426464 -1.30738 2.89692 -20.9909
9.26543 80000312100000654 80000312100000653 80000312100000672 80000312100000652 3.49086136926 3.04702 1.40663 -21.7891
9.27246 80000312100000653 80000312100000652 80000312100000672 80000312100000651 3.28303305796 2.68558 -0.779405 -18.1849
9.27938 80000312100000652 80000312100000651 80000312100000672 80000312100000650 3.08482263583 1.38582 -4.42644 -17.2476
9.32497 80000312100000651 80000312100000648 80000312100000672 80000312100000647 2.73314261732 1.46704 -5.24739 -15.438
9.37042 80000312100000648 80000312100000647 80000312100000672 80000312100000646 2.5772902716 3.82799 -7.6896 -11.0026
9.39871 80000312100000647 80000312100000646 80000312100000672 80000312100000645 2.44422570455 -2.90049 -6.22425 -9.28679
9.42527 80000312100000646 80000312100000644 80000312100000672 80000312100000643 2.20792547238 -1.32251 -1.11068 -8.40761
9.42527 80000312100000644 80000312100000643 80000312100000672 80000312100000642 2.1032696526 4.47994 -1.53238 -14.414
9.43136 80000312100000643 80000312100000641 80000312100000672 80000312100000640 1.90408954353 1.57142 -0.651085 -12.7774
9.43257 80000312100000641 80000312100000638 80000312100000672 80000312100000637 1.66666955611 -0.440417 -1.78514 -15.9011
9.4503 80000312100000638 80000312100000635 80000312100000672 80000312100000634 1.47197484527 -2.69814 -2.83012 -8.25322
9.48265 80000312100000635 80000312100000634 80000312100000672 80000312100000633 1.41409822037 -12.5969 4.81823 4.81851
9.49536 80000312100000634 80000312100000633 80000312100000672 80000312100000632 1.3575766674 -15.8078 8.11568 7.95146
9.03763 80000312100000723 80000312100000722 80000312100000738 80000312100000721 3.70877426464 3.44376 25.4721 -5.40204
9.14344 80000312100000722 80000312100000720 80000312100000738 80000312100000719 3.28303305796 8.5218 -12.5769 -18.3994
9.18802 80000312100000720 80000312100000713 80000312100000738 80000312100000712 2.31611074396 13.1783 -10.3756 -20.7222
9.21869 80000312100000713 80000312100000712 80000312100000738 80000312100000711 2.20792547238 10.6702 -8.8414 -21.5169
9.24175 80000312100000712 80000312100000711 80000312100000738 80000312100000710 2.1032696526 15.3279 -19.5264 -17.469
9.03463 80000312100000899 80000312100000898 80000312100000909 80000312100000897 1.90408954353 1.25214 -14.5225 17.1834
9.04945 80000312100000898 80000312100000897 80000312100000909 80000312100000896 1.82268925262 3.43442 -8.47337 14.4253
9.00012 80000312100001041 80000312100001040 80000312100001052 80000312100001039 4.93938066349 -9.2141 -0.0336694 -1.43048
9.04062 80000312100001040 80000312100001039 80000312100001052 80000312100001038 4.66451770247 -6.21089 -0.410459 -1.64776
9.0666 80000312100001039 80000312100001038 80000312100001052 80000312100001037 4.42803373661 2.10413 2.10411 -4.35363
9.16852 80000312100001038 80000312100001037 80000312100001052 80000312100001036 4.17683491473 -6.59373 3.01222 -0.402904
9.23799 80000312100001037 80000312100001036 80000312100001052 80000312100001035 4.00794511147 5.87947 4.89371 -11.9671
9.31717 80000312100001036 80000312100001034 80000312100001052 80000312100001033 3.70877426464 14.1693 7.85405 -8.35725
9.4606 80000312100001034 80000312100001033 80000312100001052 80000312100001032 3.49086136926 20.4237 10.2013 -14.7195
9.55204 80000312100001033 80000312100001032 80000312100001052 80000312100001031 3.28303305796 4.47451 -12.7375 -24.9339
9.72935 80000312100001032 80000312100001031 80000312100001052 80000312100001030 3.08482263583 3.61643 -16.1551 -69.2645
9.80619 80000312100001031 80000312100001028 80000312100001052 80000312100001027 2.73314261732 -41.3571 -10.1184 -54.6222
9.81926 80000312100001028 80000312100001017 80000312100001052 80000312100001016 1.60423452207 -12.557 -18.1602 -54.1036
9.83099 80000312100001017 80000312100001013 80000312100001052 80000312100001012 1.3575766674 -12.4339 -13.4193 -58.2362
9.83958 80000312100001013 80000312100001012 80000312100001052 80000312100001011 1.30237845991 -14.5724 -12.2727 -55.2402
9.84893 80000312100001012 80000312100001010 80000312100001052 80000312100001009 1.20625808078 -4.96245 -16.1512 -48.1405
9.02239 80000312100001108 80000312100001107 80000312100001117 80000312100001106 4.93938066349 -3.51664 -1.63944 -0.128913
9.05811 80000312100001107 80000312100001106 80000312100001117 80000312100001105 4.66451770247 -4.02024 0.210907 -0.835925
9.0666 80000312100001106 80000312100001105 80000312100001117 80000312100001104 4.42803373661 -4.62033 -2.41086 -0.521836
9.08845 80000312100001105 80000312100001101 80000312100001117 80000312100001100 3.70877426464 2.15117 4.89486 0.968692
9.0066 80000312100001182 80000312100001181 80000312100001200 80000312100001180 2.73314261732 -9.18717 3.87865 14.595
9.02548 80000312100001181 80000312100001180 80000312100001200 80000312100001179 2.5772902716 -5.95872 1.57474 14.6124
9.09375 80000312100001180 80000312100001179 80000312100001200 80000312100001178 2.44422570455 -0.710029 15.5466 8.92657
9.10671 80000312100001179 80000312100001178 80000312100001200 80000312100001177 2.31611074396 2.30873 14.8448 8.97045
9.01614 80000312100001338 80000312100001337 80000312100001357 80000312100001336 4.00794511147 -4.6526 7.32857 -12.9609
9.14811 80000312100001337 80000312100001335 80000312100001357 80000312100001334 3.70877426464 -11.291 2.69174 -23.1205
9.18802 80000312100001335 80000312100001334 80000312100001357 80000312100001333 3.49086136926 -4.73512 -0.150765 -16.4398
9.48799 80000312100001334 80000312100001332 80000312100001357 80000312100001331 3.08482263583 0.602484 -12.4809 -27.5577
9.6925 80000312100001332 80000312100001330 80000312100001357 80000312100001329 2.89578500573 13.8829 -35.692 -24.0971
9.99088 80000312100001330 80000312100001328 80000312100001357 80000312100001327 2.44422570455 16.1678 -54.8564 2.54368
10.073 80000312100001328 80000312100001327 80000312100001357 80000312100001326 2.31611074396 20.4239 -49.6282 5.4429
10.1368 80000312100001327 80000312100001326 80000312100001357 80000312100001325 2.20792547238 31.2937 -57.1759 7.56438
10.1552 80000312100001326 80000312100001325 80000312100001357 80000312100001324 2.1032696526 32.9545 -52.9802 -3.66722
10.2157 80000312100001325 80000312100001323 80000312100001357 80000312100001322 1.90408954353 60.7453 -76.5476 17.0588
10.2561 80000312100001323 80000312100001322 80000312100001357 80000312100001321 1.82268925262 67.2849 -61.2502 24.0197
10.2847 80000312100001322 80000312100001319 80000312100001357 80000312100001318 1.60423452207 36.4791 -57.4637 1.07283
10.3005 80000312100001319 80000312100001318 80000312100001357 80000312100001317 1.53123902916 46.478 -38.8704 9.5877
9.07216 80000312100001406 80000312100001405 80000312100001411 80000312100001404 4.99593346816 -0.0138494 4.04434 -16.0349
9.30278 80000312100001405 80000312100001401 80000312100001411 80000312100001400 4.00794511147 -3.95809 0.34409 -16.5804
9.34756 80000312100001401 80000312100001400 80000312100001411 80000312100001399 3.93726108473 -7.7814 -0.595513 -14.2863
9.43377 80000312100001400 80000312100001399 80000312100001411 80000312100001398 3.70877426464 -16.4615 7.0415 -9.59464
9.56646 80000312100001399 80000312100001398 80000312100001411 80000312100001397 3.49086136926 -14.5538 37.7056 -46.9126
10.0255 80000312100001398 80000312100001392 80000312100001411 80000312100001327 2.5772902716 21.4725 -52.1211 -0.491681
9.21272 80000312100001419 80000312100001418 80000312100001419 80000312100001417 4.42803373661 -1.90915 1.32491 -8.96536
9.0098 80000312100001455 80000312100001454 80000312100001471 80000312100001453 3.93726108473 6.55465 -1.53807 -1.00828
9.01298 80000312100001454 80000312100001453 80000312100001471 80000312100001452 3.70877426464 8.38759 -3.36876 -0.17427
9.26008 80000312100001453 80000312100001451 80000312100001471 80000312100001450 3.28303305796 -11.3062 -6.42261 -1.55363
9.67767 80000312100001451 80000312100001449 80000312100001471 80000312100001448 3.00813107163 13.8897 -27.1869 -18.4247
9.01614 80000312100001503 80000312100001502 80000312100001515 80000312100001501 3.28303305796 -6.11343 -2.15009 9.88575
9.0316 80000312100001502 80000312100001501 80000312100001515 80000312100001500 3.08482263583 2.30258 -1.11271 24.3852
9.08038 80000312100001501 80000312100001498 80000312100001515 80000312100001497 2.73314261732 19.598 2.40641 48.7715
9.10926 80000312100001498 80000312100001497 80000312100001515 80000312100001496 2.5772902716 10.3053 -2.54576 32.2152
9.15502 80000312100001497 80000312100001496 80000312100001515 80000312100001495 2.44422570455 11.5174 -3.01054 40.9697
9.0098 80000312100001626 80000312100001625 80000312100001646 80000312100001624 2.31611074396 6.04957 -7.72763 11.848
9.02855 80000312100001625 80000312100001622 80000312100001646 80000312100001621 2.00202813925 0.415126 -1.37994 12.8861
9.06096 80000312100001867 80000312100001866 80000312100001875 80000312100001865 3.70877426464 17.8206 17.3262 -18.8178
9.11431 80000312100001866 80000312100001865 80000312100001875 80000312100001864 3.49086136926 16.9777 16.3277 -21.2155
