logMh | fpID | subhaloID | main leaf ID | descID |  z
9.08038 12241446 12241445 12241448 12241444 10.9190331982 -1.77466 -12.7131 -11.2852
9.40518 12241445 12241443 12241448 12241442 9.99659046619 -6.4404 -14.8482 -8.50276
9.42033 12241443 12241442 12241448 12241441 9.84138043947 -2.01801 -18.4769 -12.4593
9.51275 12241442 12241441 12241448 12241440 9.38877127194 -1.93356 -12.8287 -9.53966
9.54558 12241441 12241438 12241448 12241437 8.44947629437 -1.51794 -6.42611 -5.37495
9.64416 12241438 12241437 12241448 12241436 8.01217294887 -6.33225 -9.65776 -5.19103
9.79482 12241437 12241436 12241448 12241435 7.59510714987 -10.2002 17.2548 -9.70124
9.88016 12241436 12241435 12241448 12241434 7.23627606617 -3.71485 17.6261 -13.8999
10.05 12241435 12241434 12241448 12241433 7.00541704554 5.66876 10.7881 -39.4916
10.1036 12241434 12241433 12241448 12241432 6.85511726265 11.3292 12.3767 -40.0104
10.1833 12241433 12241432 12241448 12241431 6.49159774567 15.2357 33.6791 -47.7287
10.3205 12241432 12241431 12241448 12241430 6.14490120342 18.9547 33.9151 -60.882
10.334 12241431 12241430 12241448 12241429 6.01075739884 22.6903 35.5549 -61.5014
10.3685 12241430 12241429 12241448 12241428 5.84661374788 14.0126 21.7575 -41.4268
10.4152 12241429 12241428 12241448 12241427 5.52976580795 12.7759 24.7781 -43.4083
10.4618 12241428 12241427 12241448 12241426 5.22758097313 10.6914 27.6928 -39.1193
10.4747 12241427 12241426 12241448 12241425 4.99593346816 19.7998 33.1668 -29.8551
10.4854 12241426 12241425 12241448 12241424 4.93938066349 20.7589 30.1713 -27.0467
10.4929 12241425 12241424 12241448 12241423 4.66451770247 12.453 26.391 -31.3296
10.5101 12241424 12241423 12241448 12241422 4.42803373661 20.9605 28.0191 -39.0074
10.6298 12241423 12241421 12241448 12241420 4.00794511147 -9.90676 -23.0277 28.2587
10.6539 12241421 12241420 12241448 12241419 3.93726108473 -23.4781 -26.1547 38.6635
10.8332 12241420 12241419 12241448 12241418 3.70877426464 -116.864 7.31367 44.0276
10.8859 12241419 12241418 12241448 12241417 3.49086136926 -59.9702 6.5892 51.271
10.9822 12241418 12241417 12241448 12241416 3.28303305796 -109.372 -13.6266 -3.10371
11.1061 12241417 12241416 12241448 12241415 3.08482263583 -190.006 -250.774 -41.9485
11.3087 12241416 12241413 12241448 12241412 2.73314261732 -202.107 -363.496 -268.862
11.4625 12241413 12241412 12241448 12241411 2.5772902716 144.594 -311.546 -558.71
11.4758 12241412 12241411 12241448 12241410 2.44422570455 -38.7994 -348.282 -428.996
11.5407 12241411 12241409 12241448 12241408 2.20792547238 224.414 -164.822 -293.674
11.5571 12241409 12241407 12241448 12241406 2.00202813925 227.488 5.09414 -225.089
11.5906 12241407 12241406 12241448 12241405 1.90408954353 247.341 44.8983 -381.611
11.6073 12241406 12241404 12241448 12241403 1.74357057433 181.812 -45.8678 -469.138
11.689 12241404 12241403 12241448 12241402 1.66666955611 175.441 -30.2901 -624.855
11.7172 12241403 12241402 12241448 12241401 1.60423452207 110.813 -23.3891 -435.845
11.7831 12241402 12241401 12241448 12241400 1.53123902916 43.7212 98.3144 -574.238
11.8127 12241401 12241400 12241448 12241399 1.47197484527 29.1615 264.393 -514.671
11.8511 12241400 12241399 12241448 12241398 1.41409822037 -6.30237 437.679 -620.896
11.8994 12241399 12241398 12241448 12241397 1.3575766674 -47.9284 537.817 -911.462
11.9465 12241398 12241397 12241448 12241396 1.30237845991 -76.401 529.876 -1111.17
11.9695 12241397 12241396 12241448 12241395 1.24847261425 -34.6121 423.965 -1205.31
11.9744 12241396 12241394 12241448 12241393 1.15460271236 -118.485 232.024 -771.06
11.9804 12241394 12241393 12241448 12241392 1.11415056377 -183.13 222.847 -913.972
11.986 12241393 12241392 12241448 12241391 1.07445789455 6.43294 372.7 -719.465
12.0257 12241392 12241391 12241448 12241390 1.03551044566 112.558 431.107 -915.15
12.0625 12241391 12241390 12241448 12241389 0.997294225782 235.178 662.42 -919.927
12.0819 12241390 12241389 12241448 12241388 0.987852810816 -316.522 349.658 -1066.34
12.0965 12241389 12241388 12241448 12241387 0.950531351585 -198.451 -92.7792 -661.52
12.1003 12241388 12241387 12241448 12241386 0.923000816178 -210.19 292.324 -487.673
12.1033 12241387 12241385 12241448 12241384 0.851470900625 -267.402 280.59 -738.366
12.1283 12241385 12241384 12241448 12241383 0.816709979012 -345.345 313.885 -791.726
12.1295 12241384 12241383 12241448 12241382 0.791068248946 -252.382 337.966 -889.815
12.1384 12241383 12241382 12241448 12241381 0.757441372616 -219.419 149.44 -918.824
12.1398 12241382 12241381 12241448 12241380 0.732636182022 -270.11 256.38 -777.162
12.144 12241381 12241380 12241448 12241379 0.700106353719 -416.478 65.7287 -744.583
12.1539 12241380 12241379 12241448 12241378 0.676110411213 -174.314 56.0641 -995.568
12.1623 12241379 12241378 12241448 12241377 0.644641840685 -97.56 -102.893 -1032.39
12.1759 12241378 12241377 12241448 12241376 0.621428745243 -220.063 -209.109 -1029.04
12.1917 12241377 12241376 12241448 12241375 0.598543288188 -520.598 -508.057 -1038.78
12.2041 12241376 12241375 12241448 12241374 0.575980845108 -547.94 -551.485 -1042.91
12.222 12241375 12241374 12241448 12241373 0.546392183141 -594.76 -410.593 -1160.79
12.2277 12241374 12241373 12241448 12241372 0.524565820434 -775.467 -479.598 -1241.02
12.2535 12241373 12241372 12241448 12241371 0.503047523245 -1030.16 -583.63 -1369.51
12.2766 12241372 12241371 12241448 12241370 0.481832943421 -1387.38 -864.495 -1384.75
12.2897 12241371 12241370 12241448 12241369 0.460917794181 -1442.99 -789.983 -1386.86
12.3335 12241370 12241369 12241448 12241368 0.440297849248 -1926.05 -1228.69 -1315.8
12.3422 12241369 12241368 12241448 12241367 0.419968941997 -1826.64 -915.809 -1496.44
12.3594 12241368 12241367 12241448 12241366 0.399926964614 -1909.03 -942.407 -1420.47
12.3716 12241367 12241366 12241448 12241365 0.38016786726 -1739.82 -651.317 -1532.63
12.3728 12241366 12241365 12241448 12241364 0.360687657262 -1534.09 -272.515 -1835.86
12.4164 12241365 12241360 12241448 12241359 0.273353346578 -618.983 418.325 -1794.92
12.4259 12241360 12241359 12241448 12241358 0.261343256161 -425.661 574.719 -1626.94
12.4375 12241359 12241358 12241448 12241357 0.243540181555 -396.609 616.891 -1507.73
12.441 12241358 12241357 12241448 12241356 0.22598838626 -421.555 585.743 -1334.11
12.4504 12241357 12241356 12241448 12241355 0.214425035514 -297.525 610.13 -1320.2
12.4614 12241356 12241355 12241448 12241354 0.197284182376 -48.9563 357.039 -1217.89
12.4775 12241355 12241354 12241448 12241353 0.180385261706 333.547 273.171 -1709.97
12.4952 12241354 12241353 12241448 12241352 0.169252033244 681.667 288.902 -1970.24
12.5052 12241353 12241350 12241448 12241349 0.125759332411 -362.244 225.388 -829.614
12.5178 12241350 12241349 12241448 12241348 0.109869940459 -355.098 206.181 -838.131
12.5245 12241349 12241348 12241448 12241347 0.0994018026302 -268.832 182.705 -769.694
9.22651 12241521 12241520 12241523 12241519 10.3674435724 -1.03195 4.05906 -7.05823
9.2672 12241520 12241518 12241523 12241517 9.84138043947 -6.17697 11.8214 10.0591
9.33866 12241518 12241517 12241523 12241516 9.38877127194 -5.66271 4.67804 11.1576
9.38547 12241517 12241516 12241523 12241515 9.00233985416 -5.76282 5.02498 10.029
9.40131 12241516 12241515 12241523 12241514 8.9079991856 -7.62301 8.38319 10.0492
9.55841 12241515 12241514 12241523 12241513 8.44947629437 -9.60767 -1.4848 8.75838
9.62212 12241514 12241513 12241523 12241512 8.01217294887 -9.38417 0.307261 8.72033
9.74018 12241513 12241512 12241523 12241511 7.59510714987 -6.01491 7.30946 11.2001
9.04358 12241575 12241574 12241589 12241573 5.52976580795 3.11703 -6.57284 -8.03815
9.14811 12241780 12241779 12241784 12241778 3.00813107163 2.3922 -0.164357 -17.4688
9.01298 12241831 12241830 12241841 12241829 4.66451770247 -0.998475 7.80063 -2.09863
9.14811 12241830 12241828 12241841 12241827 4.17683491473 -2.9497 3.97579 -3.98173
9.19641 12241828 12241827 12241841 12241826 4.00794511147 -6.86262 4.15286 -2.81239
11.4467 12241827 12241816 12241841 12241409 2.31611074396 -42.9638 -260.404 -316.993
9.04653 12241858 12241857 12241862 12241856 4.99593346816 -7.2303 -1.56004 -12.2501
9.05811 12241857 12241856 12241862 12241855 4.93938066349 -7.52072 -1.41041 -11.6552
9.07492 12241856 12241855 12241862 12241854 4.66451770247 -2.01719 -0.294182 -9.26342
9.07492 12241855 12241854 12241862 12241853 4.42803373661 -4.56571 -0.214609 -8.0219
9.08845 12241983 12241982 12241983 12241981 10.3674435724 -0.695571 2.77044 10.0477
9.14578 12241982 12241981 12241983 12241980 9.99659046619 1.48517 2.15973 7.52409
9.26543 12241981 12241979 12241983 12241978 9.38877127194 -0.871207 3.59336 -0.483069
9.29622 12241979 12241978 12241983 12241977 9.00233985416 -1.43767 5.50837 3.13046
9.40131 12241978 12241977 12241983 12241976 8.9079991856 -2.36541 8.36716 -6.5204
9.53996 12241977 12241976 12241983 12241975 8.44947629437 -1.91717 9.58384 -8.19881
9.58891 12241976 12241975 12241983 12241974 8.01217294887 -2.75184 6.01174 -9.34485
9.66936 12241975 12241974 12241983 12241973 7.59510714987 -4.22684 16.256 -16.3346
9.68176 12241974 12241973 12241983 12241972 7.23627606617 -2.8312 16.6424 -13.2058
9.68447 12241973 12241972 12241983 12241971 7.00541704554 -2.43079 21.6649 -11.906
9.69581 12241972 12241969 12241983 12241968 6.14490120342 -2.89158 18.4191 -12.3655
9.76388 12241969 12241968 12241983 12241967 6.01075739884 -5.82015 23.0273 -4.01636
9.83435 12241968 12241967 12241983 12241966 5.84661374788 -4.48804 45.1744 10.6156
9.85627 12241967 12241966 12241983 12241965 5.52976580795 -5.55372 33.2733 8.28663
9.93088 12241966 12241965 12241983 12241964 5.22758097313 -2.25458 30.5043 5.9166
10.0114 12241965 12241964 12241983 12241963 4.99593346816 0.286578 30.1103 12.2155
10.0334 12241964 12241963 12241983 12241962 4.93938066349 6.76983 28.4262 20.4744
10.0796 12241963 12241962 12241983 12241961 4.66451770247 7.64574 39.8784 21.0364
10.1208 12241962 12241961 12241983 12241960 4.42803373661 11.6843 32.4577 29.0212
10.1267 12241961 12241960 12241983 12241959 4.17683491473 7.90737 27.899 17.421
9.07216 12242029 12242028 12242037 12242027 5.52976580795 3.27554 5.94981 -4.68441
11.1383 12242028 12242016 12242037 12241952 3.00813107163 -428.106 -310.86 -100.552
9.38948 12242074 12242073 12242088 12242072 4.00794511147 -12.6665 25.5624 -1.9729
9.39871 12242073 12242072 12242088 12242071 3.93726108473 -13.1961 21.4331 -0.750619
9.04062 12242092 12242091 12242094 12242090 4.66451770247 -12.5171 -6.51644 11.7764
9.19223 12242091 12242089 12242094 12242073 4.17683491473 -15.9741 7.67626 3.1718
9.02548 12242143 12242142 12242150 12242141 7.59510714987 -2.72518 5.81791 0.884661
9.18589 12242142 12242141 12242150 12242140 7.23627606617 -1.47354 3.51994 2.91612
9.2929 12242141 12242138 12242150 12242137 6.49159774567 3.42542 0.756006 2.01241
9.41156 12242138 12242137 12242150 12242136 6.14490120342 2.95902 -3.01964 -9.56267
9.50363 12242137 12242136 12242150 12242135 6.01075739884 5.74858 -0.509769 -7.51122
9.63819 12242136 12242135 12242150 12242134 5.84661374788 9.28052 -5.46388 0.487801
9.6838 12242135 12242134 12242150 12242133 5.52976580795 6.6289 -8.25237 1.75901
9.74432 12242134 12242133 12242150 12242132 5.22758097313 14.1563 -4.99036 4.99615
9.79377 12242133 12242132 12242150 12242131 4.99593346816 15.7641 -7.99391 6.26862
9.83958 12242132 12242131 12242150 12242130 4.93938066349 23.3967 -4.7007 8.35256
9.87058 12242131 12242130 12242150 12242129 4.66451770247 20.9258 1.691 8.15248
9.89371 12242130 12242129 12242150 12242128 4.42803373661 20.6996 -1.01322 6.75557
9.06378 12242190 12242189 12242198 12242188 4.99593346816 16.6694 -3.7508 -11.6582
9.08038 12242189 12242188 12242198 12242187 4.93938066349 15.5818 -4.56485 -11.8735
9.15042 12242188 12242186 12242198 12242185 4.42803373661 12.7527 -3.78854 -6.6861
9.18376 12242186 12242181 12242198 12242180 3.49086136926 10.3094 -6.70524 -19.0801
9.23799 12242181 12242180 12242198 12242179 3.28303305796 2.88859 -7.57747 -11.1722
9.08578 12242319 12242318 12242324 12242317 10.3674435724 1.55613 2.76375 -1.7206
9.15273 12242318 12242317 12242324 12242316 9.99659046619 1.30474 0.0956502 -1.97058
9.21869 12242317 12242316 12242324 12242315 9.84138043947 2.86597 -2.0259 -1.07226
9.33263 12242316 12242315 12242324 12242314 9.38877127194 4.34752 1.00887 -3.46579
9.40518 12242315 12242314 12242324 12242313 9.00233985416 4.38025 1.19124 -2.19837
9.41784 12242314 12242313 12242324 12242312 8.9079991856 4.574 4.22836 -5.35128
9.45719 12242313 12242312 12242324 12242311 8.44947629437 4.82411 3.23273 -4.41953
9.60624 12242312 12242311 12242324 12242310 8.01217294887 1.32974 1.58552 0.869822
9.67214 12242311 12242310 12242324 12242309 7.59510714987 -0.886148 1.74527 -2.16286
9.76444 12242310 12242309 12242324 12242308 7.23627606617 -3.97458 2.19926 -3.16212
9.82173 12242309 12242308 12242324 12242307 7.00541704554 -4.84508 1.42083 -14.2471
9.87583 12242308 12242307 12242324 12242306 6.85511726265 -4.10546 -0.199128 -12.891
9.97108 12242307 12242306 12242324 12242305 6.49159774567 -4.44039 -0.627318 -30.4092
10.0436 12242306 12242305 12242324 12242304 6.14490120342 -4.49552 -1.33509 -25.1563
10.0547 12242305 12242304 12242324 12242303 6.01075739884 -7.75175 -0.269931 -18.0504
10.1016 12242304 12242303 12242324 12242302 5.84661374788 -8.30312 0.989063 -32.2804
10.196 12242303 12242302 12242324 12242301 5.52976580795 -7.3289 10.1225 -57.2549
10.2585 12242302 12242301 12242324 12242300 5.22758097313 -3.26335 9.1627 -69.1306
10.2922 12242301 12242300 12242324 12242299 4.99593346816 -9.30729 19.6528 -73.8168
10.3268 12242300 12242298 12242324 12242297 4.66451770247 -11.1121 10.1773 -73.5224
10.3589 12242298 12242297 12242324 12242296 4.42803373661 -28.7477 3.8082 -73.1778
10.383 12242297 12242296 12242324 12242295 4.17683491473 -20.7086 9.30895 -54.8653
10.3988 12242296 12242295 12242324 12242294 4.00794511147 -27.3448 26.694 -65.7147
10.4141 12242295 12242294 12242324 12242293 3.93726108473 -25.6358 23.0895 -55.9112
10.4516 12242294 12242293 12242324 12242292 3.70877426464 -31.0942 28.7379 -51.7878
11.2136 12242293 12242288 12242324 12242287 2.89578500573 -404.058 -299.311 -102.609
9.03763 12242410 12242409 12242417 12242408 7.23627606617 0.0977287 -6.49102 6.71658
9.10926 12242409 12242408 12242417 12242407 7.00541704554 1.20297 -10.2071 6.48987
9.14108 12242408 12242407 12242417 12242406 6.85511726265 0.252681 -10.2667 7.38084
9.4026 12242407 12242405 12242417 12242404 6.14490120342 -23.1002 5.05752 4.63481
9.42771 12242405 12242404 12242417 12242403 6.01075739884 -22.0164 3.83833 5.68399
9.07492 12242457 12242456 12242468 12242455 5.22758097313 -6.65624 -19.0715 4.77896
9.10157 12242456 12242455 12242468 12242454 4.99593346816 -1.40219 -18.2338 0.248044
9.18376 12242455 12242453 12242468 12242452 4.66451770247 -5.59925 -21.3662 -0.598473
9.0316 12242500 12242499 12242509 12242498 5.22758097313 6.85199 -13.1069 -2.53911
9.10926 12242499 12242498 12242509 12242497 4.99593346816 7.51026 -16.1096 -0.168208
9.11681 12242498 12242497 12242509 12242496 4.93938066349 7.42266 -16.3342 -0.443889
9.21272 12242497 12242496 12242509 12242495 4.66451770247 8.37549 -12.1383 -1.44341
9.22066 12242496 12242495 12242509 12242494 4.42803373661 4.798 -10.5802 -3.08763
9.23799 12242495 12242494 12242509 12242493 4.17683491473 4.48432 -3.17196 4.71902
9.23799 12242494 12242492 12242509 12242491 3.93726108473 3.2883 -0.335065 4.17005
9.24175 12242492 12242491 12242509 12242490 3.70877426464 7.32628 0.707991 2.35586
9.04358 12242609 12242608 12242620 12242607 4.99593346816 -0.680938 2.80002 -0.497975
9.06378 12242608 12242607 12242620 12242606 4.93938066349 1.06201 2.22152 3.04125
9.09898 12242607 12242606 12242620 12242605 4.66451770247 0.143542 0.671079 -0.0723694
9.1193 12242606 12242603 12242620 12242602 4.00794511147 3.44458 0.935468 1.93026
9.13394 12242603 12242599 12242620 12242598 3.28303305796 1.39226 2.1696 0.0464669
9.07766 12242871 12242870 12242875 12242869 9.00233985416 4.27849 1.17104 9.57074
9.22066 12242870 12242868 12242875 12242867 8.01217294887 2.91373 5.31079 7.7463
9.27072 12242868 12242866 12242875 12242865 7.23627606617 2.43194 18.0221 2.33907
9.31874 12242866 12242865 12242875 12242864 7.00541704554 6.97539 19.6978 5.10586
9.34165 12242865 12242864 12242875 12242863 6.85511726265 5.24444 19.9914 3.79354
9.64638 12242864 12242862 12242875 12242861 6.14490120342 14.6234 17.9528 8.79802
9.68851 12242862 12242861 12242875 12242860 6.01075739884 11.5138 17.9626 4.03047
9.73959 12242861 12242860 12242875 12242859 5.84661374788 5.98501 19.6308 1.14969
9.87929 12242860 12242859 12242875 12242858 5.52976580795 -7.64389 30.0433 -15.1574
9.99519 12242859 12242858 12242875 12242857 5.22758097313 1.58522 25.5916 -19.7335
10.0541 12242858 12242857 12242875 12242856 4.99593346816 12.2984 9.33774 -12.9076
10.0866 12242857 12242856 12242875 12242855 4.93938066349 16.6915 2.36482 -23.8566
10.2107 12242856 12242855 12242875 12242854 4.66451770247 58.4015 -31.5038 -26.5647
10.2244 12242855 12242854 12242875 12242853 4.42803373661 84.7768 -30.1138 -18.8913
10.2916 12242854 12242853 12242875 12242852 4.17683491473 94.7079 -35.2805 -15.3657
10.3626 12242853 12242852 12242875 12242851 4.00794511147 121.206 -39.9157 -26.7883
10.3953 12242852 12242850 12242875 12242849 3.70877426464 122.536 -39.9196 -38.6481
10.5025 12242850 12242848 12242875 12242847 3.28303305796 119.92 -3.51351 -30.5416
10.641 12242848 12242847 12242875 12242846 3.08482263583 118.927 -46.1931 -123.938
10.6987 12242847 12242846 12242875 12242845 3.00813107163 44.1794 -53.8571 -130.229
10.7575 12242846 12242845 12242875 12242844 2.89578500573 51.5038 -89.2169 -119.415
9.30602 12242883 12242882 12242888 12242881 8.44947629437 2.56627 23.635 -14.7663
9.45605 12242882 12242876 12242888 12242862 6.49159774567 5.57715 17.0759 10.5007
9.21869 12242911 12242910 12242915 12242909 6.14490120342 11.1701 27.7566 -0.0147154
9.22066 12242952 12242951 12242960 12242950 8.01217294887 19.8491 4.63901 -14.1541
9.27072 12242951 12242950 12242960 12242949 7.59510714987 14.6085 -2.58707 -18.1806
9.38005 12242950 12242949 12242960 12242948 7.23627606617 29.9565 2.12226 -16.4442
9.43136 12242949 12242948 12242960 12242947 7.00541704554 23.5485 2.65235 -8.39831
9.45719 12242948 12242947 12242960 12242946 6.85511726265 23.684 6.16781 -6.8457
9.47505 12242947 12242946 12242960 12242945 6.49159774567 21.7108 6.03332 -7.10854
9.54744 12242946 12242945 12242960 12242944 6.14490120342 23.3299 4.97821 -6.04605
9.56999 12242945 12242944 12242960 12242943 6.01075739884 22.6058 -2.1508 -4.55203
9.60054 12242944 12242943 12242960 12242942 5.84661374788 18.389 -5.17101 -2.6765
9.63366 12242943 12242942 12242960 12242941 5.52976580795 16.6509 -7.58802 1.6338
9.10671 12243022 12243021 12243033 12243020 5.22758097313 2.01556 -1.47168 -2.8073
9.18802 12243021 12243020 12243033 12243019 4.99593346816 -2.56746 -0.15379 -2.63271
9.21072 12243020 12243018 12243033 12243017 4.66451770247 0.934354 3.0481 -4.02746
9.09375 12243054 12243053 12243059 12243052 7.00541704554 -13.6404 -1.86344 -2.20042
9.09637 12243053 12243052 12243059 12243051 6.85511726265 -13.2102 -1.8708 -0.360619
9.32497 12243052 12243051 12243059 12243050 6.49159774567 -10.6621 -2.14215 6.16697
9.39871 12243051 12243050 12243059 12243049 6.14490120342 -19.0357 -5.84867 6.47085
9.60136 12243050 12243046 12243059 12243045 4.99593346816 -3.60791 -4.66741 10.0673
9.60381 12243046 12243045 12243059 12243044 4.93938066349 -3.53559 -5.3541 12.4916
9.61106 12243045 12243044 12243059 12243043 4.66451770247 -0.541815 -7.35883 19.3437
9.62523 12243044 12243042 12243059 12243041 4.17683491473 -0.961133 -3.93407 17.2476
9.65658 12243042 12243040 12243059 12243039 3.93726108473 -10.4653 0.57527 12.2913
9.69778 12243040 12243039 12243059 12243038 3.70877426464 -0.290782 0.709347 14.5058
9.71762 12243039 12243038 12243059 12243037 3.49086136926 2.53737 -0.533198 12.3976
9.53523 12243067 12243066 12243067 12243046 5.22758097313 -11.535 -6.33499 14.8521
9.08309 12243095 12243094 12243100 12243093 7.23627606617 2.00382 11.8002 -2.2695
9.08845 12243094 12243093 12243100 12243092 7.00541704554 1.92375 4.83742 -1.83342
9.17073 12243093 12243092 12243100 12243091 6.85511726265 1.0591 4.4354 -5.39854
9.25828 12243092 12243091 12243100 12243090 6.49159774567 0.26013 5.44716 -6.30192
9.43974 12243091 12243090 12243100 12243089 6.14490120342 2.68625 1.37595 -11.0303
9.4549 12243090 12243089 12243100 12243088 6.01075739884 2.21327 -3.64523 -11.1176
9.45719 12243089 12243088 12243100 12243087 5.84661374788 5.34809 -6.37407 -9.49179
9.50973 12243088 12243087 12243100 12243086 5.52976580795 3.44288 -7.08195 -9.10352
9.55751 12243087 12243086 12243100 12243085 5.22758097313 5.64718 -0.34654 -11.8844
9.60054 12243086 12243085 12243100 12243084 4.99593346816 0.832468 -0.836419 -13.6221
9.60946 12243085 12243084 12243100 12243083 4.93938066349 -0.836107 -4.28196 -15.927
9.06378 12243134 12243133 12243142 12243132 7.59510714987 3.54392 2.13833 -2.08327
9.11681 12243133 12243132 12243142 12243131 7.23627606617 2.98819 3.14773 0.989042
9.13394 12243132 12243131 12243142 12243130 7.00541704554 2.27087 3.32161 0.671646
9.13871 12243131 12243129 12243142 12243128 6.49159774567 3.6181 0.33692 -0.46986
9.15502 12243129 12243128 12243142 12243127 6.14490120342 3.61718 2.35069 3.68814
9.17729 12243128 12243127 12243142 12243126 6.01075739884 3.77377 3.82218 6.63995
9.19433 12243127 12243126 12243142 12243125 5.84661374788 2.1087 2.589 3.63241
9.54651 12243126 12243124 12243142 12243123 5.22758097313 -17.2453 -11.0287 -6.91007
9.71448 12243124 12243123 12243142 12243122 4.99593346816 -23.6773 -14.6885 -19.5994
9.72813 12243123 12243122 12243142 12243121 4.93938066349 -25.5849 -8.54183 -15.4471
9.96012 12243122 12243121 12243142 12243120 4.66451770247 -13.6958 -4.44547 -32.9281
10.0249 12243121 12243120 12243142 12243119 4.42803373661 -13.8971 -3.00592 -24.3589
10.0969 12243120 12243119 12243142 12243118 4.17683491473 -4.65564 10.1709 1.16165
10.1486 12243119 12243118 12243142 12243117 4.00794511147 13.9905 14.9286 9.32594
9.05811 12243148 12243147 12243154 12243146 6.14490120342 0.457546 -0.721258 2.74242
9.12912 12243147 12243145 12243154 12243144 5.84661374788 -0.542991 2.32952 3.26401
9.20055 12243145 12243144 12243154 12243123 5.52976580795 9.36747 6.54858 -9.72427
9.01614 12243208 12243207 12243209 12243206 8.01217294887 2.97748 3.38959 1.85754
9.05524 12243207 12243206 12243209 12243205 7.59510714987 3.35704 4.00249 0.407196
9.10926 12243206 12243205 12243209 12243204 7.23627606617 4.71031 7.21426 2.43884
9.13871 12243205 12243203 12243209 12243202 6.85511726265 4.76367 6.88817 2.33983
9.25828 12243203 12243201 12243209 12243200 6.14490120342 2.23065 -1.64182 -3.16256
9.2742 12243201 12243200 12243209 12243199 6.01075739884 3.20493 -0.989158 -4.18315
9.12912 12243250 12243249 12243254 12243248 9.38877127194 2.72541 2.90715 4.46631
9.30763 12243249 12243246 12243254 12243245 8.44947629437 -1.67136 6.48177 3.44538
9.35483 12243246 12243245 12243254 12243244 8.01217294887 -1.91212 5.7618 3.8197
9.40646 12243245 12243244 12243254 12243243 7.59510714987 -1.84366 2.75374 5.64606
9.49951 12243244 12243243 12243254 12243242 7.23627606617 -3.92881 1.81188 6.34945
9.52948 12243243 12243242 12243254 12243241 7.00541704554 -7.01955 5.34796 6.84158
9.68985 12243242 12243240 12243254 12243239 6.49159774567 -16.7583 15.6389 6.78814
9.75479 12243240 12243239 12243254 12243238 6.14490120342 -14.5649 18.2805 0.981945
9.75936 12243239 12243238 12243254 12243237 6.01075739884 -15.2471 17.3524 -0.753905
9.83002 12243238 12243237 12243254 12243236 5.84661374788 -11.0721 13.6051 8.86795
9.85718 12243237 12243236 12243254 12243235 5.52976580795 -15.9608 8.87046 8.29506
9.88187 12243236 12243235 12243254 12243234 5.22758097313 -5.24977 10.9589 13.5177
9.89371 12243235 12243232 12243254 12243231 4.66451770247 0.751836 20.1975 28.5846
9.91449 12243232 12243230 12243254 12243229 4.17683491473 -0.846384 14.0095 34.6307
9.93049 12243230 12243229 12243254 12243228 4.00794511147 2.58368 15.7599 39.9397
9.04945 12243292 12243291 12243306 12243290 3.00813107163 25.1044 -8.79946 16.8111
9.18162 12243476 12243475 12243483 12243474 8.01217294887 0.432799 -3.5029 4.81774
9.24548 12243475 12243474 12243483 12243473 7.59510714987 2.85308 -0.665524 6.1616
9.34016 12243474 12243473 12243483 12243472 7.23627606617 2.44988 -0.610219 4.44777
9.35914 12243473 12243472 12243483 12243471 7.00541704554 1.98641 -1.65285 4.1094
9.38141 12243472 12243471 12243483 12243470 6.85511726265 3.09542 -2.04127 5.83043
9.43377 12243471 12243470 12243483 12243469 6.49159774567 2.13199 4.34739 6.83272
9.48479 12243470 12243469 12243483 12243468 6.14490120342 1.2496 -0.562386 9.02209
9.51873 12243469 12243468 12243483 12243467 6.01075739884 -5.74618 0.88052 7.44405
9.54091 12243468 12243467 12243483 12243466 5.84661374788 -5.20735 -1.59255 9.73734
9.54185 12243467 12243466 12243483 12243465 5.52976580795 -7.14038 -0.408199 7.3111
9.63969 12243466 12243465 12243483 12243464 5.22758097313 -2.68217 -6.92563 11.3937
9.66936 12243465 12243464 12243483 12243463 4.99593346816 -2.5289 -12.0452 8.26178
9.67972 12243464 12243463 12243483 12243462 4.93938066349 -3.25555 -11.2928 7.14881
9.7366 12243463 12243462 12243483 12243461 4.66451770247 -6.1621 -14.9269 5.59755
9.77772 12243462 12243461 12243483 12243460 4.42803373661 -9.04675 -15.3004 10.2767
9.82272 12243461 12243460 12243483 12243459 4.17683491473 -0.523924 -13.0754 9.21275
9.83339 12243460 12243459 12243483 12243458 4.00794511147 1.34792 -9.15531 18.4658
9.83531 12243459 12243458 12243483 12243457 3.93726108473 2.41438 -10.32 16.885
9.85261 12243458 12243457 12243483 12243456 3.70877426464 -2.81937 -7.16433 13.9868
9.91129 12243457 12243456 12243483 12243455 3.49086136926 -5.30859 -11.9063 9.89941
9.93545 12243456 12243455 12243483 12243454 3.28303305796 1.45431 -14.5356 7.71122
9.95653 12243455 12243454 12243483 12243453 3.08482263583 -3.97284 -18.517 11.0342
10.0047 12243454 12243452 12243483 12243451 2.89578500573 -4.21955 -6.86719 12.6658
10.0477 12243452 12243451 12243483 12243450 2.73314261732 -3.14121 -21.7166 22.7156
10.0666 12243451 12243449 12243483 12243448 2.44422570455 6.71482 -20.8543 28.1182
10.0774 12243449 12243448 12243483 12243447 2.31611074396 8.19781 -23.266 23.5187
10.1158 12243448 12243447 12243483 12243446 2.20792547238 18.2746 -18.7569 32.362
10.1269 12243447 12243446 12243483 12243445 2.1032696526 25.2578 -1.19845 31.9659
10.1844 12243446 12243445 12243483 12243444 2.00202813925 25.0615 -0.336577 43.9958
10.191 12243445 12243440 12243483 12243439 1.60423452207 28.4424 -6.19801 30.7876
9.07492 12243539 12243538 12243549 12243537 4.66451770247 -18.2716 3.75503 1.42591
9.25648 12243538 12243537 12243549 12243536 4.42803373661 -24.5826 9.51873 -3.7961
9.29457 12243537 12243536 12243549 12243535 4.17683491473 -28.9139 13.026 -5.13673
9.34609 12243536 12243535 12243549 12243534 4.00794511147 -28.0443 11.5299 -5.08932
9.40131 12243535 12243533 12243549 12243532 3.70877426464 -27.6494 15.6076 -3.03732
9.40518 12243533 12243532 12243549 12243531 3.49086136926 -29.4446 18.1097 -2.51358
9.41784 12243532 12243531 12243549 12243530 3.28303305796 -36.0575 9.88569 -7.1879
9.45946 12243531 12243530 12243549 12243529 3.08482263583 -33.9789 7.57495 -10.0276
9.50973 12243530 12243529 12243549 12243528 3.00813107163 -34.1111 -10.5853 -20.4283
9.01298 12243582 12243581 12243596 12243580 3.00813107163 8.51202 1.22353 2.91232
9.01614 12243581 12243580 12243596 12243579 2.89578500573 7.82986 2.05082 1.39449
9.02548 12243580 12243574 12243596 12243573 2.1032696526 -11.8611 13.291 -4.32589
9.08578 12243618 12243617 12243634 12243616 3.93726108473 16.0751 -11.9048 3.52023
9.0066 12243691 12243690 12243700 12243689 2.89578500573 0.226558 7.881 -12.4925
9.02239 12243690 12243689 12243700 12243688 2.73314261732 0.60048 8.99363 -17.0696
9.04653 12243689 12243687 12243700 12243686 2.31611074396 0.656098 11.7912 -10.4777
9.03463 12243768 12243767 12243779 12243766 3.93726108473 2.221 1.8141 -3.9418
9.0666 12243767 12243766 12243779 12243765 3.70877426464 3.79577 2.84435 -7.47799
9.08309 12243766 12243765 12243779 12243764 3.49086136926 6.29341 5.64506 -5.25589
9.10926 12243765 12243764 12243779 12243763 3.28303305796 5.07874 6.35386 -3.06055
9.14344 12243764 12243762 12243779 12243761 3.00813107163 4.48427 6.94422 -1.66864
9.01614 12243805 12243804 12243814 12243803 4.17683491473 -8.32426 -0.649968 6.34421
9.04358 12243804 12243803 12243814 12243802 4.00794511147 -9.78999 -3.32365 11.6271
9.12424 12243803 12243802 12243814 12243801 3.93726108473 -11.293 -4.7091 13.0365
9.13634 12243802 12243801 12243814 12243800 3.70877426464 -7.03246 -4.23707 10.073
9.14344 12243801 12243800 12243814 12243799 3.49086136926 -7.5779 -2.37011 8.42868
9.18376 12243800 12243799 12243814 12243798 3.28303305796 -6.6752 -5.02854 26.7762
9.05524 12243960 12243959 12243966 12243958 8.01217294887 -3.10681 -12.7977 -3.32294
9.16182 12243959 12243958 12243966 12243957 7.59510714987 -3.39667 -13.3777 -0.63929
9.21869 12243958 12243957 12243966 12243956 7.23627606617 -3.9146 -11.5954 -0.27281
9.25284 12243957 12243956 12243966 12243955 7.00541704554 -3.37976 -12.0341 -1.34877
9.2845 12243956 12243955 12243966 12243954 6.85511726265 -3.7086 -12.6247 -1.55143
9.31083 12243955 12243954 12243966 12243953 6.49159774567 -3.25669 -10.8353 -2.67609
9.41784 12243954 12243953 12243966 12243952 6.14490120342 -8.67011 -17.1123 -4.7969
9.43015 12243953 12243951 12243966 12243950 5.84661374788 -7.59116 -15.4001 -6.03537
9.44447 12243951 12243950 12243966 12243949 5.52976580795 -6.2964 -12.7037 -6.142
9.47724 12243950 12243949 12243966 12243948 5.22758097313 -5.44925 -13.5031 -6.68723
9.50669 12243949 12243948 12243966 12243947 4.99593346816 -3.94771 -10.354 -4.63415
9.50669 12243948 12243946 12243966 12243945 4.66451770247 -5.0615 -8.82711 0.00171248
9.58975 12243946 12243945 12243966 12243944 4.42803373661 -5.06627 -2.2515 -0.797735
9.61584 12243945 12243942 12243966 12243941 3.93726108473 -6.87476 -1.16904 8.81012
9.63442 12243942 12243941 12243966 12243940 3.70877426464 -8.47821 2.55491 -2.34733
9.0098 12243987 12243986 12244003 12243985 3.00813107163 -8.17813 10.0047 -3.57561
9.0098 12243986 12243985 12244003 12243984 2.89578500573 -12.7515 6.65897 -1.40207
9.03463 12244105 12244104 12244113 12244103 4.42803373661 -7.38812 -3.26931 8.06516
9.67767 12244104 12244099 12244113 12244098 3.49086136926 -19.8082 -48.6787 -1.44677
9.78742 12244099 12244098 12244113 12244097 3.28303305796 -28.2791 -58.6573 9.67794
9.01298 12244164 12244163 12244169 12244162 4.17683491473 -3.02588 -5.98547 1.7989
9.08038 12244229 12244228 12244238 12244227 8.01217294887 -2.52427 -3.64884 0.335311
9.16407 12244228 12244227 12244238 12244226 7.59510714987 -3.85738 -4.53154 0.995451
9.24362 12244227 12244226 12244238 12244225 7.23627606617 0.298219 0.134646 -1.3577
9.2862 12244226 12244225 12244238 12244224 7.00541704554 -3.40636 -3.45653 -0.163824
9.37869 12244225 12244224 12244238 12244223 6.85511726265 -7.72879 -0.858571 5.82651
9.47286 12244224 12244223 12244238 12244222 6.49159774567 -6.86009 -16.029 11.2789
9.50158 12244223 12244222 12244238 12244221 6.14490120342 -8.80509 -24.8309 5.97446
9.53332 12244222 12244221 12244238 12244220 6.01075739884 -8.04476 -22.6449 6.06508
9.55387 12244221 12244220 12244238 12244219 5.84661374788 -5.72953 -21.9536 7.70686
9.60624 12244220 12244219 12244238 12244218 5.52976580795 -3.91131 -17.5539 14.034
9.62056 12244219 12244218 12244238 12244217 5.22758097313 -5.91504 -15.9462 14.4352
9.63744 12244218 12244215 12244238 12244214 4.66451770247 -3.89675 -12.5841 13.7481
9.66302 12244215 12244212 12244238 12244211 4.00794511147 -4.14941 -12.3918 16.4602
9.68784 12244212 12244211 12244238 12244210 3.93726108473 -4.7956 -12.8519 17.7881
9.74958 12244211 12244210 12244238 12244209 3.70877426464 -10.4959 -23.708 12.2942
9.82663 12244210 12244209 12244238 12244208 3.49086136926 17.4726 -36.6058 -13.3307
9.06378 12244286 12244285 12244296 12244284 4.17683491473 3.01712 2.68738 -2.38982
9.0666 12244285 12244284 12244296 12244283 4.00794511147 -0.0234943 2.09165 -1.71904
9.16182 12244363 12244362 12244370 12244361 4.99593346816 13.5095 6.04382 4.66852
9.25648 12244362 12244358 12244370 12244357 4.17683491473 -11.636 -5.23129 -11.8624
9.30763 12244358 12244357 12244370 12244356 4.00794511147 4.96031 -0.378019 -14.1114
9.46955 12244357 12244356 12244370 12244355 3.93726108473 2.30247 -10.3408 -21.6209
9.65224 12244356 12244355 12244370 12244354 3.70877426464 -16.6833 -19.3855 -30.6111
9.01928 12244401 12244400 12244409 12244399 5.22758097313 2.41176 0.626878 3.90506
9.06378 12244400 12244399 12244409 12244398 4.99593346816 1.18635 4.3432 2.3495
9.1573 12244399 12244397 12244409 12244396 4.66451770247 0.618013 4.63131 2.81558
9.16852 12244397 12244396 12244409 12244395 4.42803373661 1.74523 5.24901 2.83191
9.17729 12244396 12244395 12244409 12244394 4.17683491473 -0.119227 2.44073 3.76769
9.0098 12244717 12244716 12244725 12244715 8.01217294887 -2.78844 -3.19974 -3.12368
9.15956 12244716 12244715 12244725 12244714 7.59510714987 2.42613 -2.68525 -0.799946
9.2026 12244715 12244714 12244725 12244713 7.23627606617 -0.193103 -3.79256 -1.85999
9.22066 12244714 12244713 12244725 12244712 7.00541704554 -2.14883 -4.40057 -2.2196
9.24733 12244713 12244712 12244725 12244711 6.85511726265 -3.18839 -6.83266 -2.81738
9.52462 12244712 12244711 12244725 12244710 6.49159774567 -10.2732 -15.0317 -2.02277
9.71005 12244711 12244710 12244725 12244709 6.14490120342 -23.3907 -20.4288 -20.183
9.82222 12244710 12244708 12244725 12244707 5.84661374788 -21.4636 -22.2637 0.735713
9.9028 12244708 12244707 12244725 12244706 5.52976580795 -18.427 -31.7679 33.1392
9.97004 12244707 12244706 12244725 12244705 5.22758097313 -23.0673 -41.5342 13.7685
10.0017 12244706 12244705 12244725 12244704 4.99593346816 -19.8334 -36.1941 17.817
10.043 12244705 12244703 12244725 12244702 4.66451770247 -19.6675 -32.2269 8.52507
10.1105 12244703 12244702 12244725 12244701 4.42803373661 -25.8187 -34.1891 -10.9301
10.1566 12244702 12244701 12244725 12244700 4.17683491473 -31.6347 -47.1214 -4.21085
10.2419 12244701 12244700 12244725 12244699 4.00794511147 -50.2667 -55.4017 -13.0487
10.2906 12244700 12244699 12244725 12244698 3.93726108473 -69.1224 -55.5577 3.03761
10.3871 12244699 12244698 12244725 12244697 3.70877426464 -69.0012 -51.2382 -15.7065
10.5425 12244698 12244697 12244725 12244696 3.49086136926 -84.1223 -44.8359 -46.6404
10.6103 12244697 12244696 12244725 12244695 3.28303305796 -66.5248 -44.1514 -52.7178
10.6624 12244696 12244695 12244725 12244694 3.08482263583 -31.8159 -12.7357 -75.9362
10.6858 12244695 12244694 12244725 12244693 3.00813107163 -34.265 -5.68353 -69.8923
10.9579 12244694 12244693 12244725 12244692 2.73314261732 -185.441 127.122 24.2616
10.9612 12244693 12244692 12244725 12244691 2.44422570455 -107.037 57.6844 -3.57773
11.011 12244692 12244691 12244725 12244690 2.31611074396 -116.349 198.977 -6.77166
11.0465 12244691 12244689 12244725 12244688 2.1032696526 -117.511 135.185 7.56778
9.0066 12244738 12244737 12244745 12244736 9.00233985416 0.0308996 3.30744 -0.409089
9.02548 12244737 12244736 12244745 12244735 8.9079991856 0.245569 3.28968 1.71065
9.06378 12244736 12244734 12244745 12244733 8.01217294887 -0.0928351 1.18677 -1.82236
9.10926 12244734 12244733 12244745 12244732 7.59510714987 2.7248 3.99916 -0.100549
9.13394 12244733 12244732 12244745 12244731 7.23627606617 -1.59767 -1.16885 -0.710998
9.2361 12244732 12244731 12244745 12244730 7.00541704554 0.649228 2.40826 6.25324
9.24362 12244731 12244730 12244745 12244729 6.85511726265 -3.30678 -2.62047 5.7226
9.02548 12244853 12244852 12244862 12244851 6.14490120342 -3.00459 4.07464 -0.99748
9.05235 12244852 12244851 12244862 12244850 6.01075739884 -2.74387 0.956613 -1.24894
9.14344 12244851 12244850 12244862 12244849 5.84661374788 -4.85112 2.80625 -1.61929
9.28788 12244850 12244848 12244862 12244847 5.22758097313 0.359562 -1.03039 -0.633414
9.3634 12244848 12244847 12244862 12244846 4.99593346816 0.12992 3.88982 3.34238
9.42649 12244847 12244846 12244862 12244845 4.93938066349 -1.41893 -0.670628 3.21287
9.43617 12244846 12244845 12244862 12244844 4.66451770247 -3.31498 2.55692 5.40611
9.43617 12244845 12244844 12244862 12244843 4.42803373661 -5.93169 -1.37293 5.74635
9.21671 12244896 12244895 12244901 12244894 10.9190331982 -5.35019 1.05618 -11.8473
9.29622 12244895 12244894 12244901 12244893 10.3674435724 -3.49391 -2.12718 -15.0797
9.36199 12244894 12244890 12244901 12244889 9.00233985416 0.410925 -11.6484 -4.82241
9.42649 12244890 12244888 12244901 12244887 8.44947629437 -1.72529 -7.77727 -13.2085
9.52851 12244888 12244887 12244901 12244886 8.01217294887 -5.77971 -6.62644 -21.1832
9.54465 12244887 12244886 12244901 12244885 7.59510714987 -6.37077 -6.88387 -22.5873
9.62908 12244886 12244885 12244901 12244884 7.23627606617 -3.72562 -8.32421 -12.1158
9.67075 12244885 12244884 12244901 12244883 7.00541704554 -7.26781 -3.75857 -14.9008
9.77058 12244884 12244883 12244901 12244882 6.85511726265 -5.69681 -12.8725 -20.6317
9.81628 12244883 12244881 12244901 12244880 6.14490120342 -6.58632 -6.83868 -15.8255
9.82663 12244881 12244880 12244901 12244879 6.01075739884 -5.50092 -8.64441 -16.9452
9.89078 12244880 12244879 12244901 12244878 5.84661374788 -0.112427 -22.1933 -16.4019
9.92626 12244879 12244878 12244901 12244877 5.52976580795 -4.54737 -16.9445 -18.1013
9.98618 12244878 12244877 12244901 12244876 5.22758097313 -5.58136 -18.7514 -28.7496
10.0334 12244877 12244876 12244901 12244875 4.99593346816 -6.43375 -20.9459 -33.3633
10.0578 12244876 12244875 12244901 12244874 4.93938066349 -6.8412 -23.0036 -41.03
10.3305 12244875 12244873 12244901 12244872 4.17683491473 -23.6294 2.60694 -90.5484
10.3474 12244873 12244872 12244901 12244871 4.00794511147 -25.5055 3.63596 -88.6293
10.3787 12244872 12244871 12244901 12244870 3.93726108473 -23.6596 -3.07374 -67.9285
10.3956 12244871 12244870 12244901 12244869 3.70877426464 -14.9 3.67354 -74.4111
10.4117 12244870 12244869 12244901 12244868 3.49086136926 -12.6648 16.5699 -45.4506
10.1705 12244923 12244922 12244923 12244921 4.66451770247 -14.4583 -15.4899 -66.5444
10.3253 12244922 12244921 12244923 12244873 4.42803373661 -23.6385 10.1592 -103.708
9.04062 12244943 12244942 12244949 12244941 8.01217294887 6.40523 -3.78443 3.69579
9.10157 12244942 12244941 12244949 12244940 7.59510714987 2.78432 -5.3647 2.78155
9.21472 12244941 12244939 12244949 12244938 7.00541704554 7.76426 -6.07379 1.36273
9.29124 12244939 12244938 12244949 12244937 6.85511726265 9.19307 -5.96403 0.0472885
9.34609 12244938 12244937 12244949 12244936 6.49159774567 6.41275 -5.97456 -4.00036
9.53902 12244937 12244936 12244949 12244935 6.14490120342 2.14871 -6.83069 4.62217
9.62754 12244936 12244935 12244949 12244934 6.01075739884 -13.0235 -12.4811 8.01047
9.69051 12244935 12244934 12244949 12244933 5.84661374788 -17.6222 -11.8637 0.312727
9.70299 12244934 12244933 12244949 12244932 5.52976580795 -13.2892 -16.7335 5.44137
9.80158 12244933 12244932 12244949 12244931 5.22758097313 7.69402 -12.6788 5.28334
9.91289 12245076 12245075 12245077 12244692 2.5772902716 -45.5877 -52.2102 -31.9269
9.07492 12245101 12245100 12245111 12245099 7.00541704554 -1.91391 -11.1694 -12.4049
9.07766 12245100 12245098 12245111 12245097 6.49159774567 -2.26481 -13.0493 -12.0836
9.1193 12245098 12245097 12245111 12245096 6.14490120342 -3.15718 -10.9663 -9.60765
9.14811 12245097 12245090 12245111 12245089 4.66451770247 -4.49515 -9.31636 -10.3779
9.17293 12245090 12245089 12245111 12245088 4.42803373661 -3.83492 -8.49624 -10.4016
9.20668 12245089 12245088 12245111 12245087 4.17683491473 -4.02397 -8.04866 -9.89317
9.25648 12245088 12245087 12245111 12245086 4.00794511147 -3.05691 -2.19599 -7.53649
9.05235 12245128 12245127 12245134 12245126 4.42803373661 16.0201 1.25424 -13.9449
9.16852 12245127 12245126 12245134 12245125 4.17683491473 4.99029 -2.98441 -19.866
9.2026 12245126 12245125 12245134 12245124 4.00794511147 1.5523 -2.83446 -18.1205
9.21869 12245125 12245124 12245134 12245123 3.93726108473 -1.24607 -3.28443 -15.6174
9.00337 12245216 12245215 12245224 12245214 6.14490120342 5.23004 -7.88419 -2.19631
9.01928 12245215 12245214 12245224 12245213 6.01075739884 2.94955 -7.13295 -1.42025
9.04653 12245214 12245213 12245224 12245212 5.84661374788 1.3634 -7.11775 -1.20731
9.06939 12245213 12245212 12245224 12245211 5.52976580795 3.14222 -8.39191 -2.60768
9.23988 12245212 12245209 12245224 12245208 4.93938066349 -10.9738 -12.528 -7.76767
9.32805 12245209 12245208 12245224 12245207 4.66451770247 -4.62821 -14.0038 -5.30846
9.33566 12245208 12245207 12245224 12245206 4.42803373661 1.11918 -14.7273 -3.03377
9.50363 12245207 12245206 12245224 12245205 4.17683491473 -4.77203 -16.1903 -5.7765
9.5256 12245206 12245205 12245224 12245204 4.00794511147 -1.12971 -5.18736 2.23781
9.53996 12245205 12245203 12245224 12245202 3.70877426464 -4.75435 -7.64721 12.7683
9.0098 12245244 12245243 12245251 12245242 6.49159774567 5.44741 2.70514 6.95602
9.0098 12245243 12245242 12245251 12245241 6.14490120342 0.0171613 2.15176 3.97516
9.09111 12245242 12245241 12245251 12245240 6.01075739884 1.11516 1.78777 8.93084
9.09111 12245241 12245240 12245251 12245239 5.84661374788 0.332174 1.68585 7.56288
9.12912 12245240 12245239 12245251 12245238 5.52976580795 3.12287 1.6727 5.97313
9.17512 12245239 12245238 12245251 12245237 5.22758097313 -1.03188 -0.17456 10.0313
9.0666 12245319 12245318 12245335 12245317 3.70877426464 -0.0978992 5.20613 6.71334
10.9843 12245318 12245311 12245335 12245310 2.5772902716 -176.758 164.55 6.74003
9.03763 12245405 12245404 12245422 12245403 4.17683491473 -20.6665 -3.07756 -1.92044
9.0316 12245618 12245617 12245630 12245616 4.66451770247 -3.85658 8.99247 -1.04431
9.07216 12245617 12245615 12245630 12245614 4.17683491473 -2.11099 4.46175 -1.01056
9.13394 12245615 12245614 12245630 12245613 4.00794511147 -2.68591 0.71383 -0.756619
9.13871 12245614 12245613 12245630 12245612 3.93726108473 -4.31963 2.69504 -0.0522532
9.18162 12245613 12245612 12245630 12245611 3.70877426464 -2.03533 6.01244 -5.31275
9.20668 12245612 12245611 12245630 12245610 3.49086136926 5.49987 11.5478 -1.66157
9.25648 12245611 12245610 12245630 12245609 3.28303305796 -18.2845 9.90008 -11.2333
9.2845 12245610 12245609 12245630 12245608 3.08482263583 -18.3877 11.3738 -14.4931
9.3156 12245609 12245608 12245630 12245607 3.00813107163 -3.96799 20.3755 -11.0507
9.31717 12245608 12245607 12245630 12245606 2.89578500573 -5.77121 19.7345 -12.8511
9.38815 12245607 12245606 12245630 12245605 2.73314261732 -1.66898 24.7423 -15.4801
9.08309 12245726 12245725 12245737 12245724 3.28303305796 3.18271 -5.88262 -11.3465
9.0066 12246205 12246204 12246220 12246203 3.93726108473 -1.79128 3.90985 2.33432
9.0316 12246204 12246203 12246220 12246202 3.70877426464 -6.49424 6.7913 -6.02192
9.09375 12246203 12246202 12246220 12246201 3.49086136926 -2.60622 0.793248 1.17447
9.12178 12246202 12246201 12246220 12246200 3.28303305796 -4.64785 7.70986 1.70281
9.15273 12246201 12246199 12246220 12246198 3.00813107163 -4.96662 6.11009 -2.69604
9.16407 12246199 12246197 12246220 12246196 2.73314261732 -2.83659 6.69814 2.06641
9.04945 12246333 12246332 12246339 12246331 8.01217294887 -6.52586 -0.536224 -11.135
9.09898 12246332 12246331 12246339 12246330 7.59510714987 -4.99634 -0.350128 -9.66993
9.16407 12246331 12246330 12246339 12246329 7.23627606617 -4.7173 0.138655 -10.92
9.2026 12246330 12246329 12246339 12246328 7.00541704554 -5.82461 -1.97308 -11.3917
9.26187 12246329 12246328 12246339 12246327 6.85511726265 -8.59836 -0.379771 -4.89544
9.2672 12246328 12246327 12246339 12246326 6.49159774567 -3.497 1.55595 -5.04182
9.2845 12246327 12246324 12246339 12246323 5.84661374788 -3.50297 -0.483077 -11.9279
9.28788 12246324 12246323 12246339 12246322 5.52976580795 -1.20754 -2.79023 -8.9511
9.34756 12246323 12246322 12246339 12246321 5.22758097313 -3.35748 -4.97497 -8.00085
9.35771 12246322 12246321 12246339 12246320 4.99593346816 -3.27143 -3.98027 -7.75583
9.38005 12246321 12246320 12246339 12246319 4.93938066349 -5.41587 -5.9057 -6.24368
9.44093 12246320 12246319 12246339 12246318 4.66451770247 -6.24045 -3.14594 -0.489878
9.54372 12246319 12246318 12246339 12246317 4.42803373661 -16.9206 -6.47357 2.08434
9.01928 12246567 12246566 12246582 12246565 4.00794511147 3.69805 3.0181 1.75521
9.04062 12246566 12246565 12246582 12246564 3.93726108473 3.43564 2.29234 0.59053
9.04945 12246565 12246564 12246582 12246563 3.70877426464 1.9342 6.83754 1.55817
9.08038 12246564 12246563 12246582 12246562 3.49086136926 0.697389 3.10301 1.03472
9.10671 12246563 12246560 12246582 12246559 3.00813107163 -1.46645 3.60523 -0.593564
9.20055 12246741 12246740 12246754 12246739 3.28303305796 -23.6979 6.07827 6.55994
9.42033 12246740 12246739 12246754 12246738 3.08482263583 -36.4567 15.6934 6.40768
9.17946 12246766 12246765 12246778 12246764 3.49086136926 -40.8953 21.2882 16.3674
9.0316 12246912 12246911 12246919 12246910 3.70877426464 -5.15562 -2.91151 -21.338
9.20464 12246911 12246910 12246919 12246909 3.49086136926 -6.5331 -5.14815 -17.1971
9.42771 12246910 12246909 12246919 12246908 3.28303305796 -27.7257 3.18987 -19.2848
9.51873 12246909 12246908 12246919 12246907 3.08482263583 -20.8854 -7.61263 -3.2119
9.54651 12246908 12246906 12246919 12246905 2.73314261732 -25.5157 -12.0031 -2.71412
9.12668 12247241 12247240 12247253 12247239 4.42803373661 -12.8319 -1.53588 -6.70255
9.14344 12247240 12247239 12247253 12247238 4.17683491473 -1.72013 -11.838 -13.7326
9.15273 12247239 12247238 12247253 12247237 4.00794511147 -5.41596 -1.8785 -3.98495
9.17293 12247238 12247236 12247253 12247235 3.70877426464 -6.72763 -2.94859 -3.80173
9.00012 12247675 12247674 12247686 12247673 4.42803373661 -1.31503 -2.84438 -17.6515
9.01928 12247674 12247673 12247686 12247672 4.17683491473 -0.766279 -2.49142 -17.6318
9.03463 12247673 12247672 12247686 12247671 4.00794511147 -0.883311 -2.91073 -18.4388
9.06378 12247672 12247671 12247686 12247670 3.93726108473 -0.0767661 -1.97607 -21.1854
9.11431 12247671 12247670 12247686 12247669 3.70877426464 1.10749 -4.50718 -21.3763
9.14578 12247670 12247664 12247686 12247663 2.73314261732 -1.90811 -1.08239 -19.4965
9.00337 12247736 12247735 12247746 12247734 3.08482263583 -3.01606 -9.16099 2.99547
9.02855 12247735 12247728 12247746 12247727 2.20792547238 -21.4047 -18.2156 12.6794
9.0316 12247728 12247725 12247746 12247724 1.90408954353 -13.7582 -12.7386 6.20535
9.04945 12247725 12247724 12247746 12247723 1.82268925262 -11.536 -13.1771 5.9548
9.2929 12248033 12248032 12248044 12248031 3.00813107163 18.8171 -4.51234 2.4493
9.32805 12248032 12248030 12248044 12248029 2.73314261732 34.193 -7.30466 0.971192
9.39346 12248030 12248029 12248044 12248028 2.5772902716 6.75494 9.96212 -5.9611
9.44329 12248029 12248028 12248044 12248027 2.44422570455 6.48555 11.4378 -6.25373
9.00012 12248102 12248101 12248118 12248100 2.5772902716 8.4861 -14.3805 2.69494
9.01298 12248101 12248100 12248118 12248099 2.44422570455 9.10172 -18.0161 2.3992
9.05811 12248100 12248099 12248118 12248098 2.31611074396 7.68693 -19.8876 4.62317
9.00337 12248450 12248449 12248473 12248448 3.28303305796 7.92288 1.94613 -11.6127
9.05524 12248601 12248600 12248612 12248599 4.42803373661 2.00854 -2.18621 -3.73804
9.07492 12248600 12248598 12248612 12248597 4.00794511147 4.21442 -6.78072 -6.17415
9.07766 12248598 12248597 12248612 12248596 3.93726108473 1.46485 -5.4855 -2.66981
9.08309 12248597 12248595 12248612 12248594 3.49086136926 3.91278 -4.70572 -1.2986
9.18376 12248595 12248592 12248612 12248591 3.00813107163 -0.631566 0.739499 -1.44385
9.21869 12248592 12248589 12248612 12248588 2.5772902716 -4.90802 4.98448 -0.27531
9.04945 12249445 12249444 12249449 12249443 5.52976580795 -24.5482 0.468097 3.97091
9.07216 12249444 12249442 12249449 12249441 4.99593346816 -24.2773 -2.84953 4.27546
9.10671 12249442 12249441 12249449 12249440 4.93938066349 -20.2228 -1.28362 1.66241
9.27246 12249441 12249440 12249449 12249439 4.66451770247 3.10736 -29.9574 12.5957
9.61977 12249440 12249438 12249449 12249437 4.17683491473 34.9089 -56.2696 2.37054
9.68918 12249438 12249435 12249449 12249434 3.70877426464 -12.0514 -70.0332 4.88015
9.11179 12249465 12249464 12249470 12249463 4.93938066349 1.50755 18.4876 -14.6195
9.20464 12249464 12249462 12249470 12249438 4.42803373661 7.50426 21.4718 -13.9648
9.00012 12249530 12249529 12249549 12249528 2.31611074396 -11.4383 0.370659 -2.28022
9.04358 12249529 12249528 12249549 12249527 2.20792547238 -14.9027 -10.2632 -2.03795
9.08309 12249528 12249527 12249549 12249526 2.1032696526 -20.1351 -11.7171 -2.73021
9.0066 12249610 12249609 12249626 12249608 3.28303305796 -0.764513 0.813098 5.66897
9.24175 12249609 12249606 12249626 12249605 2.89578500573 16.6116 -3.54503 -8.14009
9.04653 12250952 12250951 12250956 12250950 7.00541704554 -4.12531 -3.77514 6.79229
9.06378 12250951 12250950 12250956 12250949 6.85511726265 -5.26143 -4.662 8.24439
9.11179 12250950 12250949 12250956 12250948 6.49159774567 -6.39428 -2.29367 4.75226
9.19013 12250949 12250948 12250956 12250947 6.14490120342 -7.9557 0.429937 2.85034
9.22845 12250948 12250945 12250956 12250944 5.52976580795 -9.39029 -0.412028 2.2746
9.31874 12250945 12250944 12250956 12250943 5.22758097313 3.47315 -11.5633 4.21969
9.38681 12250944 12250943 12250956 12250942 4.99593346816 6.56016 -9.72777 -3.35581
9.39081 12250943 12250940 12250956 12250939 4.42803373661 3.37807 -6.63919 -2.19118
9.4651 12250940 12250939 12250956 12250938 4.17683491473 9.00098 -8.93982 -3.49637
9.53044 12250939 12250938 12250956 12250937 4.00794511147 17.3447 -13.4274 2.09963
9.54651 12250938 12250937 12250956 12250936 3.93726108473 18.1817 -10.8598 4.99347
9.55841 12250937 12250936 12250956 12250935 3.70877426464 20.1512 -9.20859 0.773381
9.58638 12250936 12250935 12250956 12250934 3.49086136926 18.7058 -5.06484 -0.839475
9.63518 12250935 12250934 12250956 12250933 3.28303305796 15.1039 -5.98089 1.32477
9.70039 12250934 12250933 12250956 12250932 3.08482263583 16.1007 8.6428 7.75012
9.77279 12250933 12250932 12250956 12250931 3.00813107163 13.1155 8.55014 4.81971
9.80823 12250932 12250931 12250956 12250930 2.89578500573 7.27463 15.5451 -2.73465
9.88826 12250931 12250930 12250956 12250929 2.73314261732 -3.35351 -6.72272 6.18081
9.96191 12250930 12250929 12250956 12250928 2.5772902716 -16.236 -19.2959 0.291919
9.07216 12251075 12251074 12251083 12251073 4.42803373661 -11.3044 -2.9157 6.41397
9.16852 12251074 12251073 12251083 12251072 4.17683491473 -17.3 1.5736 7.06059
9.24548 12251073 12251072 12251083 12251071 4.00794511147 -17.399 16.0296 13.505
9.30923 12251072 12251070 12251083 12251069 3.70877426464 -17.1009 19.2043 13.0163
9.34756 12251070 12251069 12251083 12251068 3.49086136926 -14.259 16.5769 15.6795
9.43974 12251069 12251068 12251083 12251067 3.28303305796 -4.94308 12.2564 15.7567
9.50055 12251068 12251065 12251083 12251064 2.89578500573 -3.5623 20.9355 6.26791
9.67904 12251065 12251064 12251083 12251063 2.73314261732 10.9794 8.05557 -4.14827
9.09111 12251120 12251119 12251125 12251118 5.52976580795 5.32788 -5.70945 5.30781
9.10157 12251119 12251118 12251125 12251117 5.22758097313 6.4321 -14.285 3.38149
9.15042 12251118 12251117 12251125 12251116 4.99593346816 3.33288 -7.62877 5.82873
9.1663 12251117 12251116 12251125 12251115 4.93938066349 3.81678 -6.32954 7.47462
9.19223 12251116 12251115 12251125 12251114 4.66451770247 -0.0269883 -10.0553 5.97151
9.20055 12251115 12251114 12251125 12251113 4.42803373661 2.2371 -10.4666 6.14079
9.24362 12251114 12251113 12251125 12251112 4.17683491473 -6.29952 -13.302 6.35164
9.25648 12251113 12251112 12251125 12251111 4.00794511147 -5.22371 -13.104 4.95941
9.2862 12251112 12251111 12251125 12251110 3.93726108473 -4.88834 -15.2717 3.65844
9.34016 12251111 12251105 12251125 12251104 2.89578500573 -4.07698 -15.6825 3.83071
9.44329 12251105 12251099 12251125 12251098 2.1032696526 12.2234 2.24964 14.5293
9.16407 12251225 12251224 12251239 12251223 4.42803373661 0.506179 -0.644769 0.280453
9.19848 12251224 12251223 12251239 12251222 4.17683491473 1.63706 0.750052 -0.42362
9.25648 12251223 12251222 12251239 12251221 4.00794511147 -4.06514 0.520934 -2.42027
9.29457 12251222 12251221 12251239 12251220 3.93726108473 0.505052 -1.47327 1.27792
9.29951 12251221 12251220 12251239 12251219 3.70877426464 3.97606 1.06716 -1.0691
9.07766 12251313 12251312 12251328 12251311 3.08482263583 -8.00124 5.45353 13.336
9.03463 12251439 12251438 12251449 12251437 4.17683491473 1.50519 -5.75401 1.76686
9.03463 12251438 12251437 12251449 12251436 4.00794511147 2.15859 -4.6574 2.6634
9.08038 12251437 12251435 12251449 12251434 3.70877426464 0.393605 -5.87871 1.41639
9.09898 12251435 12251433 12251449 12251432 3.28303305796 -2.80105 -5.709 2.48812
9.13634 12251433 12251429 12251449 12251428 2.73314261732 -9.1787 -2.41537 3.45667
9.0066 12251514 12251513 12251525 12251512 2.44422570455 -4.73739 -5.46153 -4.45991
9.06378 12251513 12251511 12251525 12251510 2.20792547238 -4.095 -1.57109 1.99255
9.07766 12251511 12251509 12251525 12251508 2.00202813925 -6.60986 -5.14087 -0.713135
9.09375 12251509 12251508 12251525 12251507 1.90408954353 -8.25348 -6.75693 1.29985
9.0316 12251630 12251629 12251644 12251628 4.99593346816 9.31656 -4.37735 11.3917
9.08038 12251629 12251628 12251644 12251627 4.93938066349 8.51892 -4.38699 12.3376
9.08578 12251628 12251627 12251644 12251626 4.66451770247 9.8504 -4.4772 13.5524
9.09898 12251627 12251625 12251644 12251624 4.17683491473 9.47119 -6.4665 8.08694
9.11681 12251625 12251624 12251644 12251623 4.00794511147 10.8722 -7.53343 5.96106
9.12668 12251624 12251623 12251644 12251622 3.93726108473 11.6324 -8.30836 5.32449
9.13154 12251623 12251622 12251644 12251621 3.70877426464 12.5797 -4.01194 7.95494
9.14108 12251622 12251621 12251644 12251620 3.49086136926 9.03699 -7.32639 10.4351
9.17073 12251621 12251620 12251644 12251619 3.28303305796 11.6201 -11.1714 8.17963
9.2026 12251620 12251619 12251644 12251618 3.08482263583 8.61036 -12.4844 12.6266
9.21472 12251619 12251618 12251644 12251617 3.00813107163 11.7125 -10.088 12.5419
9.21472 12251618 12251617 12251644 12251616 2.89578500573 9.47775 -12.186 10.4254
9.04653 12252105 12252104 12252110 12252103 4.66451770247 12.7799 -3.10295 4.76569
9.11431 12252104 12252103 12252110 12252102 4.42803373661 9.52516 -7.09462 7.0598
9.14344 12252103 12252102 12252110 12252101 4.17683491473 10.8938 -2.76443 3.70956
9.17073 12252102 12252089 12252110 12252088 2.20792547238 -5.94716 2.63018 1.54489
9.02239 12252198 12252197 12252207 12252196 5.22758097313 4.66179 15.9928 -0.676772
9.06378 12252197 12252193 12252207 12252192 4.42803373661 4.50138 14.0044 -0.800218
9.18376 12252193 12252189 12252207 12252188 3.70877426464 0.907713 18.9312 7.50042
