logMh | fpID | subhaloID | main leaf ID | descID |  z
9.06096 10000000016735151 10000000016735150 10000000016735158 10000000016735149 8.01217294887 -1.07671 -4.6202 4.76714
9.09375 10000000016735150 10000000016735149 10000000016735158 10000000016735148 7.59510714987 -2.56896 -5.10223 4.05951
9.19013 10000000016735149 10000000016735147 10000000016735158 10000000016735146 7.00541704554 -1.99901 -4.4176 4.50867
9.21869 10000000016735147 10000000016735146 10000000016735158 10000000016735145 6.85511726265 -1.73401 -6.38316 4.78914
9.6449 10000000016735146 10000000016735145 10000000016735158 10000000016735144 6.49159774567 10.1849 -6.10721 15.5996
9.80721 10000000016735145 10000000016735144 10000000016735158 10000000016735143 6.14490120342 19.3393 -1.81962 6.8396
9.84334 10000000016735144 10000000016735143 10000000016735158 10000000016735142 6.01075739884 16.8083 -8.71532 -1.58572
9.89162 10000000016735143 10000000016735142 10000000016735158 10000000016735141 5.84661374788 12.2562 -9.73545 -2.999
9.95833 10000000016735142 10000000016735141 10000000016735158 10000000016735140 5.52976580795 18.4152 -11.1889 -3.38275
10.0258 10000000016735141 10000000016735140 10000000016735158 10000000016735139 5.22758097313 -6.84071 -21.5385 -18.2718
10.1039 10000000016735140 10000000016735139 10000000016735158 10000000016735138 4.99593346816 29.8655 -17.0657 -6.88834
10.12 10000000016735139 10000000016735138 10000000016735158 10000000016735137 4.93938066349 36.3816 -8.18633 4.7034
10.1859 10000000016735138 10000000016735137 10000000016735158 10000000016735136 4.66451770247 43.2803 -0.237896 2.58449
10.2127 10000000016735137 10000000016735136 10000000016735158 10000000016735135 4.42803373661 52.7309 4.67507 6.5053
10.2599 10000000016735136 10000000016735135 10000000016735158 10000000016735134 4.17683491473 44.7821 19.153 11.8729
10.3015 10000000016735135 10000000016735134 10000000016735158 10000000016735133 4.00794511147 47.3876 28.9852 17.2333
10.3079 10000000016735134 10000000016735133 10000000016735158 10000000016735132 3.93726108473 35.4428 27.8506 16.7016
10.3577 10000000016735133 10000000016735132 10000000016735158 10000000016735131 3.70877426464 32.9803 53.5225 20.1803
10.408 10000000016735132 10000000016735131 10000000016735158 10000000016735130 3.49086136926 49.4579 52.0183 23.052
10.4412 10000000016735131 10000000016735130 10000000016735158 10000000016735129 3.28303305796 50.3516 44.2091 23.4955
10.4807 10000000016735130 10000000016735129 10000000016735158 10000000016735128 3.08482263583 79.4428 -3.81573 6.07089
10.5273 10000000016735129 10000000016735125 10000000016735158 10000000016735124 2.5772902716 44.5033 20.0004 24.2352
10.5992 10000000016735125 10000000016735124 10000000016735158 10000000016735123 2.44422570455 17.4338 -10.4995 15.2492
10.6126 10000000016735124 10000000016735123 10000000016735158 10000000016735122 2.31611074396 33.6652 32.681 29.2807
10.6377 10000000016735123 10000000016735122 10000000016735158 10000000016735121 2.20792547238 2.96754 19.617 38.3543
10.6882 10000000016735122 10000000016735121 10000000016735158 10000000016735120 2.1032696526 -42.6101 -32.6837 -5.63748
10.8013 10000000016735121 10000000016735120 10000000016735158 10000000016735119 2.00202813925 -104.744 87.2701 -17.0621
10.8683 10000000016735120 10000000016735119 10000000016735158 10000000016735118 1.90408954353 -150.219 47.5104 -66.5346
10.892 10000000016735119 10000000016735118 10000000016735158 10000000016735117 1.82268925262 -184.732 -1.4655 -87.4183
10.8977 10000000016735118 10000000016735117 10000000016735158 10000000016735116 1.74357057433 -189.392 5.10251 -59.8392
10.9358 10000000016735117 10000000016735116 10000000016735158 10000000016735115 1.66666955611 -197.484 3.28019 -82.3028
10.987 10000000016735116 10000000016735115 10000000016735158 10000000016735114 1.60423452207 -115.688 136.586 -145.991
10.9954 10000000016735115 10000000016735114 10000000016735158 10000000016735113 1.53123902916 -156.983 -37.226 -68.9329
11.0532 10000000016735114 10000000016735113 10000000016735158 10000000016735112 1.47197484527 -65.4175 -89.8867 7.62787
11.0878 10000000016735113 10000000016735112 10000000016735158 10000000016735111 1.41409822037 -5.69842 -113.308 29.6779
11.1153 10000000016735112 10000000016735111 10000000016735158 10000000016735110 1.3575766674 35.446 -121.17 27.9603
11.1376 10000000016735111 10000000016735110 10000000016735158 10000000016735109 1.30237845991 70.5103 -152.4 31.4757
11.1547 10000000016735110 10000000016735109 10000000016735158 10000000016735108 1.24847261425 103.248 -136.239 40.8698
11.1722 10000000016735109 10000000016735108 10000000016735158 10000000016735107 1.20625808078 123.188 -142.698 60.0995
11.1783 10000000016735108 10000000016735107 10000000016735158 10000000016735106 1.15460271236 110.891 -113.625 56.878
11.1873 10000000016735107 10000000016735106 10000000016735158 10000000016735105 1.11415056377 127.283 -123.767 63.0384
11.2001 10000000016735106 10000000016735105 10000000016735158 10000000016735104 1.07445789455 134.566 -142.642 83.0049
11.2051 10000000016735105 10000000016735104 10000000016735158 10000000016735103 1.03551044566 133.603 -117.336 79.9882
11.2194 10000000016735104 10000000016735100 10000000016735158 10000000016735099 0.923000816178 119.114 -46.454 34.045
11.2203 10000000016735100 10000000016735099 10000000016735158 10000000016735098 0.886896937575 78.8673 -52.0343 -7.24278
11.2214 10000000016735099 10000000016735091 10000000016735158 10000000016735090 0.644641840685 30.7411 -56.9762 -66.6893
11.2244 10000000016735091 10000000016735090 10000000016735158 10000000016735089 0.621428745243 47.2378 -47.0111 -56.2471
11.2358 10000000016735090 10000000016735089 10000000016735158 10000000016735088 0.598543288188 45.9202 -51.7587 -62.5449
11.2464 10000000016735089 10000000016735088 10000000016735158 10000000016735087 0.575980845108 37.7956 -51.623 -43.1743
11.2542 10000000016735088 10000000016735087 10000000016735158 10000000016735086 0.546392183141 39.7384 -51.1376 -37.1943
11.2646 10000000016735087 10000000016735085 10000000016735158 10000000016735084 0.503047523245 50.6367 -35.6624 -42.0562
11.2703 10000000016735085 10000000016735084 10000000016735158 10000000016735083 0.481832943421 38.1267 -36.0511 -43.6831
11.2716 10000000016735084 10000000016735083 10000000016735158 10000000016735082 0.460917794181 33.4586 -30.9042 -37.1479
11.2798 10000000016735083 10000000016735082 10000000016735158 10000000016735081 0.440297849248 27.2699 -31.8517 -38.6772
11.292 10000000016735082 10000000016735081 10000000016735158 10000000016735080 0.419968941997 9.95616 -45.5028 -45.3053
11.2989 10000000016735081 10000000016735080 10000000016735158 10000000016735079 0.399926964614 -1.27379 -47.6675 -32.7802
11.3033 10000000016735080 10000000016735075 10000000016735158 10000000016735074 0.310074120128 -3.11868 -23.8336 -34.7893
11.3043 10000000016735075 10000000016735074 10000000016735158 10000000016735073 0.291583239722 1.77371 -31.8393 -33.7226
11.3101 10000000016735074 10000000016735073 10000000016735158 10000000016735072 0.273353346578 -4.59437 -47.7084 -33.6011
11.3132 10000000016735073 10000000016735072 10000000016735158 10000000016735071 0.261343256161 -3.14597 -55.9969 -47.7369
9.01614 10000000016735165 10000000016735164 10000000016735173 10000000016735163 7.23627606617 2.10177 2.17435 -7.9351
9.07216 10000000016735201 10000000016735200 10000000016735209 10000000016735199 7.23627606617 -2.90219 8.49983 4.00759
9.10671 10000000016735200 10000000016735199 10000000016735209 10000000016735198 7.00541704554 -1.37813 12.8036 3.74553
9.10671 10000000016735199 10000000016735198 10000000016735209 10000000016735197 6.85511726265 -4.15523 10.3219 3.70682
9.14578 10000000016735198 10000000016735197 10000000016735209 10000000016735196 6.49159774567 -0.993782 8.51327 5.35818
9.0066 10000000016735216 10000000016735215 10000000016735224 10000000016735214 5.52976580795 1.00215 -6.27563 -0.558003
9.1663 10000000016735215 10000000016735214 10000000016735224 10000000016735213 5.22758097313 6.76467 -3.74329 -13.7614
9.08309 10000000016735367 10000000016735366 10000000016735379 10000000016735365 5.52976580795 7.18246 -10.7914 0.4843
9.11431 10000000016735366 10000000016735362 10000000016735379 10000000016735361 4.66451770247 4.28208 -5.34477 0.938047
9.19848 10000000016735362 10000000016735361 10000000016735379 10000000016735360 4.42803373661 2.17499 -3.32207 2.54774
9.22651 10000000016735361 10000000016735360 10000000016735379 10000000016735359 4.17683491473 2.41694 -3.72848 3.41419
9.25284 10000000016735360 10000000016735359 10000000016735379 10000000016735358 4.00794511147 1.96252 -3.78813 0.894793
9.25284 10000000016735359 10000000016735358 10000000016735379 10000000016735357 3.93726108473 2.33491 -1.90832 -0.015044
9.2929 10000000016735358 10000000016735357 10000000016735379 10000000016735356 3.70877426464 3.37014 -1.62048 -1.72913
9.33866 10000000016735357 10000000016735356 10000000016735379 10000000016735355 3.49086136926 5.39387 -6.62289 -14.6188
9.37595 10000000016735356 10000000016735355 10000000016735379 10000000016735354 3.28303305796 -0.747375 -2.75795 1.44028
9.46172 10000000016735355 10000000016735351 10000000016735379 10000000016735350 2.73314261732 -4.3133 -22.9803 18.4049
9.00337 10000000016735505 10000000016735504 10000000016735512 10000000016735503 8.9079991856 -0.736046 1.08067 -1.26087
9.37457 10000000016735504 10000000016735503 10000000016735512 10000000016735502 8.44947629437 -5.16818 6.94634 9.23103
9.49011 10000000016735503 10000000016735502 10000000016735512 10000000016735501 8.01217294887 20.8301 5.46654 -6.49139
9.62445 10000000016735502 10000000016735501 10000000016735512 10000000016735500 7.59510714987 18.3514 10.1593 -0.567494
9.63819 10000000016735501 10000000016735500 10000000016735512 10000000016735499 7.23627606617 18.9368 12.1629 2.14005
9.71259 10000000016735500 10000000016735499 10000000016735512 10000000016735498 7.00541704554 25.3409 17.8837 3.49212
9.76669 10000000016735499 10000000016735498 10000000016735512 10000000016735497 6.85511726265 26.459 19.1052 2.27645
9.84005 10000000016735498 10000000016735497 10000000016735512 10000000016735496 6.49159774567 23.3195 13.5961 -3.33869
9.86882 10000000016735497 10000000016735496 10000000016735512 10000000016735495 6.14490120342 17.0628 11.0441 -1.11135
9.90484 10000000016735496 10000000016735495 10000000016735512 10000000016735494 6.01075739884 25.3667 13.3596 0.593273
9.93088 10000000016735495 10000000016735494 10000000016735512 10000000016735493 5.84661374788 21.464 15.8038 1.67077
9.96582 10000000016735494 10000000016735493 10000000016735512 10000000016735492 5.52976580795 24.1723 12.7482 -6.4358
10.0515 10000000016735493 10000000016735492 10000000016735512 10000000016735491 5.22758097313 17.1536 6.71664 -29.2038
10.0951 10000000016735492 10000000016735491 10000000016735512 10000000016735490 4.99593346816 24.2007 10.1415 -43.2891
10.0998 10000000016735491 10000000016735490 10000000016735512 10000000016735489 4.93938066349 24.6057 11.084 -47.1634
10.1225 10000000016735490 10000000016735489 10000000016735512 10000000016735488 4.66451770247 21.1865 13.1303 -45.3795
10.1846 10000000016735489 10000000016735488 10000000016735512 10000000016735487 4.42803373661 7.04232 10.5911 -42.2338
10.2067 10000000016735488 10000000016735487 10000000016735512 10000000016735486 4.17683491473 -0.637674 0.680879 -39.2055
10.2115 10000000016735487 10000000016735486 10000000016735512 10000000016735485 4.00794511147 -2.60232 3.17535 -33.3887
10.2267 10000000016735486 10000000016735484 10000000016735512 10000000016735483 3.70877426464 -11.3376 -5.73504 -22.3686
10.2434 10000000016735484 10000000016735483 10000000016735512 10000000016735482 3.49086136926 -15.8312 -14.1473 -28.8205
10.2672 10000000016735483 10000000016735482 10000000016735512 10000000016735481 3.28303305796 -16.9491 -15.4552 -30.1877
10.2797 10000000016735482 10000000016735480 10000000016735512 10000000016735479 3.00813107163 -11.1648 -21.9737 -46.2422
10.3126 10000000016735480 10000000016735479 10000000016735512 10000000016735478 2.89578500573 -17.7401 -36.3342 -42.9732
9.06939 10000000016735567 10000000016735566 10000000016735571 10000000016735565 6.14490120342 0.0890329 -2.12092 8.88954
9.13394 10000000016735643 10000000016735642 10000000016735643 10000000016735641 2.31611074396 -4.73297 5.7036 5.02888
9.12668 10000000016735664 10000000016735663 10000000016735672 10000000016735662 3.00813107163 24.5986 11.0049 6.55987
9.16407 10000000016735663 10000000016735662 10000000016735672 10000000016735661 2.89578500573 28.0455 13.247 4.51225
9.17729 10000000016735662 10000000016735661 10000000016735672 10000000016735660 2.73314261732 28.8857 12.6571 0.549806
9.08845 10000000016735723 10000000016735722 10000000016735738 10000000016735721 3.49086136926 6.52721 -5.28818 -10.3747
9.10415 10000000016735722 10000000016735721 10000000016735738 10000000016735720 3.28303305796 9.24363 -7.02442 -8.37035
9.36056 10000000016735721 10000000016735716 10000000016735738 10000000016735715 2.5772902716 -6.64919 13.7927 10.1581
9.03763 10000000016735754 10000000016735753 10000000016735761 10000000016735752 3.08482263583 14.8107 -2.78863 11.1589
9.0066 10000000016735852 10000000016735851 10000000016735857 10000000016735850 6.01075739884 -3.29398 0.952417 -0.2836
9.02548 10000000016735851 10000000016735850 10000000016735857 10000000016735849 5.84661374788 -3.10076 -1.11731 0.328674
9.44211 10000000016735850 10000000016735849 10000000016735857 10000000016735848 5.52976580795 -12.7267 -11.832 20.2557
9.53618 10000000016735849 10000000016735848 10000000016735857 10000000016735847 5.22758097313 7.38291 10.1788 3.2269
9.7342 10000000016735848 10000000016735845 10000000016735857 10000000016735844 4.66451770247 5.04821 -6.31981 23.2039
9.77113 10000000016735845 10000000016735844 10000000016735857 10000000016735843 4.42803373661 10.1391 0.522117 23.6153
9.83435 10000000016735844 10000000016735843 10000000016735857 10000000016735842 4.17683491473 1.35661 16.1941 17.317
9.85944 10000000016735843 10000000016735842 10000000016735857 10000000016735841 4.00794511147 -9.88812 21.4908 2.13554
9.88952 10000000016735842 10000000016735841 10000000016735857 10000000016735840 3.93726108473 -6.89417 13.0401 13.606
9.92973 10000000016735841 10000000016735840 10000000016735857 10000000016735839 3.70877426464 -7.5865 10.0362 14.3047
9.94741 10000000016735840 10000000016735835 10000000016735857 10000000016735834 2.89578500573 -1.98166 -8.19021 -0.514243
9.99946 10000000016735835 10000000016735834 10000000016735857 10000000016735833 2.73314261732 -2.80988 -6.1921 -1.37078
10.0512 10000000016735834 10000000016735833 10000000016735857 10000000016735832 2.5772902716 -5.02274 -1.3968 -30.11
10.0535 10000000016735833 10000000016735831 10000000016735857 10000000016735830 2.31611074396 -25.3849 -12.3618 -1.20504
10.1327 10000000016735831 10000000016735830 10000000016735857 10000000016735829 2.20792547238 -19.8491 -12.2292 -5.96104
10.1634 10000000016735830 10000000016735829 10000000016735857 10000000016735828 2.1032696526 -14.9514 -2.6348 22.0276
10.1863 10000000016735829 10000000016735828 10000000016735857 10000000016735827 2.00202813925 -11.945 15.5526 42.0649
10.2155 10000000016735828 10000000016735827 10000000016735857 10000000016735826 1.90408954353 -5.4396 37.2048 83.6559
10.305 10000000016735827 10000000016735826 10000000016735857 10000000016735825 1.82268925262 9.59031 63.8891 131.802
10.3626 10000000016735826 10000000016735825 10000000016735857 10000000016735824 1.74357057433 19.3268 62.6062 133.379
10.3803 10000000016735825 10000000016735824 10000000016735857 10000000016735823 1.66666955611 20.1061 63.74 138.361
9.08578 10000000016735874 10000000016735873 10000000016735879 10000000016735872 5.52976580795 15.081 -6.20113 -17.9982
9.02855 10000000016735980 10000000016735979 10000000016735987 10000000016735978 7.59510714987 -2.00501 1.55038 -7.46034
9.05811 10000000016735979 10000000016735978 10000000016735987 10000000016735977 7.23627606617 -1.90611 0.258189 -6.56508
9.06939 10000000016735978 10000000016735977 10000000016735987 10000000016735976 7.00541704554 -1.74759 -0.340495 -6.32233
9.09111 10000000016735977 10000000016735976 10000000016735987 10000000016735975 6.85511726265 -0.814834 -1.41055 -3.75409
9.13871 10000000016735976 10000000016735975 10000000016735987 10000000016735974 6.49159774567 -1.96357 0.446441 -6.17309
9.22262 10000000016735975 10000000016735974 10000000016735987 10000000016735973 6.14490120342 -1.93558 2.84292 -5.26816
9.29622 10000000016735974 10000000016735973 10000000016735987 10000000016735972 6.01075739884 -4.41177 12.6289 -1.91631
9.31717 10000000016735973 10000000016735971 10000000016735987 10000000016735970 5.52976580795 -1.74019 10.4095 -2.08666
9.34165 10000000016735971 10000000016735970 10000000016735987 10000000016735969 5.22758097313 -3.10022 10.014 0.780845
9.34902 10000000016735970 10000000016735968 10000000016735987 10000000016735967 4.93938066349 -2.43442 13.708 0.298113
9.49221 10000000016735968 10000000016735967 10000000016735987 10000000016735966 4.66451770247 30.8949 10.6718 3.06341
9.54558 10000000016735967 10000000016735966 10000000016735987 10000000016735965 4.42803373661 15.7045 11.9985 -16.2631
9.58553 10000000016735966 10000000016735964 10000000016735987 10000000016735963 4.00794511147 0.74731 32.5284 -34.9031
9.60299 10000000016735964 10000000016735963 10000000016735987 10000000016735962 3.93726108473 1.4695 31.6323 -29.1934
9.69118 10000000016735963 10000000016735962 10000000016735987 10000000016735961 3.70877426464 6.09242 21.3047 -21.3416
9.75536 10000000016735962 10000000016735961 10000000016735987 10000000016735960 3.49086136926 -1.72484 25.1975 -32.7596
9.77113 10000000016735961 10000000016735960 10000000016735987 10000000016735959 3.28303305796 3.8516 27.0596 -23.4938
9.83483 10000000016735960 10000000016735959 10000000016735987 10000000016735958 3.08482263583 6.27794 30.7408 -23.7656
9.83483 10000000016735959 10000000016735958 10000000016735987 10000000016735957 3.00813107163 12.9755 29.5557 -15.0272
9.84568 10000000016735958 10000000016735957 10000000016735987 10000000016735956 2.89578500573 8.26682 30.7724 -17.1779
9.85078 10000000016735957 10000000016735956 10000000016735987 10000000016735955 2.73314261732 4.39431 24.984 -14.7695
9.87843 10000000016735956 10000000016735955 10000000016735987 10000000016735954 2.5772902716 -0.893127 28.3923 -12.5064
9.88486 10000000016735955 10000000016735954 10000000016735987 10000000016735953 2.44422570455 -4.07466 30.7878 -14.9836
9.89869 10000000016735954 10000000016735953 10000000016735987 10000000016735952 2.31611074396 -10.7316 28.8586 -18.0526
9.0098 10000000016736055 10000000016736054 10000000016736084 10000000016736053 1.74357057433 3.21133 -7.27715 5.49891
9.02239 10000000016736168 10000000016736167 10000000016736182 10000000016736166 4.00794511147 -6.47363 -0.304283 -7.26783
9.03763 10000000016736167 10000000016736166 10000000016736182 10000000016736165 3.93726108473 -6.53147 -2.36762 -9.14977
9.03763 10000000016736166 10000000016736165 10000000016736182 10000000016736164 3.70877426464 -9.0054 0.637789 -8.48619
9.04358 10000000016736165 10000000016736164 10000000016736182 10000000016736163 3.49086136926 -7.92374 2.39967 -6.36623
9.0666 10000000016736164 10000000016736163 10000000016736182 10000000016736162 3.28303305796 -7.24556 1.04312 -9.19174
9.09111 10000000016736163 10000000016736162 10000000016736182 10000000016736161 3.08482263583 -0.944653 -1.10604 -1.68876
9.19013 10000000016736162 10000000016736158 10000000016736182 10000000016736157 2.5772902716 0.155284 -14.1485 -5.80305
9.05811 10000000016736257 10000000016736256 10000000016736265 10000000016736255 6.49159774567 2.81769 -1.07453 -2.08024
9.09375 10000000016736256 10000000016736255 10000000016736265 10000000016736254 6.14490120342 2.56382 -0.206433 -2.17861
9.12178 10000000016736255 10000000016736254 10000000016736265 10000000016736253 6.01075739884 1.20168 -0.511057 -2.97421
9.19013 10000000016736254 10000000016736253 10000000016736265 10000000016736252 5.84661374788 1.14086 -0.96609 -1.70403
9.2862 10000000016736253 10000000016736252 10000000016736265 10000000016736251 5.52976580795 1.08659 -2.09336 -11.0583
9.30923 10000000016736252 10000000016736251 10000000016736265 10000000016736250 5.22758097313 3.93549 -1.46281 -14.3745
9.36763 10000000016736251 10000000016736250 10000000016736265 10000000016736249 4.99593346816 8.04275 -1.57854 -11.8311
9.40389 10000000016736250 10000000016736249 10000000016736265 10000000016736248 4.93938066349 8.38272 -0.374872 -13.1815
9.46172 10000000016736249 10000000016736248 10000000016736265 10000000016736247 4.66451770247 14.8323 5.1199 -18.7455
9.50363 10000000016736248 10000000016736247 10000000016736265 10000000016736246 4.42803373661 14.5102 7.77455 -18.9218
9.51774 10000000016736247 10000000016736246 10000000016736265 10000000016736245 4.17683491473 8.50092 4.9867 -18.9186
9.54185 10000000016736246 10000000016736245 10000000016736265 10000000016736244 4.00794511147 14.3156 9.53802 -13.1107
9.54278 10000000016736245 10000000016736243 10000000016736265 10000000016736242 3.70877426464 14.2248 6.7149 -13.7805
9.58553 10000000016736243 10000000016736242 10000000016736265 10000000016736241 3.49086136926 19.56 10.6212 -7.06299
9.63744 10000000016736242 10000000016736241 10000000016736265 10000000016736240 3.28303305796 20.2205 10.016 -9.17115
9.6756 10000000016736241 10000000016736240 10000000016736265 10000000016736239 3.08482263583 38.771 13.4498 0.0356537
9.70877 10000000016736240 10000000016736239 10000000016736265 10000000016736238 3.00813107163 25.7373 16.4116 -2.3434
9.71574 10000000016736239 10000000016736238 10000000016736265 10000000016736237 2.89578500573 27.5648 12.4197 -4.99431
9.7342 10000000016736238 10000000016736237 10000000016736265 10000000016736236 2.73314261732 36.3963 13.8536 -2.59962
9.77224 10000000016736237 10000000016736234 10000000016736265 10000000016736233 2.31611074396 32.7296 10.9958 -5.77083
9.77935 10000000016736234 10000000016736232 10000000016736265 10000000016736231 2.1032696526 29.5509 21.9091 0.0539642
9.00337 10000000016736277 10000000016736276 10000000016736285 10000000016736275 4.17683491473 -2.87184 4.99558 -4.61402
9.08309 10000000016736369 10000000016736368 10000000016736372 10000000016736367 7.59510714987 4.66134 -1.46982 4.04842
9.14578 10000000016736368 10000000016736367 10000000016736372 10000000016736366 7.23627606617 3.75218 -3.41663 3.5139
9.16407 10000000016736367 10000000016736366 10000000016736372 10000000016736365 7.00541704554 6.3351 -0.7839 7.37845
9.23988 10000000016736366 10000000016736364 10000000016736372 10000000016736363 6.49159774567 4.59556 -1.36037 6.2195
9.27246 10000000016736364 10000000016736362 10000000016736372 10000000016736361 6.01075739884 4.71978 -3.92097 3.07536
9.27938 10000000016736362 10000000016736361 10000000016736372 10000000016736360 5.84661374788 4.28624 -3.4297 4.46685
9.30602 10000000016736361 10000000016736359 10000000016736372 10000000016736358 5.22758097313 -0.319529 -0.863985 4.42308
9.32805 10000000016736359 10000000016736357 10000000016736372 10000000016736356 4.93938066349 2.14839 -1.66158 6.72899
9.36056 10000000016736357 10000000016736356 10000000016736372 10000000016736355 4.66451770247 -5.4751 1.6401 4.95483
9.37042 10000000016736356 10000000016736354 10000000016736372 10000000016736353 4.17683491473 -2.82956 -2.5201 8.96445
9.38412 10000000016736354 10000000016736353 10000000016736372 10000000016736352 4.00794511147 -3.03457 1.81467 8.87896
9.41534 10000000016736353 10000000016736351 10000000016736372 10000000016736350 3.70877426464 -4.21008 -1.2192 9.58855
9.47505 10000000016736351 10000000016736350 10000000016736372 10000000016736349 3.49086136926 -4.46429 6.58251 10.0264
9.55751 10000000016736350 10000000016736349 10000000016736372 10000000016736348 3.28303305796 -10.2677 13.6735 8.47786
9.58638 10000000016736349 10000000016736348 10000000016736372 10000000016736347 3.08482263583 -9.9764 15.5333 2.34391
9.62523 10000000016736348 10000000016736347 10000000016736372 10000000016736346 3.00813107163 -11.6047 24.0191 7.31669
9.64119 10000000016736347 10000000016736346 10000000016736372 10000000016736345 2.89578500573 -9.41075 34.4433 5.43545
9.717 10000000016736346 10000000016736345 10000000016736372 10000000016736344 2.73314261732 -17.4851 59.53 8.87773
9.75993 10000000016736345 10000000016736344 10000000016736372 10000000016736343 2.5772902716 -6.63589 65.2225 1.1089
9.02239 10000000016736603 10000000016736602 10000000016736611 10000000016736601 6.49159774567 0.376751 -2.93811 4.13739
9.05235 10000000016736602 10000000016736592 10000000016736611 10000000016736591 4.17683491473 1.34707 -2.82396 3.51183
9.0666 10000000016736592 10000000016736591 10000000016736611 10000000016736590 4.00794511147 2.32921 -5.10966 7.99737
9.10415 10000000016736591 10000000016736590 10000000016736611 10000000016736589 3.93726108473 -0.33971 -6.89217 6.15195
9.13154 10000000016736590 10000000016736588 10000000016736611 10000000016736587 3.49086136926 -2.52451 -6.43861 4.70145
9.20464 10000000016736588 10000000016736587 10000000016736611 10000000016736586 3.28303305796 -7.26569 -9.01033 6.20563
9.21671 10000000016736587 10000000016736586 10000000016736611 10000000016736585 3.08482263583 -4.3213 -5.58588 3.64506
9.39609 10000000016736586 10000000016736578 10000000016736611 10000000016736577 2.1032696526 -15.0007 48.9025 14.275
