logMh | fpID | subhaloID | main leaf ID | descID |  z
9.14578 60000011500087224 60000011500087223 60000011500087229 60000011500087222 7.23627606617 2.52168 1.49052 0.626942
9.37181 60000011500087223 60000011500087222 60000011500087229 60000011500087221 7.00541704554 3.32511 4.09774 11.435
9.46733 60000011500087222 60000011500087221 60000011500087229 60000011500087220 6.85511726265 -2.22599 14.597 10.7468
9.61977 60000011500087221 60000011500087220 60000011500087229 60000011500087219 6.49159774567 -7.44389 6.95951 24.4286
9.70941 60000011500087220 60000011500087219 60000011500087229 60000011500087218 6.14490120342 -8.12054 14.5131 22.1164
9.83626 60000011500087219 60000011500087218 60000011500087229 60000011500087217 6.01075739884 -9.4198 10.9691 14.6162
9.85627 60000011500087218 60000011500087217 60000011500087229 60000011500087216 5.84661374788 -9.46318 2.837 10.348
9.93885 60000011500087217 60000011500087216 60000011500087229 60000011500087215 5.52976580795 -17.8122 12.904 3.63901
9.99054 60000011500087216 60000011500087215 60000011500087229 60000011500087214 5.22758097313 -18.5898 24.3092 3.12232
10.1218 60000011500087215 60000011500087214 60000011500087229 60000011500087213 4.99593346816 -16.4268 16.8846 -28.9388
10.1233 60000011500087214 60000011500087213 60000011500087229 60000011500087212 4.93938066349 -17.0416 21.3045 -26.125
10.1842 60000011500087213 60000011500087210 60000011500087229 60000011500087209 4.17683491473 -15.5693 11.9869 -24.3187
10.2617 60000011500087210 60000011500087209 60000011500087229 60000011500087208 4.00794511147 -17.9449 12.1519 -21.309
10.2912 60000011500087209 60000011500087208 60000011500087229 60000011500087207 3.93726108473 -25.9186 14.1844 -21.7591
10.3225 60000011500087208 60000011500087207 60000011500087229 60000011500087206 3.70877426464 -16.305 26.6217 -10.6529
10.3254 60000011500087207 60000011500087206 60000011500087229 60000011500087205 3.49086136926 -11.0519 19.5816 3.65075
10.4038 60000011500087206 60000011500087205 60000011500087229 60000011500087204 3.28303305796 -5.93593 29.7872 39.8271
10.437 60000011500087205 60000011500087204 60000011500087229 60000011500087203 3.08482263583 -21.9463 40.3253 -30.9124
10.4596 60000011500087204 60000011500087203 60000011500087229 60000011500087202 3.00813107163 -60.4303 41.2914 -13.4478
10.4686 60000011500087203 60000011500087202 60000011500087229 60000011500087201 2.89578500573 -57.3983 11.3753 -38.3914
10.5172 60000011500087202 60000011500087201 60000011500087229 60000011500087200 2.73314261732 -61.2053 22.7713 -49.5044
10.579 60000011500087201 60000011500087200 60000011500087229 60000011500087199 2.5772902716 -48.1204 46.8608 -59.7426
10.6473 60000011500087200 60000011500087199 60000011500087229 60000011500087198 2.44422570455 -60.3935 23.2019 -38.9254
10.7021 60000011500087199 60000011500087198 60000011500087229 60000011500087197 2.31611074396 -31.2631 17.7608 -16.1849
10.7443 60000011500087198 60000011500087197 60000011500087229 60000011500087196 2.20792547238 -39.0097 35.8416 -10.8287
10.7686 60000011500087197 60000011500087196 60000011500087229 60000011500087195 2.1032696526 -30.823 47.0083 -24.5463
10.8072 60000011500087196 60000011500087195 60000011500087229 60000011500087194 2.00202813925 -4.99737 59.4245 -1.73025
10.8365 60000011500087195 60000011500087194 60000011500087229 60000011500087193 1.90408954353 8.18535 70.5447 -19.937
10.8456 60000011500087194 60000011500087193 60000011500087229 60000011500087192 1.82268925262 19.0061 69.9735 -29.0876
10.8842 60000011500087193 60000011500087192 60000011500087229 60000011500087191 1.74357057433 40.6622 58.0613 2.18889
10.9384 60000011500087192 60000011500087191 60000011500087229 60000011500087190 1.66666955611 47.7422 48.4511 -12.3751
10.9567 60000011500087191 60000011500087190 60000011500087229 60000011500087189 1.60423452207 56.9163 41.7282 -2.32558
10.9962 60000011500087190 60000011500087189 60000011500087229 60000011500087188 1.53123902916 69.0098 41.328 32.1668
11.0198 60000011500087189 60000011500087188 60000011500087229 60000011500087187 1.47197484527 71.3077 38.8727 63.0604
11.0631 60000011500087188 60000011500087187 60000011500087229 60000011500087186 1.41409822037 89.8716 39.0715 90.7685
11.0694 60000011500087187 60000011500087184 60000011500087229 60000011500087183 1.24847261425 59.4933 94.7247 33.4032
11.0765 60000011500087184 60000011500087183 60000011500087229 60000011500087182 1.20625808078 46.9916 81.7018 42.7645
11.0818 60000011500087183 60000011500087182 60000011500087229 60000011500087181 1.15460271236 66.7526 94.2894 36.3915
11.0875 60000011500087182 60000011500087181 60000011500087229 60000011500087180 1.11415056377 62.6259 107.356 30.4655
11.098 60000011500087181 60000011500087180 60000011500087229 60000011500087179 1.07445789455 73.8663 113.619 31.0592
11.1021 60000011500087180 60000011500087179 60000011500087229 60000011500087178 1.03551044566 89.5461 106.664 23.4151
11.1072 60000011500087179 60000011500087178 60000011500087229 60000011500087177 0.997294225782 111.45 108.841 24.8055
11.1094 60000011500087178 60000011500087173 60000011500087229 60000011500087172 0.851470900625 167.281 72.4703 67.8295
11.1181 60000011500087173 60000011500087172 60000011500087229 60000011500087171 0.816709979012 166.554 85.8687 66.5128
11.1276 60000011500087172 60000011500087171 60000011500087229 60000011500087170 0.791068248946 164.668 84.8504 66.535
11.1339 60000011500087171 60000011500087170 60000011500087229 60000011500087169 0.757441372616 163.046 83.1801 69.2752
11.1415 60000011500087170 60000011500087169 60000011500087229 60000011500087168 0.732636182022 166.957 82.2249 58.3705
11.1416 60000011500087169 60000011500087168 60000011500087229 60000011500087167 0.700106353719 162.405 75.4816 74.9649
11.1558 60000011500087168 60000011500087167 60000011500087229 60000011500087166 0.676110411213 148.143 73.7974 36.8087
11.1589 60000011500087167 60000011500087166 60000011500087229 60000011500087165 0.644641840685 166.744 71.5492 61.6903
11.1661 60000011500087166 60000011500087164 60000011500087229 60000011500087163 0.598543288188 162.704 91.0002 43.9914
11.1715 60000011500087164 60000011500087163 60000011500087229 60000011500087162 0.575980845108 174.723 70.2321 58.7428
11.1717 60000011500087163 60000011500087162 60000011500087229 60000011500087161 0.546392183141 167.929 77.6559 52.2159
11.1747 60000011500087162 60000011500087161 60000011500087229 60000011500087160 0.524565820434 165.236 95.3836 34.3469
11.1857 60000011500087161 60000011500087160 60000011500087229 60000011500087159 0.503047523245 160.81 93.3765 30.4174
11.1917 60000011500087160 60000011500087159 60000011500087229 60000011500087158 0.481832943421 172.789 66.7076 36.1691
11.1957 60000011500087159 60000011500087158 60000011500087229 60000011500087157 0.460917794181 172.211 82.7299 9.75208
11.1965 60000011500087158 60000011500087157 60000011500087229 60000011500087156 0.440297849248 172.245 89.1241 29.405
11.2088 60000011500087157 60000011500087156 60000011500087229 60000011500087155 0.419968941997 176.815 90.7806 12.391
11.2098 60000011500087156 60000011500087153 60000011500087229 60000011500087152 0.360687657262 183.973 93.4412 8.20412
11.2169 60000011500087153 60000011500087152 60000011500087229 60000011500087151 0.347853841858 192.404 89.0725 8.9169
11.2197 60000011500087152 60000011500087151 60000011500087229 60000011500087150 0.328829724206 188.777 96.6577 12.7647
11.2228 60000011500087151 60000011500087150 60000011500087229 60000011500087149 0.310074120128 179.254 101.748 6.02139
11.2265 60000011500087150 60000011500087149 60000011500087229 60000011500087148 0.291583239722 187.646 112.035 13.0186
11.2309 60000011500087149 60000011500087148 60000011500087229 60000011500087147 0.273353346578 187.67 109.93 21.7781
11.2327 60000011500087148 60000011500087147 60000011500087229 60000011500087146 0.261343256161 200.658 97.546 38.6673
11.2369 60000011500087147 60000011500087146 60000011500087229 60000011500087145 0.243540181555 194.198 109.852 40.432
11.2418 60000011500087146 60000011500087144 60000011500087229 60000011500087143 0.214425035514 188.031 97.0187 59.3697
11.2447 60000011500087144 60000011500087142 60000011500087229 60000011500087141 0.180385261706 173.31 120.656 62.8819
11.2508 60000011500087142 60000011500087139 60000011500087229 60000011500087138 0.14187620397 160.415 121.38 67.4795
11.2518 60000011500087139 60000011500087137 60000011500087229 60000011500087136 0.109869940459 156.837 120.52 80.8761
11.255 60000011500087137 60000011500087136 60000011500087229 60000011500087135 0.0994018026302 156.666 108.01 87.8747
11.2584 60000011500087136 60000011500087134 60000011500087229 60000011500087133 0.0736613846564 137.368 111.837 101.546
11.262 60000011500087134 60000011500087131 60000011500087229 60000011500087130 0.0337243718735 131.39 107.563 104.927
11.2648 60000011500087131 60000011500087130 60000011500087229 60000011500087129 0.0239744283828 120.8 96.8716 112.591
11.2672 60000011500087130 60000011500087129 60000011500087229 60000011500087128 0.00952166696794 104.132 112.581 116.714
11.2684 60000011500087129 60000011500087128 60000011500087229 -1 2.22044604925e-16 100.959 108.235 121.24
9.08845 60000011500087250 60000011500087249 60000011500087259 60000011500087248 8.01217294887 -2.19727 1.221 9.37922
9.14108 60000011500087249 60000011500087247 60000011500087259 60000011500087246 7.23627606617 2.53883 6.93371 7.56594
9.01614 60000011500087269 60000011500087268 60000011500087272 60000011500087267 7.00541704554 3.30279 5.39165 -1.43052
9.03763 60000011500087268 60000011500087267 60000011500087272 60000011500087266 6.85511726265 -0.420798 4.54891 -11.9475
9.0666 60000011500087349 60000011500087348 60000011500087360 60000011500087347 4.42803373661 1.72699 -4.44705 6.13263
9.0098 60000011500087492 60000011500087491 60000011500087500 60000011500087490 8.01217294887 -2.47925 5.97475 -0.0488302
9.07766 60000011500087491 60000011500087490 60000011500087500 60000011500087489 7.59510714987 -1.55703 4.70427 3.42399
9.25648 60000011500087490 60000011500087489 60000011500087500 60000011500087488 7.23627606617 7.11231 -4.06193 6.89071
9.37869 60000011500087489 60000011500087488 60000011500087500 60000011500087487 7.00541704554 8.99047 -0.499653 11.2893
9.41534 60000011500087488 60000011500087487 60000011500087500 60000011500087486 6.85511726265 6.66947 -5.19509 14.8518
9.55113 60000011500087487 60000011500087486 60000011500087500 60000011500087485 6.49159774567 4.61629 -10.6924 7.24928
9.67767 60000011500087486 60000011500087485 60000011500087500 60000011500087484 6.14490120342 -7.30624 -3.98936 15.0198
9.67835 60000011500087485 60000011500087484 60000011500087500 60000011500087483 6.01075739884 -8.27673 -7.74106 16.1232
9.74725 60000011500087484 60000011500087483 60000011500087500 60000011500087482 5.84661374788 -24.3905 -3.772 14.9289
9.81678 60000011500087483 60000011500087482 60000011500087500 60000011500087481 5.52976580795 -24.4701 -6.36 21.2126
9.83051 60000011500087482 60000011500087481 60000011500087500 60000011500087480 5.22758097313 -19.1122 -8.56314 19.1372
9.88273 60000011500087481 60000011500087480 60000011500087500 60000011500087479 4.99593346816 -13.2705 -14.8107 29.2606
9.89663 60000011500087480 60000011500087479 60000011500087500 60000011500087478 4.93938066349 -5.91401 -13.3637 28.5579
9.89828 60000011500087479 60000011500087478 60000011500087500 60000011500087477 4.66451770247 1.54974 -14.4209 27.1159
10.0069 60000011500087478 60000011500087477 60000011500087500 60000011500087476 4.42803373661 -10.603 -11.3017 38.8404
9.10415 60000011500087794 60000011500087793 60000011500087804 60000011500087792 4.66451770247 -3.34536 -28.5525 8.81955
9.1193 60000011500087793 60000011500087792 60000011500087804 60000011500087791 4.42803373661 -2.07024 -25.8625 8.38282
9.1663 60000011500087792 60000011500087791 60000011500087804 60000011500087790 4.17683491473 -4.17041 -22.4064 7.1045
9.19848 60000011500087791 60000011500087790 60000011500087804 60000011500087789 4.00794511147 -2.20586 -22.441 11.8025
9.22651 60000011500087790 60000011500087789 60000011500087804 60000011500087788 3.93726108473 -7.95677 -18.0097 6.51098
9.27246 60000011500087789 60000011500087788 60000011500087804 60000011500087787 3.70877426464 -5.88918 -16.1074 4.66133
9.29951 60000011500087788 60000011500087787 60000011500087804 60000011500087786 3.49086136926 -7.20646 -15.6553 6.5644
9.37042 60000011500087787 60000011500087786 60000011500087804 60000011500087785 3.28303305796 -0.968502 -12.1649 11.8555
9.04358 60000011500087848 60000011500087847 60000011500087857 60000011500087846 7.59510714987 -3.21077 2.35622 -0.107755
9.2026 60000011500087847 60000011500087846 60000011500087857 60000011500087845 7.23627606617 -7.75337 0.953699 -2.61132
9.2811 60000011500087846 60000011500087843 60000011500087857 60000011500087842 6.49159774567 -8.39142 1.98972 -9.83138
9.3044 60000011500087843 60000011500087841 60000011500087857 60000011500087840 6.01075739884 -5.43081 2.51042 -10.5353
9.31083 60000011500087841 60000011500087840 60000011500087857 60000011500087839 5.84661374788 -3.96081 3.62267 -11.8255
9.38547 60000011500087840 60000011500087839 60000011500087857 60000011500087838 5.52976580795 0.296461 0.511597 -6.88615
9.39478 60000011500087839 60000011500087838 60000011500087857 60000011500087837 5.22758097313 -1.66494 -0.826172 -7.5055
9.47396 60000011500087838 60000011500087836 60000011500087857 60000011500087835 4.93938066349 -8.78894 -0.172156 -17.442
9.48265 60000011500087836 60000011500087835 60000011500087857 60000011500087834 4.66451770247 -3.36677 4.25263 -14.8889
9.48905 60000011500087835 60000011500087834 60000011500087857 60000011500087833 4.42803373661 -1.88681 7.27835 -18.1906
9.52657 60000011500087834 60000011500087833 60000011500087857 60000011500087832 4.17683491473 -11.5795 1.56515 -23.5515
9.72752 60000011500087833 60000011500087832 60000011500087857 60000011500087831 4.00794511147 59.509 -34.567 46.9479
9.78582 60000011500087832 60000011500087827 60000011500087857 60000011500087826 3.08482263583 -34.7044 -9.55299 -31.1289
9.79114 60000011500087827 60000011500087825 60000011500087857 60000011500087824 2.89578500573 -36.7838 -0.301152 -37.3794
9.81177 60000011500087825 60000011500087819 60000011500087857 60000011500087818 2.1032696526 -19.8728 8.17407 -36.5524
9.81227 60000011500087819 60000011500087818 60000011500087857 60000011500087817 2.00202813925 -3.48306 4.64217 -25.3006
9.04358 60000011500087936 60000011500087935 60000011500087951 60000011500087934 4.66451770247 -7.24979 -6.27905 1.19846
9.04945 60000011500087935 60000011500087934 60000011500087951 60000011500087933 4.42803373661 -7.31843 -4.48881 0.737263
9.10671 60000011500087934 60000011500087933 60000011500087951 60000011500087932 4.17683491473 -6.74319 -6.72774 -0.0783624
9.13634 60000011500087933 60000011500087927 60000011500087951 60000011500087926 3.00813107163 -7.20843 -0.167335 -8.11361
9.16182 60000011500087927 60000011500087926 60000011500087951 60000011500087925 2.89578500573 -8.78078 -3.87934 -9.3718
9.19013 60000011500087926 60000011500087925 60000011500087951 60000011500087924 2.73314261732 -6.01748 -4.66515 -7.86847
9.05811 60000011500088002 60000011500088001 60000011500088015 60000011500088000 3.28303305796 2.73789 8.4002 24.0147
9.16407 60000011500088001 60000011500088000 60000011500088015 60000011500087999 3.08482263583 -2.41975 8.62445 18.1301
9.21472 60000011500088000 60000011500087999 60000011500088015 60000011500087998 3.00813107163 -2.41805 10.1708 17.9253
9.21869 60000011500087999 60000011500087998 60000011500088015 60000011500087997 2.89578500573 -3.46619 10.4124 17.7013
9.2862 60000011500087998 60000011500087997 60000011500088015 60000011500087996 2.73314261732 3.62897 5.85853 13.4065
9.3156 60000011500087997 60000011500087996 60000011500088015 60000011500087995 2.5772902716 2.63155 3.79283 20.5145
9.34609 60000011500087996 60000011500087995 60000011500088015 60000011500087994 2.44422570455 7.70621 5.61377 9.78394
9.04653 60000011500088120 60000011500088119 60000011500088127 60000011500088118 7.23627606617 -0.793193 -2.68591 -5.97662
9.09637 60000011500088119 60000011500088118 60000011500088127 60000011500088117 7.00541704554 -2.03612 0.630444 -5.97558
9.09898 60000011500088118 60000011500088117 60000011500088127 60000011500088116 6.85511726265 -1.1095 -0.12346 -6.83309
9.14811 60000011500088117 60000011500088116 60000011500088127 60000011500088115 6.49159774567 -2.24111 1.95437 -7.00751
9.22066 60000011500088116 60000011500088115 60000011500088127 60000011500088114 6.14490120342 -4.5897 9.4285 -4.93642
9.22066 60000011500088115 60000011500088114 60000011500088127 60000011500088113 6.01075739884 -0.0889923 6.52798 -3.59667
9.22457 60000011500088114 60000011500088113 60000011500088127 60000011500088112 5.84661374788 -0.190741 5.94283 -4.49483
9.34461 60000011500088113 60000011500088112 60000011500088127 60000011500088111 5.52976580795 -0.801702 -0.837901 -7.16845
9.38412 60000011500088112 60000011500088111 60000011500088127 60000011500088110 5.22758097313 -1.29937 1.19811 -6.52818
9.4026 60000011500088111 60000011500088110 60000011500088127 60000011500088109 4.99593346816 0.840403 -1.99628 -6.41821
9.41534 60000011500088110 60000011500088109 60000011500088127 60000011500088108 4.93938066349 0.299528 -4.67304 -10.6294
9.5207 60000011500088109 60000011500088108 60000011500088127 60000011500088107 4.66451770247 -6.84026 -22.8873 2.32101
9.61742 60000011500088108 60000011500088103 60000011500088127 60000011500088102 3.70877426464 1.3589 -42.5894 6.29635
9.64268 60000011500088103 60000011500088102 60000011500088127 60000011500088101 3.49086136926 -5.99373 -35.1661 -8.93016
9.66655 60000011500088102 60000011500088101 60000011500088127 60000011500088100 3.28303305796 5.49019 -23.2477 -6.59997
9.76669 60000011500088101 60000011500088100 60000011500088127 60000011500088099 3.08482263583 4.37706 -17.6641 -18.7239
9.7678 60000011500088100 60000011500088099 60000011500088127 60000011500088098 3.00813107163 -2.2887 -21.3742 -9.70325
9.89371 60000011500088099 60000011500088098 60000011500088127 60000011500088097 2.89578500573 -28.6049 -2.66149 -64.1594
9.94184 60000011500088098 60000011500088096 60000011500088127 60000011500088095 2.5772902716 -23.6687 -4.00455 -45.4179
9.99552 60000011500088096 60000011500088095 60000011500088127 60000011500088094 2.44422570455 -35.7378 -5.5084 -55.3729
9.02548 60000011500088433 60000011500088432 60000011500088442 60000011500088431 4.42803373661 6.08605 -6.69903 0.283211
9.0666 60000011500088432 60000011500088430 60000011500088442 60000011500088429 4.00794511147 3.73177 -2.48213 1.93962
9.26543 60000011500088430 60000011500088428 60000011500088442 60000011500088427 3.70877426464 8.91135 7.61235 -7.84075
9.26896 60000011500088428 60000011500088425 60000011500088442 60000011500088424 3.08482263583 10.9511 4.206 -5.03347
9.28956 60000011500088425 60000011500088424 60000011500088442 60000011500088423 3.00813107163 8.31986 1.56569 0.557679
9.32031 60000011500088424 60000011500088423 60000011500088442 60000011500088422 2.89578500573 5.04817 0.121384 -4.8156
9.35914 60000011500088423 60000011500088422 60000011500088442 60000011500088421 2.73314261732 3.38242 1.36748 -6.26421
9.43257 60000011500088422 60000011500088421 60000011500088442 60000011500088420 2.5772902716 0.668803 1.73166 2.09721
9.4606 60000011500088421 60000011500088420 60000011500088442 60000011500088419 2.44422570455 1.56868 3.07393 6.56293
9.46844 60000011500088420 60000011500088417 60000011500088442 60000011500088416 2.1032696526 -0.182335 -3.54157 6.13933
9.02855 60000011500088656 60000011500088655 60000011500088673 60000011500088654 3.28303305796 -8.2271 2.72229 5.4445
9.04653 60000011500088655 60000011500088652 60000011500088673 60000011500088651 2.89578500573 -11.2226 -14.7921 -13.4503
9.18376 60000011500088652 60000011500088651 60000011500088673 60000011500088650 2.73314261732 -16.4229 2.02562 18.0795
9.24362 60000011500088651 60000011500088650 60000011500088673 60000011500088649 2.5772902716 -17.9776 2.26374 18.0393
