logMh | fpID | subhaloID | main leaf ID | descID |  z
9.01614 60000014100051876 60000014100051875 60000014100051880 60000014100051874 10.3674435724 1.42264 -0.115599 -0.297551
9.17729 60000014100051875 60000014100051874 60000014100051880 60000014100051873 9.99659046619 7.76377 -5.04241 -1.38498
9.31874 60000014100051874 60000014100051872 60000014100051880 60000014100051871 9.38877127194 5.79419 -7.56331 2.02413
9.32651 60000014100051872 60000014100051871 60000014100051880 60000014100051870 9.00233985416 10.0006 -8.06849 -0.0398149
9.39478 60000014100051871 60000014100051870 60000014100051880 60000014100051869 8.9079991856 10.0328 -17.5634 4.08725
9.48049 60000014100051870 60000014100051869 60000014100051880 60000014100051868 8.44947629437 7.3077 -19.8717 5.4883
9.53808 60000014100051869 60000014100051868 60000014100051880 60000014100051867 8.01217294887 4.63122 -16.3597 0.973031
9.55296 60000014100051868 60000014100051867 60000014100051880 60000014100051866 7.59510714987 -1.73204 -12.2874 3.97561
9.61584 60000014100051867 60000014100051866 60000014100051880 60000014100051865 7.23627606617 -1.8747 -13.5527 3.63807
9.79324 60000014100051866 60000014100051864 60000014100051880 60000014100051863 6.85511726265 -4.49851 -4.13764 23.6015
9.80823 60000014100051864 60000014100051863 60000014100051880 60000014100051862 6.49159774567 -5.09285 -10.2562 22.3747
9.92041 60000014100051863 60000014100051862 60000014100051880 60000014100051861 6.14490120342 7.06209 -23.5023 22.2924
9.93997 60000014100051862 60000014100051861 60000014100051880 60000014100051860 6.01075739884 10.2566 -26.1023 26.6507
10.0322 60000014100051861 60000014100051860 60000014100051880 60000014100051859 5.84661374788 -32.4923 3.47211 40.3842
10.068 60000014100051860 60000014100051858 60000014100051880 60000014100051857 5.22758097313 22.8241 1.72486 7.71423
10.1088 60000014100051858 60000014100051857 60000014100051880 60000014100051856 4.99593346816 14.8529 -1.98862 3.01178
10.1123 60000014100051857 60000014100051856 60000014100051880 60000014100051855 4.93938066349 8.47538 -5.45591 5.8942
10.2175 60000014100051856 60000014100051855 60000014100051880 60000014100051854 4.66451770247 43.0946 10.2443 -9.20598
10.2737 60000014100051855 60000014100051854 60000014100051880 60000014100051853 4.42803373661 46.0383 13.4104 -10.7544
10.3455 60000014100051854 60000014100051853 60000014100051880 60000014100051852 4.17683491473 27.5055 28.6575 -4.1562
10.3983 60000014100051853 60000014100051852 60000014100051880 60000014100051851 4.00794511147 17.6675 44.5268 -5.22533
10.4286 60000014100051852 60000014100051850 60000014100051880 60000014100051849 3.70877426464 21.8037 42.6864 -18.7885
10.4796 60000014100051850 60000014100051849 60000014100051880 60000014100051848 3.49086136926 17.4801 42.2494 -29.537
10.4919 60000014100051849 60000014100051847 60000014100051880 60000014100051846 3.08482263583 25.1263 44.8442 -29.0316
10.5276 60000014100051847 60000014100051843 60000014100051880 60000014100051842 2.5772902716 4.42648 38.4852 -57.5559
10.5288 60000014100051843 60000014100051842 60000014100051880 60000014100051841 2.44422570455 -1.41382 48.9985 -42.3262
10.5608 60000014100051842 60000014100051841 60000014100051880 60000014100051840 2.31611074396 -10.4032 57.6528 -47.4221
10.5672 60000014100051841 60000014100051840 60000014100051880 60000014100051839 2.20792547238 -10.7661 49.39 -29.9882
10.5723 60000014100051840 60000014100051839 60000014100051880 60000014100051838 2.1032696526 -4.08863 50.0163 -20.7785
10.5987 60000014100051839 60000014100051838 60000014100051880 60000014100051837 2.00202813925 -8.90675 58.3717 -18.2651
10.5991 60000014100051838 60000014100051837 60000014100051880 60000014100051836 1.90408954353 -6.83544 62.2382 -10.8195
10.6079 60000014100051837 60000014100051836 60000014100051880 60000014100051835 1.82268925262 -10.54 60.8891 14.4868
10.6523 60000014100051836 60000014100051835 60000014100051880 60000014100051834 1.74357057433 -52.2496 86.5298 -5.04778
10.687 60000014100051835 60000014100051834 60000014100051880 60000014100051833 1.66666955611 -58.0863 97.7261 -30.9
10.6934 60000014100051834 60000014100051833 60000014100051880 60000014100051832 1.60423452207 -63.1904 112.13 -27.5694
10.7211 60000014100051833 60000014100051832 60000014100051880 60000014100051831 1.53123902916 -54.5404 114.737 -50.4146
10.7407 60000014100051832 60000014100051831 60000014100051880 60000014100051830 1.47197484527 -56.2211 115.963 -80.7092
10.7592 60000014100051831 60000014100051830 60000014100051880 60000014100051829 1.41409822037 -61.2814 128.386 -91.2217
10.7751 60000014100051830 60000014100051829 60000014100051880 60000014100051828 1.3575766674 -51.7368 125.326 -124.203
10.7895 60000014100051829 60000014100051828 60000014100051880 60000014100051827 1.30237845991 -42.9686 118.381 -178.657
10.8069 60000014100051828 60000014100051827 60000014100051880 60000014100051826 1.24847261425 -38.1397 109.907 -196.111
10.8075 60000014100051827 60000014100051825 60000014100051880 60000014100051824 1.15460271236 -50.9565 110.561 -172.104
10.8229 60000014100051825 60000014100051824 60000014100051880 60000014100051823 1.11415056377 -57.7535 112.318 -166.709
10.8298 60000014100051824 60000014100051823 60000014100051880 60000014100051822 1.07445789455 -61.8129 108.844 -168.57
10.8311 60000014100051823 60000014100051822 60000014100051880 60000014100051821 1.03551044566 -72.2929 103.901 -167.398
10.8325 60000014100051822 60000014100051821 60000014100051880 60000014100051820 0.997294225782 -85.6556 98.7377 -155.581
10.8387 60000014100051821 60000014100051818 60000014100051880 60000014100051817 0.923000816178 -84.1852 104.726 -145.175
10.8426 60000014100051818 60000014100051817 60000014100051880 60000014100051816 0.886896937575 -86.9625 101.382 -139.17
10.844 60000014100051817 60000014100051812 60000014100051880 60000014100051811 0.732636182022 -67.3826 99.4487 -133.929
10.8527 60000014100051812 60000014100051811 60000014100051880 60000014100051810 0.700106353719 -65.4419 102.078 -121.905
10.8586 60000014100051811 60000014100051810 60000014100051880 60000014100051809 0.676110411213 -84.4221 93.8636 -127.272
10.8595 60000014100051810 60000014100051808 60000014100051880 60000014100051807 0.621428745243 -93.9103 94.8139 -113.301
10.8652 60000014100051808 60000014100051807 60000014100051880 60000014100051806 0.598543288188 -83.7247 95.763 -108.289
10.8714 60000014100051807 60000014100051806 60000014100051880 60000014100051805 0.575980845108 -77.848 98.4582 -113.329
10.8787 60000014100051806 60000014100051805 60000014100051880 60000014100051804 0.546392183141 -79.9112 94.6518 -104.193
10.8836 60000014100051805 60000014100051804 60000014100051880 60000014100051803 0.524565820434 -77.6372 96.8053 -112.021
10.89 60000014100051804 60000014100051803 60000014100051880 60000014100051802 0.503047523245 -76.1887 99.8656 -119.023
10.8959 60000014100051803 60000014100051802 60000014100051880 60000014100051801 0.481832943421 -84.3421 92.6521 -113.227
10.9084 60000014100051802 60000014100051801 60000014100051880 60000014100051800 0.460917794181 -80.9556 90.741 -115.327
10.9106 60000014100051801 60000014100051800 60000014100051880 60000014100051799 0.440297849248 -73.617 99.8352 -121.712
10.9163 60000014100051800 60000014100051798 60000014100051880 60000014100051797 0.399926964614 -66.8106 101.515 -112.597
10.9259 60000014100051798 60000014100051797 60000014100051880 60000014100051796 0.38016786726 -72.2101 92.7325 -73.421
10.9301 60000014100051797 60000014100051796 60000014100051880 60000014100051795 0.360687657262 -79.0743 95.1972 -104.324
10.9386 60000014100051796 60000014100051795 60000014100051880 60000014100051794 0.347853841858 -65.9028 102.719 -72.6955
10.9402 60000014100051795 60000014100051794 60000014100051880 60000014100051793 0.328829724206 -63.4813 99.1096 -97.5742
10.9466 60000014100051794 60000014100051793 60000014100051880 60000014100051792 0.310074120128 -55.3448 108.764 -99.4256
10.948 60000014100051793 60000014100051792 60000014100051880 60000014100051791 0.291583239722 -61.6037 104.69 -92.1587
10.9517 60000014100051792 60000014100051791 60000014100051880 60000014100051790 0.273353346578 -52.8787 98.3574 -74.9566
10.9601 60000014100051791 60000014100051790 60000014100051880 60000014100051789 0.261343256161 -56.8887 98.5865 -77.2877
10.9684 60000014100051790 60000014100051789 60000014100051880 60000014100051788 0.243540181555 -65.9847 84.5834 -62.5507
10.9706 60000014100051789 60000014100051788 60000014100051880 60000014100051787 0.22598838626 -47.0098 76.8617 -64.3759
10.9803 60000014100051788 60000014100051786 60000014100051880 60000014100051785 0.197284182376 -58.5622 87.5188 -91.9564
10.9823 60000014100051786 60000014100051784 60000014100051880 60000014100051783 0.169252033244 -59.6712 82.8915 -46.032
10.9867 60000014100051784 60000014100051782 60000014100051880 60000014100051781 0.14187620397 -57.6734 99.7139 -55.5767
10.9999 60000014100051782 60000014100051780 60000014100051880 60000014100051779 0.109869940459 -46.3629 86.7895 -54.8109
11.0103 60000014100051780 60000014100051777 60000014100051880 60000014100051776 0.0736613846564 -48.1834 85.7984 -67.3638
11.0161 60000014100051777 60000014100051775 60000014100051880 60000014100051774 0.0485236299818 -41.4182 64.305 -32.5121
11.0171 60000014100051775 60000014100051774 60000014100051880 60000014100051773 0.0337243718735 -50.335 57.6073 -19.8635
11.0182 60000014100051774 60000014100051773 60000014100051880 60000014100051772 0.0239744283828 -51.3385 52.6451 -11.2346
11.0203 60000014100051773 60000014100051771 60000014100051880 -1 2.22044604925e-16 -42.7371 44.8246 -5.98423
9.16852 60000014100051896 60000014100051895 60000014100051908 60000014100051894 7.00541704554 11.0001 -2.07533 -3.84758
9.09375 60000014100051925 60000014100051924 60000014100051935 60000014100051923 6.49159774567 4.86001 -10.0266 -17.0897
9.18162 60000014100051924 60000014100051923 60000014100051935 60000014100051922 6.14490120342 7.6431 -14.0364 -14.4502
9.23799 60000014100051923 60000014100051921 60000014100051935 60000014100051920 5.84661374788 0.679454 -15.3462 -5.55564
9.24362 60000014100051921 60000014100051920 60000014100051935 60000014100051919 5.52976580795 0.121534 -13.4148 -6.32087
9.14108 60000014100051940 60000014100051939 60000014100051947 60000014100051921 6.01075739884 -0.867675 -19.5719 -1.99997
9.07216 60000014100051968 60000014100051967 60000014100051972 60000014100051966 8.44947629437 2.32648 -6.88329 5.44515
9.13394 60000014100051967 60000014100051966 60000014100051972 60000014100051965 8.01217294887 6.3159 -10.8853 6.77577
9.27766 60000014100051966 60000014100051965 60000014100051972 60000014100051964 7.59510714987 8.64118 -6.98373 6.50622
9.2845 60000014100051965 60000014100051964 60000014100051972 60000014100051963 7.23627606617 3.99401 -5.46712 7.31469
9.2929 60000014100051964 60000014100051963 60000014100051972 60000014100051962 7.00541704554 7.09964 -4.57532 6.93944
9.1663 60000014100051998 60000014100051997 60000014100052004 60000014100051996 6.14490120342 4.39142 -0.695822 -4.14763
9.18376 60000014100051997 60000014100051996 60000014100052004 60000014100051995 6.01075739884 1.40459 8.25235 -1.05871
9.09375 60000014100052033 60000014100052032 60000014100052040 60000014100052031 7.59510714987 2.74763 1.37958 4.28255
9.10157 60000014100052032 60000014100052031 60000014100052040 60000014100052030 7.23627606617 4.03419 1.19693 3.2019
9.13871 60000014100052031 60000014100052030 60000014100052040 60000014100052029 7.00541704554 5.81056 3.1543 5.38375
9.14578 60000014100052030 60000014100052028 60000014100052040 60000014100052027 6.49159774567 4.63144 1.82863 4.71313
9.14811 60000014100052028 60000014100052027 60000014100052040 60000014100052026 6.14490120342 3.3604 -0.860093 2.5166
9.17946 60000014100052027 60000014100052026 60000014100052040 60000014100052025 6.01075739884 -1.25895 -2.34828 -2.01346
9.21072 60000014100052026 60000014100052025 60000014100052040 60000014100052024 5.84661374788 -1.99102 -1.87457 -2.51485
9.25466 60000014100052025 60000014100052023 60000014100052040 60000014100052022 5.22758097313 -4.95319 -1.15051 -1.85931
9.2742 60000014100052023 60000014100052020 60000014100052040 60000014100052019 4.66451770247 0.883835 -5.32767 -6.34005
9.2845 60000014100052020 60000014100052019 60000014100052040 60000014100052018 4.42803373661 -1.7523 -1.47594 -3.13906
9.09111 60000014100052060 60000014100052059 60000014100052064 60000014100052058 5.52976580795 3.36235 -1.5617 4.14406
9.16852 60000014100052096 60000014100052095 60000014100052101 60000014100052094 1.90408954353 -16.2891 16.72 1.39462
9.0316 60000014100052177 60000014100052176 60000014100052194 60000014100052175 3.49086136926 -7.86665 0.117918 4.55457
9.04358 60000014100052176 60000014100052174 60000014100052194 60000014100052173 3.08482263583 -4.76461 -4.2757 5.49217
9.04653 60000014100052174 60000014100052173 60000014100052194 60000014100052172 3.00813107163 -7.87658 -4.15211 6.01853
9.0666 60000014100052173 60000014100052172 60000014100052194 60000014100052171 2.89578500573 -5.76595 -4.8154 4.41889
9.40646 60000014100052172 60000014100052170 60000014100052194 60000014100052169 2.5772902716 26.4965 22.3902 37.5426
9.01298 60000014100052200 60000014100052199 60000014100052212 60000014100052198 3.28303305796 -12.89 25.3769 -1.38975
9.04358 60000014100052199 60000014100052198 60000014100052212 60000014100052197 3.08482263583 -9.29475 20.5339 0.457616
9.02239 60000014100052324 60000014100052323 60000014100052332 60000014100052322 7.59510714987 -2.27061 -6.57852 3.11819
9.05235 60000014100052323 60000014100052322 60000014100052332 60000014100052321 7.23627606617 -3.19319 -2.82546 4.62624
9.15042 60000014100052322 60000014100052320 60000014100052332 60000014100052319 6.85511726265 4.47216 -7.31548 -1.19497
9.19641 60000014100052320 60000014100052319 60000014100052332 60000014100052318 6.49159774567 0.883102 -9.27537 2.7223
9.21272 60000014100052319 60000014100052317 60000014100052332 60000014100052316 6.01075739884 4.06604 -6.21844 -3.31478
9.43015 60000014100052317 60000014100052316 60000014100052332 60000014100052315 5.84661374788 -10.9625 -6.20161 13.1113
9.43136 60000014100052316 60000014100052314 60000014100052332 60000014100052313 5.22758097313 -9.95592 -16.2875 9.39117
9.51275 60000014100052314 60000014100052313 60000014100052332 60000014100052312 4.99593346816 -11.0783 -13.2434 14.6027
9.51774 60000014100052313 60000014100052312 60000014100052332 60000014100052311 4.93938066349 -11.9645 -13.171 15.2603
9.57523 60000014100052312 60000014100052311 60000014100052332 60000014100052310 4.66451770247 -8.59746 -18.1939 12.7485
9.58469 60000014100052311 60000014100052310 60000014100052332 60000014100052309 4.42803373661 -11.3012 -14.8862 14.2811
9.65369 60000014100052310 60000014100052309 60000014100052332 60000014100052308 4.17683491473 -17.8204 -12.5441 18.8371
9.67353 60000014100052309 60000014100052308 60000014100052332 60000014100052307 4.00794511147 -18.8285 -11.2857 20.1401
9.71574 60000014100052308 60000014100052306 60000014100052332 60000014100052305 3.70877426464 -20.2949 -14.0895 21.4121
9.77827 60000014100052306 60000014100052305 60000014100052332 60000014100052304 3.49086136926 -17.5522 -21.4766 26.4799
9.79587 60000014100052305 60000014100052304 60000014100052332 60000014100052303 3.28303305796 -17.9571 -28.663 25.0548
9.85718 60000014100052304 60000014100052303 60000014100052332 60000014100052302 3.08482263583 -13.3384 -52.8481 33.2636
9.87365 60000014100052303 60000014100052296 60000014100052332 60000014100052295 2.20792547238 -54.0349 -33.918 49.5891
9.15502 60000014100052392 60000014100052391 60000014100052407 60000014100052390 2.1032696526 -47.7968 15.6592 7.65158
9.24175 60000014100052391 60000014100052390 60000014100052407 60000014100052389 2.00202813925 -37.4261 20.7117 4.10282
