logMh | fpID | subhaloID | main leaf ID | descID |  z
9.0098 80000112600000104 80000112600000103 80000112600000107 80000112600000102 9.99659046619 5.51521 -2.65078 -2.41384
9.09375 80000112600000103 80000112600000102 80000112600000107 80000112600000101 9.84138043947 -0.489059 2.06733 0.257597
9.27072 80000112600000102 80000112600000101 80000112600000107 80000112600000100 9.38877127194 -0.575452 2.72462 1.63626
9.32031 80000112600000101 80000112600000100 80000112600000107 80000112600000099 9.00233985416 -1.12635 2.06621 3.4318
9.37595 80000112600000100 80000112600000098 80000112600000107 80000112600000097 8.44947629437 -1.59971 0.304146 3.87078
9.45376 80000112600000098 80000112600000097 80000112600000107 80000112600000096 8.01217294887 -2.10354 0.690718 5.34477
9.57523 80000112600000097 80000112600000096 80000112600000107 80000112600000095 7.59510714987 -0.779005 0.330823 5.51244
9.66795 80000112600000096 80000112600000095 80000112600000107 80000112600000094 7.23627606617 -1.67004 -0.0139471 2.22075
9.73299 80000112600000095 80000112600000094 80000112600000107 80000112600000093 7.00541704554 1.64227 -8.4856 8.69213
9.7372 80000112600000094 80000112600000093 80000112600000107 80000112600000092 6.85511726265 3.22315 -0.655897 1.70418
9.83195 80000112600000093 80000112600000092 80000112600000107 80000112600000091 6.49159774567 5.96104 -8.61847 7.13095
9.90727 80000112600000092 80000112600000091 80000112600000107 80000112600000090 6.14490120342 6.51695 0.613018 -0.639429
9.96969 80000112600000091 80000112600000090 80000112600000107 80000112600000089 6.01075739884 7.80895 14.0223 0.393452
9.97663 80000112600000090 80000112600000089 80000112600000107 80000112600000088 5.84661374788 2.83943 2.41901 -0.250149
10.0358 80000112600000089 80000112600000088 80000112600000107 80000112600000087 5.52976580795 4.44426 -3.56983 -1.53186
10.2572 80000112600000088 80000112600000087 80000112600000107 80000112600000086 5.22758097313 32.8569 -21.2179 48.4
10.2922 80000112600000087 80000112600000086 80000112600000107 80000112600000085 4.99593346816 32.2717 -18.1688 50.5723
10.2975 80000112600000086 80000112600000085 80000112600000107 80000112600000084 4.93938066349 33.0222 -17.8334 53.4155
10.3467 80000112600000085 80000112600000084 80000112600000107 80000112600000083 4.66451770247 30.6294 -10.6104 59.1701
10.3776 80000112600000084 80000112600000083 80000112600000107 80000112600000082 4.42803373661 32.4005 -12.3357 56.7359
10.3884 80000112600000083 80000112600000082 80000112600000107 80000112600000081 4.17683491473 22.3619 -19.3459 43.6799
10.3998 80000112600000082 80000112600000081 80000112600000107 80000112600000080 4.00794511147 20.2708 -18.684 39.0277
10.4155 80000112600000081 80000112600000080 80000112600000107 80000112600000079 3.93726108473 18.9641 -24.5242 38.6759
10.4231 80000112600000080 80000112600000079 80000112600000107 80000112600000078 3.70877426464 21.9393 -22.681 40.4843
10.4663 80000112600000079 80000112600000078 80000112600000107 80000112600000077 3.49086136926 16.8398 -19.1026 37.7549
10.4924 80000112600000078 80000112600000077 80000112600000107 80000112600000076 3.28303305796 25.2398 -21.2787 48.5815
10.5259 80000112600000077 80000112600000076 80000112600000107 80000112600000075 3.08482263583 26.9494 -23.0343 50.3243
10.5485 80000112600000076 80000112600000075 80000112600000107 80000112600000074 3.00813107163 28.5694 -17.1618 49.8567
10.578 80000112600000075 80000112600000074 80000112600000107 80000112600000073 2.89578500573 20.9692 -25.9231 32.7206
10.6111 80000112600000074 80000112600000073 80000112600000107 80000112600000072 2.73314261732 24.3784 -4.40257 44.816
10.6612 80000112600000073 80000112600000072 80000112600000107 80000112600000071 2.5772902716 25.8952 -1.6291 47.8529
10.6988 80000112600000072 80000112600000071 80000112600000107 80000112600000070 2.44422570455 37.4315 -44.7204 56.6437
10.7146 80000112600000071 80000112600000070 80000112600000107 80000112600000069 2.31611074396 45.1984 -45.2513 54.0752
10.7652 80000112600000070 80000112600000069 80000112600000107 80000112600000068 2.20792547238 32.09 -69.8964 54.2131
10.8087 80000112600000069 80000112600000068 80000112600000107 80000112600000067 2.1032696526 -6.55582 -69.332 39.7678
10.8604 80000112600000068 80000112600000067 80000112600000107 80000112600000066 2.00202813925 -34.9637 -52.5532 19.6599
10.9029 80000112600000067 80000112600000066 80000112600000107 80000112600000065 1.90408954353 -110.158 8.68721 -19.4311
10.946 80000112600000066 80000112600000065 80000112600000107 80000112600000064 1.82268925262 -106.215 -13.03 -24.8995
11.0232 80000112600000065 80000112600000064 80000112600000107 80000112600000063 1.74357057433 -89.7428 -55.5539 -15.921
11.0274 80000112600000064 80000112600000063 80000112600000107 80000112600000062 1.66666955611 -97.9813 -41.589 -16.0436
11.0476 80000112600000063 80000112600000062 80000112600000107 80000112600000061 1.60423452207 -92.5211 -50.1484 -21.8327
11.0823 80000112600000062 80000112600000061 80000112600000107 80000112600000060 1.53123902916 -93.6721 -58.2998 -13.9344
11.0942 80000112600000061 80000112600000060 80000112600000107 80000112600000059 1.47197484527 -77.6165 -64.579 -17.9361
11.1017 80000112600000060 80000112600000059 80000112600000107 80000112600000058 1.41409822037 -85.5143 -50.3154 -30.3847
11.1151 80000112600000059 80000112600000058 80000112600000107 80000112600000057 1.3575766674 -94.5027 -13.3213 -33.018
11.1248 80000112600000058 80000112600000057 80000112600000107 80000112600000056 1.30237845991 -99.1809 18.7941 -35.6821
11.1416 80000112600000057 80000112600000054 80000112600000107 80000112600000053 1.15460271236 -93.7178 91.1026 -35.552
11.1421 80000112600000054 80000112600000052 80000112600000107 80000112600000051 1.07445789455 -96.2151 127.234 -20.8082
11.144 80000112600000052 80000112600000051 80000112600000107 80000112600000050 1.03551044566 -108.069 122.144 -13.0762
11.1593 80000112600000051 80000112600000050 80000112600000107 80000112600000049 0.997294225782 -143.526 195.073 -25.1062
11.1679 80000112600000050 80000112600000048 80000112600000107 80000112600000047 0.950531351585 -113.668 123.948 -32.6969
11.1955 80000112600000048 80000112600000047 80000112600000107 80000112600000046 0.923000816178 -211.46 232.154 -47.5259
11.229 80000112600000047 80000112600000046 80000112600000107 80000112600000045 0.886896937575 -269.065 354.072 -60.9997
11.2392 80000112600000046 80000112600000045 80000112600000107 80000112600000044 0.851470900625 -273.722 338.379 -69.3625
11.257 80000112600000045 80000112600000044 80000112600000107 80000112600000043 0.816709979012 -270.977 309.722 -88.0402
11.273 80000112600000044 80000112600000043 80000112600000107 80000112600000042 0.791068248946 -276.85 303.669 -89.4733
11.2975 80000112600000043 80000112600000042 80000112600000107 80000112600000041 0.757441372616 -288.38 308.415 -84.8688
11.3136 80000112600000042 80000112600000041 80000112600000107 80000112600000040 0.732636182022 -293.726 348.005 -91.3273
11.3324 80000112600000041 80000112600000040 80000112600000107 80000112600000039 0.700106353719 -283.67 372.594 -95.1915
11.3571 80000112600000040 80000112600000039 80000112600000107 80000112600000038 0.676110411213 -279.927 358.062 -103.28
11.4009 80000112600000039 80000112600000038 80000112600000107 80000112600000037 0.644641840685 -302.326 359.931 -134.271
11.4242 80000112600000038 80000112600000037 80000112600000107 80000112600000036 0.621428745243 -275.658 331.43 -150.503
11.4339 80000112600000037 80000112600000036 80000112600000107 80000112600000035 0.598543288188 -242.19 337.021 -145.401
11.4392 80000112600000036 80000112600000034 80000112600000107 80000112600000033 0.546392183141 -216.115 432.991 -147.919
11.455 80000112600000034 80000112600000033 80000112600000107 80000112600000032 0.524565820434 -214.65 463.088 -137.247
11.4704 80000112600000033 80000112600000032 80000112600000107 80000112600000031 0.503047523245 -240.998 456.196 -130.493
11.4785 80000112600000032 80000112600000031 80000112600000107 80000112600000030 0.481832943421 -231.144 498.323 -117.968
11.4855 80000112600000031 80000112600000030 80000112600000107 80000112600000029 0.460917794181 -237.953 496.368 -114.911
11.49 80000112600000030 80000112600000028 80000112600000107 80000112600000027 0.419968941997 -243.339 505.16 -127.793
11.4911 80000112600000028 80000112600000027 80000112600000107 80000112600000026 0.399926964614 -239.03 490.401 -118.206
11.4915 80000112600000027 80000112600000021 80000112600000107 80000112600000020 0.291583239722 -310.166 296.02 -234.099
11.5005 80000112600000021 80000112600000020 80000112600000107 80000112600000019 0.273353346578 -294.896 243.424 -288.54
11.5017 80000112600000020 80000112600000015 80000112600000107 80000112600000014 0.197284182376 -316.485 234.02 -242.264
11.511 80000112600000015 80000112600000014 80000112600000107 80000112600000013 0.180385261706 -287.589 200.778 -253.309
11.5154 80000112600000014 80000112600000013 80000112600000107 80000112600000012 0.169252033244 -267.917 184.684 -273.034
11.5239 80000112600000013 80000112600000012 80000112600000107 80000112600000011 0.152748768902 -271.888 159.193 -311.465
11.5305 80000112600000012 80000112600000011 80000112600000107 80000112600000010 0.14187620397 -272.655 142.61 -325.801
11.5345 80000112600000011 80000112600000010 80000112600000107 80000112600000009 0.125759332411 -249.34 146.432 -347.163
11.5375 80000112600000010 80000112600000009 80000112600000107 80000112600000008 0.109869940459 -247.118 131.322 -337.235
11.542 80000112600000009 80000112600000008 80000112600000107 80000112600000007 0.0994018026302 -201.906 124.007 -347.366
11.5491 80000112600000008 80000112600000007 80000112600000107 80000112600000006 0.0838844307975 -218.36 161.982 -335.817
11.5494 80000112600000007 80000112600000006 80000112600000107 80000112600000005 0.0736613846564 -203.603 138.571 -347.78
11.5595 80000112600000006 80000112600000005 80000112600000107 80000112600000004 0.0585073227945 -227.845 121.559 -358.801
11.5605 80000112600000005 80000112600000004 80000112600000107 80000112600000003 0.0485236299818 -227.096 77.9501 -356.605
11.5665 80000112600000004 80000112600000003 80000112600000107 80000112600000002 0.0337243718735 -252.397 140.404 -350.244
11.573 80000112600000003 80000112600000001 80000112600000107 80000112600000000 0.00952166696794 -262.128 193.151 -386.782
9.00012 80000112600000143 80000112600000142 80000112600000147 80000112600000141 7.59510714987 5.35087 -9.60994 -1.76514
9.03763 80000112600000142 80000112600000141 80000112600000147 80000112600000140 7.23627606617 3.39621 -9.41064 -2.8919
9.18802 80000112600000141 80000112600000140 80000112600000147 80000112600000139 7.00541704554 6.34425 -12.8576 -1.60901
9.37595 80000112600000140 80000112600000138 80000112600000147 80000112600000137 6.49159774567 1.70784 -10.0942 7.67385
9.47941 80000112600000138 80000112600000137 80000112600000147 80000112600000136 6.14490120342 -1.36708 -14.0974 13.0023
9.53523 80000112600000137 80000112600000136 80000112600000147 80000112600000135 6.01075739884 0.206037 -12.9872 13.8542
9.01298 80000112600000264 80000112600000263 80000112600000272 80000112600000262 3.28303305796 -9.80675 -3.6878 -4.52411
9.01298 80000112600000392 80000112600000391 80000112600000398 80000112600000390 7.00541704554 -6.052 4.66103 6.7373
9.01298 80000112600000391 80000112600000390 80000112600000398 80000112600000389 6.85511726265 -7.05345 4.33879 6.02971
9.0666 80000112600000390 80000112600000389 80000112600000398 80000112600000388 6.49159774567 -5.39498 4.51235 8.66018
9.1193 80000112600000389 80000112600000388 80000112600000398 80000112600000387 6.14490120342 -5.15292 3.68228 7.03411
9.19013 80000112600000388 80000112600000387 80000112600000398 80000112600000386 6.01075739884 -4.88107 10.9839 0.939343
9.33111 80000112600000387 80000112600000385 80000112600000398 80000112600000384 5.52976580795 0.642865 16.5481 13.9155
9.33716 80000112600000385 80000112600000384 80000112600000398 80000112600000383 5.22758097313 0.0681659 9.26515 12.2046
9.37319 80000112600000384 80000112600000383 80000112600000398 80000112600000382 4.99593346816 2.02203 12.2628 14.8299
9.38412 80000112600000383 80000112600000382 80000112600000398 80000112600000381 4.93938066349 1.47545 11.2777 15.5908
9.47176 80000112600000382 80000112600000381 80000112600000398 80000112600000380 4.66451770247 5.39847 16.1732 19.7516
9.51774 80000112600000381 80000112600000380 80000112600000398 80000112600000379 4.42803373661 -0.523665 7.75306 15.5013
9.76219 80000112600000380 80000112600000376 80000112600000398 80000112600000375 3.70877426464 16.2415 5.05172 32.5713
9.81678 80000112600000376 80000112600000374 80000112600000398 80000112600000373 3.28303305796 -12.2987 19.2262 -0.923889
9.95436 80000112600000374 80000112600000373 80000112600000398 80000112600000372 3.08482263583 20.775 -23.4322 28.8158
9.99585 80000112600000373 80000112600000372 80000112600000398 80000112600000371 3.00813107163 19.0963 0.255019 21.2772
10.0541 80000112600000372 80000112600000371 80000112600000398 80000112600000370 2.89578500573 13.6683 -11.1413 28.0825
10.184 80000112600000371 80000112600000370 80000112600000398 80000112600000369 2.73314261732 26.2846 30.5685 24.1978
10.2556 80000112600000370 80000112600000369 80000112600000398 80000112600000368 2.5772902716 17.8082 33.0653 20.437
10.2941 80000112600000369 80000112600000368 80000112600000398 80000112600000367 2.44422570455 18.6333 30.9196 20.7584
10.3348 80000112600000368 80000112600000367 80000112600000398 80000112600000366 2.31611074396 16.9091 25.1399 15.475
9.01928 80000112600000410 80000112600000409 80000112600000420 80000112600000408 6.01075739884 3.42788 5.05828 5.60819
9.01928 80000112600000409 80000112600000408 80000112600000420 80000112600000407 5.84661374788 1.4537 3.85937 4.09776
9.34902 80000112600000408 80000112600000401 80000112600000420 80000112600000377 4.00794511147 -1.50957 12.9076 11.5802
9.03763 80000112600000464 80000112600000463 80000112600000468 80000112600000462 6.14490120342 -1.38473 -0.977596 3.24276
9.19641 80000112600000463 80000112600000462 80000112600000468 80000112600000461 6.01075739884 2.72279 -1.53496 -1.89213
9.22457 80000112600000462 80000112600000461 80000112600000468 80000112600000460 5.84661374788 3.48155 -1.38268 -0.200188
9.24548 80000112600000461 80000112600000460 80000112600000468 80000112600000459 5.52976580795 2.87946 -2.10628 2.01678
9.32651 80000112600000460 80000112600000459 80000112600000468 80000112600000458 5.22758097313 3.86925 -1.83196 0.445885
9.41659 80000112600000459 80000112600000458 80000112600000468 80000112600000457 4.99593346816 3.95436 2.72777 -8.72423
9.41659 80000112600000458 80000112600000456 80000112600000468 80000112600000455 4.66451770247 7.56058 0.991433 -4.7946
9.50158 80000112600000456 80000112600000455 80000112600000468 80000112600000454 4.42803373661 6.62844 7.38308 1.08223
9.62985 80000112600000455 80000112600000454 80000112600000468 80000112600000453 4.17683491473 5.31614 21.2452 2.566
9.78902 80000112600000454 80000112600000453 80000112600000468 80000112600000452 4.00794511147 43.9087 4.83954 33.7664
9.85215 80000112600000453 80000112600000452 80000112600000468 80000112600000451 3.93726108473 51.3678 14.9018 51.837
9.04358 80000112600000529 80000112600000528 80000112600000537 80000112600000527 7.23627606617 -0.957942 -0.068071 5.58287
9.06096 80000112600000528 80000112600000527 80000112600000537 80000112600000526 7.00541704554 -1.3303 0.575223 7.14687
9.09111 80000112600000527 80000112600000525 80000112600000537 80000112600000524 6.49159774567 0.69589 -0.588214 3.53066
9.11681 80000112600000525 80000112600000524 80000112600000537 80000112600000523 6.14490120342 0.717936 -0.739333 4.70492
9.14108 80000112600000524 80000112600000523 80000112600000537 80000112600000522 6.01075739884 -0.609562 1.09797 1.84951
9.17946 80000112600000523 80000112600000522 80000112600000537 80000112600000521 5.84661374788 -0.906345 0.730987 1.59838
9.21472 80000112600000522 80000112600000521 80000112600000537 80000112600000520 5.52976580795 -1.7136 0.774232 0.186968
9.22066 80000112600000521 80000112600000519 80000112600000537 80000112600000518 4.99593346816 -6.27562 2.58407 -2.30089
9.25284 80000112600000519 80000112600000518 80000112600000537 80000112600000517 4.93938066349 -5.97513 1.92506 0.0237623
9.29787 80000112600000518 80000112600000516 80000112600000537 80000112600000515 4.42803373661 0.0923448 -3.70474 -4.58552
9.3974 80000112600000516 80000112600000515 80000112600000537 80000112600000514 4.17683491473 -1.31594 6.28359 -1.38098
9.83387 80000112600000515 80000112600000511 80000112600000537 80000112600000510 3.49086136926 3.24059 84.0841 11.8243
9.0098 80000112600000556 80000112600000555 80000112600000567 80000112600000554 5.22758097313 -1.45172 5.07144 1.31537
9.10157 80000112600000555 80000112600000554 80000112600000567 80000112600000553 4.99593346816 -0.694334 4.84189 -1.23397
9.39081 80000112600000554 80000112600000551 80000112600000567 80000112600000550 4.42803373661 -32.7665 -42.2123 -14.0926
9.02855 80000112600000596 80000112600000595 80000112600000609 80000112600000594 4.00794511147 -1.53658 9.00818 7.35766
9.06378 80000112600000595 80000112600000594 80000112600000609 80000112600000593 3.93726108473 -4.03757 7.82496 9.29743
9.08309 80000112600000594 80000112600000593 80000112600000609 80000112600000592 3.70877426464 -3.86849 7.11506 11.1175
9.12668 80000112600000593 80000112600000591 80000112600000609 80000112600000590 3.28303305796 -6.95975 2.58271 14.7264
9.31083 80000112600000591 80000112600000590 80000112600000609 80000112600000589 3.08482263583 3.76129 -0.727801 9.20401
9.38141 80000112600000590 80000112600000589 80000112600000609 80000112600000588 3.00813107163 11.6033 -0.959789 2.40185
9.38141 80000112600000589 80000112600000588 80000112600000609 80000112600000587 2.89578500573 6.90085 1.35271 4.98651
9.43497 80000112600000588 80000112600000587 80000112600000609 80000112600000586 2.73314261732 10.691 5.49996 2.80189
9.47396 80000112600000587 80000112600000586 80000112600000609 80000112600000585 2.5772902716 16.7632 3.10041 -10.1573
9.47615 80000112600000586 80000112600000585 80000112600000609 80000112600000584 2.44422570455 18.5438 6.03701 -8.59309
9.24548 80000112600000688 80000112600000687 80000112600000702 80000112600000686 3.28303305796 8.46105 -2.94764 -5.47689
9.34902 80000112600000687 80000112600000686 80000112600000702 80000112600000685 3.08482263583 9.6707 0.861061 -7.48693
9.37595 80000112600000686 80000112600000685 80000112600000702 80000112600000684 3.00813107163 12.7988 2.30612 -7.42989
9.40131 80000112600000685 80000112600000684 80000112600000702 80000112600000683 2.89578500573 11.8972 1.96859 -7.36713
9.41534 80000112600000684 80000112600000683 80000112600000702 80000112600000682 2.73314261732 9.72509 4.09796 -7.73211
9.44914 80000112600000683 80000112600000682 80000112600000702 80000112600000681 2.5772902716 11.0476 3.66928 -4.6826
9.45719 80000112600000682 80000112600000681 80000112600000702 80000112600000680 2.44422570455 10.3723 0.65329 -4.63666
9.02239 80000112600000781 80000112600000780 80000112600000792 80000112600000779 5.84661374788 6.11645 -2.56824 -0.00760253
9.09111 80000112600000780 80000112600000779 80000112600000792 80000112600000778 5.52976580795 -0.0438168 2.23358 4.78615
9.12912 80000112600000779 80000112600000778 80000112600000792 80000112600000777 5.22758097313 -0.0813657 -1.87713 4.76629
9.14811 80000112600000778 80000112600000776 80000112600000792 80000112600000775 4.93938066349 -6.71241 -1.38859 9.26831
9.27594 80000112600000776 80000112600000775 80000112600000792 80000112600000774 4.66451770247 -14.9432 -9.90658 16.1937
9.38547 80000112600000775 80000112600000773 80000112600000792 80000112600000772 4.17683491473 -3.24183 -10.9159 17.5245
9.39609 80000112600000773 80000112600000772 80000112600000792 80000112600000771 4.00794511147 2.27087 -7.43745 15.9976
9.43257 80000112600000772 80000112600000771 80000112600000792 80000112600000770 3.93726108473 12.5264 -5.78847 18.482
9.43377 80000112600000771 80000112600000770 80000112600000792 80000112600000769 3.70877426464 4.6796 -4.1453 19.0878
9.4606 80000112600000770 80000112600000769 80000112600000792 80000112600000768 3.49086136926 9.45023 -1.41743 20.5114
9.48479 80000112600000769 80000112600000768 80000112600000792 80000112600000767 3.28303305796 6.10807 -7.4812 27.5198
9.48479 80000112600000768 80000112600000767 80000112600000792 80000112600000766 3.08482263583 15.4538 -4.63607 27.8977
9.51175 80000112600000767 80000112600000766 80000112600000792 80000112600000765 3.00813107163 19.022 -6.23764 26.0228
9.0098 80000112600000900 80000112600000899 80000112600000910 80000112600000898 3.28303305796 -3.50007 13.721 -5.03526
9.02548 80000112600000899 80000112600000897 80000112600000910 80000112600000896 3.00813107163 0.660817 16.804 -5.18638
9.02855 80000112600000897 80000112600000896 80000112600000910 80000112600000895 2.89578500573 -0.0677698 13.8024 -3.68227
9.05235 80000112600000896 80000112600000895 80000112600000910 80000112600000894 2.73314261732 3.33296 13.5887 -3.46343
9.08038 80000112600000895 80000112600000894 80000112600000910 80000112600000893 2.5772902716 4.67098 14.6937 -4.88651
9.01614 80000112600001162 80000112600001161 80000112600001173 80000112600001160 2.5772902716 -9.20649 -2.02895 -7.14565
9.02548 80000112600001161 80000112600001159 80000112600001173 80000112600001158 2.31611074396 -7.90015 -1.93908 -5.40772
9.02548 80000112600001159 80000112600001158 80000112600001173 80000112600001157 2.20792547238 -10.9326 -3.31038 -6.45603
9.05811 80000112600001158 80000112600001157 80000112600001173 80000112600001156 2.1032696526 -3.71966 -2.91709 -1.33557
9.10926 80000112600001157 80000112600001155 80000112600001173 80000112600001154 1.90408954353 0.599194 -1.9573 7.33473
9.10926 80000112600001155 80000112600001154 80000112600001173 80000112600001153 1.82268925262 -3.21917 -2.77254 5.8596
9.11681 80000112600001154 80000112600001153 80000112600001173 80000112600001152 1.74357057433 -5.43405 -4.80317 4.46441
9.01614 80000112600001219 80000112600001218 80000112600001240 80000112600001217 3.08482263583 1.70151 -10.8011 -8.2368
9.04945 80000112600001218 80000112600001214 80000112600001240 80000112600001213 2.5772902716 2.42154 -5.91084 -11.0643
9.08038 80000112600001214 80000112600001208 80000112600001240 80000112600001207 1.90408954353 15.1618 2.81186 -8.56256
9.16182 80000112600001208 80000112600001207 80000112600001240 80000112600001206 1.82268925262 20.1953 9.53926 -8.74387
9.00012 80000112600001616 80000112600001615 80000112600001625 80000112600001614 3.08482263583 6.66025 -1.55408 -10.9401
9.02855 80000112600001615 80000112600001614 80000112600001625 80000112600001613 3.00813107163 6.02744 -2.30952 -9.9111
9.06096 80000112600001614 80000112600001612 80000112600001625 80000112600001611 2.73314261732 6.28013 -5.46331 -7.23089
9.07766 80000112600001612 80000112600001611 80000112600001625 80000112600001610 2.5772902716 8.20592 -0.631452 -5.18078
9.09637 80000112600001611 80000112600001610 80000112600001625 80000112600001609 2.44422570455 5.68049 -7.71435 -7.64797
9.15502 80000112600001610 80000112600001607 80000112600001625 80000112600001606 2.1032696526 5.90232 0.197614 -10.5692
9.15956 80000112600001607 80000112600001596 80000112600001625 80000112600001595 1.30237845991 0.378065 2.11347 -8.37943
9.18162 80000112600001596 80000112600001593 80000112600001625 80000112600001592 1.15460271236 1.05089 -0.74517 -9.71673
9.19848 80000112600001593 80000112600001591 80000112600001625 80000112600001590 1.07445789455 1.14811 4.16459 -10.1577
9.17946 80000112600001682 80000112600001681 80000112600001700 80000112600001680 3.08482263583 -3.00623 -5.16383 -5.17559
9.24548 80000112600001681 80000112600001680 80000112600001700 80000112600001679 3.00813107163 0.707368 -3.0827 -10.257
9.3974 80000112600001680 80000112600001679 80000112600001700 80000112600001678 2.89578500573 -5.04058 -3.85131 -18.9664
9.41659 80000112600001679 80000112600001678 80000112600001700 80000112600001677 2.73314261732 -13.9114 -4.96017 -12.0038
9.4651 80000112600001678 80000112600001677 80000112600001700 80000112600001676 2.5772902716 -18.894 -10.9001 -15.7066
9.55478 80000112600001677 80000112600001676 80000112600001700 80000112600001675 2.44422570455 -34.0039 -6.76378 -11.5095
9.62445 80000112600001676 80000112600001674 80000112600001700 80000112600001673 2.20792547238 -26.0551 -12.4885 -7.17237
9.65369 80000112600001674 80000112600001673 80000112600001700 80000112600001672 2.1032696526 -32.1671 -10.0151 -11.1937
9.67904 80000112600001673 80000112600001672 80000112600001700 80000112600001671 2.00202813925 -31.8067 -9.6887 -9.81576
9.72752 80000112600001672 80000112600001671 80000112600001700 80000112600001670 1.90408954353 -32.5446 -10.3175 -10.0059
9.73899 80000112600001671 80000112600001670 80000112600001700 80000112600001669 1.82268925262 -35.8299 -14.4723 -18.3954
9.01928 80000112600001861 80000112600001860 80000112600001872 80000112600001859 5.84661374788 -2.78159 4.06919 -0.503076
9.10415 80000112600001860 80000112600001859 80000112600001872 80000112600001858 5.52976580795 1.63861 4.33183 -0.641605
9.22845 80000112600001859 80000112600001858 80000112600001872 80000112600001857 5.22758097313 -1.42663 -3.62187 -4.51727
9.24362 80000112600001858 80000112600001857 80000112600001872 80000112600001856 4.99593346816 -3.03797 1.22811 -4.64348
9.2828 80000112600001857 80000112600001855 80000112600001872 80000112600001854 4.66451770247 -3.44216 3.81722 -1.39381
9.33415 80000112600001855 80000112600001854 80000112600001872 80000112600001853 4.42803373661 -0.500924 6.02142 -1.81987
9.35483 80000112600001854 80000112600001853 80000112600001872 80000112600001852 4.17683491473 -0.257217 3.9507 -2.37153
9.38277 80000112600001853 80000112600001852 80000112600001872 80000112600001851 4.00794511147 -3.06881 4.10823 -4.34367
9.40518 80000112600001852 80000112600001851 80000112600001872 80000112600001850 3.93726108473 -1.44438 2.199 -5.25234
9.5026 80000112600001851 80000112600001850 80000112600001872 80000112600001849 3.70877426464 -8.82217 19.489 -7.3453
9.5566 80000112600001850 80000112600001849 80000112600001872 80000112600001848 3.49086136926 -17.1157 26.389 -0.916642
9.59972 80000112600001849 80000112600001848 80000112600001872 80000112600001847 3.28303305796 -18.0217 29.7099 4.12285
9.64193 80000112600001848 80000112600001847 80000112600001872 80000112600001846 3.08482263583 3.60979 23.937 -4.656
9.7455 80000112600001847 80000112600001846 80000112600001872 80000112600001845 3.00813107163 1.76564 35.2878 -9.20469
9.9529 80000112600001846 80000112600001844 80000112600001872 80000112600001843 2.73314261732 -1.34288 45.794 13.1505
10.0969 80000112600001844 80000112600001843 80000112600001872 80000112600001842 2.5772902716 10.0768 9.62471 31.6874
10.1193 80000112600001843 80000112600001842 80000112600001872 80000112600001841 2.44422570455 5.86166 7.6252 46.5513
10.1564 80000112600001842 80000112600001841 80000112600001872 80000112600001840 2.31611074396 17.7947 20.423 56.312
10.2191 80000112600001841 80000112600001840 80000112600001872 80000112600001839 2.20792547238 6.08766 9.8609 72.7024
10.3112 80000112600001840 80000112600001839 80000112600001872 80000112600001838 2.1032696526 -24.5442 44.0365 68.4218
10.3139 80000112600001839 80000112600001838 80000112600001872 80000112600001837 2.00202813925 -10.8518 33.4785 60.3922
10.331 80000112600001838 80000112600001837 80000112600001872 80000112600001836 1.90408954353 -16.5072 37.0061 68.3399
10.3532 80000112600001837 80000112600001836 80000112600001872 80000112600001835 1.82268925262 -14.2086 35.3468 72.4491
10.3916 80000112600001836 80000112600001835 80000112600001872 80000112600001834 1.74357057433 -8.65524 23.7771 77.3462
10.4113 80000112600001835 80000112600001833 80000112600001872 80000112600001832 1.60423452207 7.89075 -1.62525 84.9614
10.4592 80000112600001833 80000112600001832 80000112600001872 80000112600001831 1.53123902916 38.7265 6.94971 82.9226
10.474 80000112600001832 80000112600001831 80000112600001872 80000112600001830 1.47197484527 51.445 -3.73461 63.1081
10.4905 80000112600001831 80000112600001830 80000112600001872 80000112600001829 1.41409822037 81.404 -6.40469 55.4763
10.5192 80000112600001830 80000112600001829 80000112600001872 80000112600001828 1.3575766674 58.2428 -12.6924 67.3143
10.5295 80000112600001829 80000112600001828 80000112600001872 80000112600001827 1.30237845991 92.4731 -6.16288 49.4274
10.5332 80000112600001828 80000112600001820 80000112600001872 80000112600001819 0.987852810816 61.5942 -14.9189 90.3692
10.5458 80000112600001820 80000112600001819 80000112600001872 80000112600001818 0.950531351585 85.316 -22.699 58.4848
9.04358 80000112600001906 80000112600001905 80000112600001920 80000112600001904 4.00794511147 -8.47509 8.99394 9.19902
9.24918 80000112600001905 80000112600001904 80000112600001920 80000112600001903 3.93726108473 8.28578 -0.558462 4.51377
9.31243 80000112600001904 80000112600001903 80000112600001920 80000112600001902 3.70877426464 1.20865 -0.368703 7.19226
9.71259 80000112600001903 80000112600001898 80000112600001920 80000112600001897 2.89578500573 -7.60387 19.1424 -6.9197
9.00337 80000112600002043 80000112600002042 80000112600002049 80000112600002041 5.84661374788 -3.82219 -1.34744 -4.01959
9.11179 80000112600002042 80000112600002041 80000112600002049 80000112600002040 5.52976580795 -4.00714 -1.48504 -5.52293
9.18376 80000112600002041 80000112600002040 80000112600002049 80000112600002039 5.22758097313 -3.88579 -3.00688 -6.9017
9.21671 80000112600002040 80000112600002039 80000112600002049 80000112600002038 4.99593346816 -4.41841 -1.87762 -5.96379
9.2361 80000112600002039 80000112600002037 80000112600002049 80000112600002036 4.66451770247 -8.09551 -1.63768 -5.37803
9.28956 80000112600002037 80000112600002036 80000112600002049 80000112600002035 4.42803373661 -2.86605 -1.17637 -5.31162
9.30602 80000112600002036 80000112600002035 80000112600002049 80000112600002034 4.17683491473 -6.14483 3.74408 -7.57183
9.31083 80000112600002035 80000112600002034 80000112600002049 80000112600002033 4.00794511147 -1.46873 5.07339 -11.1667
9.35627 80000112600002034 80000112600002030 80000112600002049 80000112600002029 3.28303305796 2.64332 13.83 -8.83531
9.38005 80000112600002030 80000112600002028 80000112600002049 80000112600002027 3.00813107163 -0.956119 6.62504 -14.1098
9.00012 80000112600002096 80000112600002095 80000112600002106 80000112600002094 5.22758097313 -1.34059 3.70304 -4.21208
9.02239 80000112600002095 80000112600002094 80000112600002106 80000112600002093 4.99593346816 -0.0404693 3.63897 -2.84126
9.02239 80000112600002094 80000112600002093 80000112600002106 80000112600002092 4.93938066349 1.35771 2.87105 -3.46205
9.08309 80000112600002093 80000112600002092 80000112600002106 80000112600002091 4.66451770247 0.608364 2.74677 -0.724775
9.09111 80000112600002092 80000112600002091 80000112600002106 80000112600002090 4.42803373661 -1.14841 1.70151 -1.20973
9.20055 80000112600002091 80000112600002090 80000112600002106 80000112600002089 4.17683491473 0.419378 1.00758 -4.25926
9.25648 80000112600002090 80000112600002089 80000112600002106 80000112600002088 4.00794511147 0.0340032 4.90826 -1.14392
9.25648 80000112600002089 80000112600002088 80000112600002106 80000112600002087 3.93726108473 1.45054 6.72684 -3.7966
9.2811 80000112600002088 80000112600002086 80000112600002106 80000112600002085 3.49086136926 0.333404 5.03468 -2.93514
9.30278 80000112600002086 80000112600002084 80000112600002106 80000112600002083 3.08482263583 -6.63792 3.299 -11.0963
9.32805 80000112600002084 80000112600002082 80000112600002106 80000112600002081 2.89578500573 -7.07341 16.9983 5.25766
9.47505 80000112600002082 80000112600002081 80000112600002106 80000112600002080 2.73314261732 -17.4903 18.3832 10.2426
9.07216 80000112600002186 80000112600002185 80000112600002197 80000112600002184 2.31611074396 -1.52949 2.0512 -7.91117
9.16182 80000112600002185 80000112600002184 80000112600002197 80000112600002183 2.20792547238 -5.69601 -11.3261 -13.6787
9.18162 80000112600002184 80000112600002183 80000112600002197 80000112600002182 2.1032696526 -1.29387 -7.63069 -13.3795
9.20055 80000112600002183 80000112600002182 80000112600002197 80000112600002181 2.00202813925 -5.40776 -6.43109 -11.3125
9.21671 80000112600002182 80000112600002181 80000112600002197 80000112600002180 1.90408954353 -10.0266 -14.3815 -16.315
9.09637 80000112600002289 80000112600002288 80000112600002292 80000112600002287 11.4973879548 0.586831 0.37162 -1.81804
9.13634 80000112600002288 80000112600002286 80000112600002292 80000112600002285 10.3674435724 -0.0196716 -2.50855 -3.46976
9.18376 80000112600002286 80000112600002285 80000112600002292 80000112600002284 9.99659046619 -0.323284 -4.94391 -5.06869
9.18802 80000112600002285 80000112600002284 80000112600002292 80000112600002283 9.84138043947 -2.17434 -5.15383 -3.63764
9.23988 80000112600002284 80000112600002282 80000112600002292 80000112600002281 9.00233985416 -0.423582 -3.66621 -0.317609
9.32958 80000112600002282 80000112600002280 80000112600002292 80000112600002279 8.44947629437 -3.23039 -9.09761 1.37969
9.33716 80000112600002280 80000112600002279 80000112600002292 80000112600002278 8.01217294887 -1.999 -4.55816 2.86077
9.45946 80000112600002279 80000112600002278 80000112600002292 80000112600002277 7.59510714987 1.13607 -1.9422 1.06115
9.48586 80000112600002278 80000112600002277 80000112600002292 80000112600002276 7.23627606617 1.9187 -2.08449 1.34167
9.48799 80000112600002277 80000112600002275 80000112600002292 80000112600002274 6.85511726265 -1.93096 -2.45626 3.06158
9.51175 80000112600002275 80000112600002274 80000112600002292 80000112600002273 6.49159774567 -0.270471 -4.56057 2.60739
9.53996 80000112600002274 80000112600002273 80000112600002292 80000112600002272 6.14490120342 1.64837 -4.00365 2.53529
9.57436 80000112600002273 80000112600002272 80000112600002292 80000112600002271 6.01075739884 0.147667 -1.55984 -0.981467
9.58891 80000112600002272 80000112600002271 80000112600002292 80000112600002270 5.84661374788 2.16708 -1.04583 -1.65883
9.5956 80000112600002271 80000112600002270 80000112600002292 80000112600002269 5.52976580795 -3.56472 -1.74767 -3.78068
9.62908 80000112600002270 80000112600002269 80000112600002292 80000112600002268 5.22758097313 -3.85769 -0.712787 -5.80369
9.64785 80000112600002269 80000112600002268 80000112600002292 80000112600002267 4.99593346816 -5.45802 -1.53622 -6.78672
9.65442 80000112600002268 80000112600002267 80000112600002292 80000112600002266 4.93938066349 -7.20179 1.34523 -6.85824
9.71068 80000112600002267 80000112600002265 80000112600002292 80000112600002264 4.42803373661 -3.37472 -2.01364 -8.37165
9.7348 80000112600002265 80000112600002264 80000112600002292 80000112600002263 4.17683491473 -4.83293 3.98256 -5.01634
9.76557 80000112600002264 80000112600002263 80000112600002292 80000112600002262 4.00794511147 -4.5049 0.590626 -5.05967
9.79899 80000112600002263 80000112600002260 80000112600002292 80000112600002259 3.49086136926 1.21859 10.5071 -5.36598
9.80619 80000112600002260 80000112600002259 80000112600002292 80000112600002258 3.28303305796 -3.68771 16.3956 -9.13678
9.88059 80000112600002259 80000112600002258 80000112600002292 80000112600002257 3.08482263583 -7.48957 13.2966 -10.63
9.88783 80000112600002258 80000112600002257 80000112600002292 80000112600002256 3.00813107163 -13.1196 6.40941 -6.05762
9.90848 80000112600002257 80000112600002256 80000112600002292 80000112600002255 2.89578500573 -9.90316 1.21964 -11.9535
9.92934 80000112600002256 80000112600002255 80000112600002292 80000112600002254 2.73314261732 -12.9224 -6.14818 -12.9748
9.93545 80000112600002255 80000112600002254 80000112600002292 80000112600002253 2.5772902716 -10.9851 0.977534 -15.5733
9.96475 80000112600002254 80000112600002253 80000112600002292 80000112600002252 2.44422570455 -8.19413 1.5354 -5.83724
9.98109 80000112600002253 80000112600002252 80000112600002292 80000112600002251 2.31611074396 -16.2743 -1.90354 -7.28605
9.98246 80000112600002252 80000112600002251 80000112600002292 80000112600002250 2.20792547238 -18.1531 -2.97558 -1.9321
10.0069 80000112600002251 80000112600002250 80000112600002292 80000112600002249 2.1032696526 -17.6806 -1.02633 -6.2375
10.0255 80000112600002250 80000112600002249 80000112600002292 80000112600002248 2.00202813925 -22.1079 -5.71255 -17.1153
10.0535 80000112600002249 80000112600002248 80000112600002292 80000112600002247 1.90408954353 -29.4252 -14.7826 -25.2123
10.0974 80000112600002248 80000112600002247 80000112600002292 80000112600002246 1.82268925262 -33.3924 -20.7032 -42.3123
10.11 80000112600002247 80000112600002245 80000112600002292 80000112600002244 1.66666955611 -37.3161 -15.7766 -38.858
10.1205 80000112600002245 80000112600002244 80000112600002292 80000112600002243 1.60423452207 -37.8146 -19.8888 -45.9752
10.1413 80000112600002244 80000112600002242 80000112600002292 80000112600002241 1.47197484527 -36.4751 -14.3835 -64.8869
9.03763 80000112600002345 80000112600002344 80000112600002361 80000112600002343 2.20792547238 3.32197 1.0173 -1.53466
9.03763 80000112600002461 80000112600002460 80000112600002482 80000112600002459 2.20792547238 19.9826 -15.1558 23.433
9.10157 80000112600002460 80000112600002458 80000112600002482 80000112600002457 2.00202813925 1.57531 -13.5216 9.97751
9.13154 80000112600002458 80000112600002457 80000112600002482 80000112600002456 1.90408954353 -1.05613 -11.3984 12.0309
9.14578 80000112600002457 80000112600002456 80000112600002482 80000112600002455 1.82268925262 3.58936 -15.869 18.6619
9.21272 80000112600002456 80000112600002454 80000112600002482 80000112600002453 1.66666955611 7.50697 -29.8451 15.0709
9.25101 80000112600002454 80000112600002453 80000112600002482 80000112600002452 1.60423452207 3.86335 -33.0588 16.4107
9.32187 80000112600002453 80000112600002452 80000112600002482 80000112600002451 1.53123902916 7.21987 -52.4614 41.1563
9.34756 80000112600002452 80000112600002451 80000112600002482 80000112600002450 1.47197484527 5.13149 -53.6375 36.5953
9.35914 80000112600002451 80000112600002450 80000112600002482 80000112600002449 1.41409822037 8.21148 -33.742 17.999
9.36622 80000112600002450 80000112600002448 80000112600002482 80000112600002447 1.30237845991 8.0242 -33.3899 21.1282
9.38681 80000112600002448 80000112600002447 80000112600002482 80000112600002446 1.24847261425 8.115 -29.4376 6.33763
9.00012 80000112600002729 80000112600002728 80000112600002751 80000112600002727 1.90408954353 -3.995 5.69036 -0.346788
9.14108 80000112600002728 80000112600002712 80000112600002751 80000112600002711 0.997294225782 17.5376 -30.0057 -7.88156
9.02239 80000112600002891 80000112600002890 80000112600002912 80000112600002889 1.74357057433 16.7012 12.332 0.858477
9.04653 80000112600002890 80000112600002887 80000112600002912 80000112600002886 1.53123902916 16.0348 9.28997 5.71184
9.07492 80000112600002887 80000112600002876 80000112600002912 80000112600002875 0.997294225782 17.7452 6.4397 8.50683
9.08845 80000112600002876 80000112600002874 80000112600002912 80000112600002873 0.950531351585 9.78381 11.4122 12.0943
9.07492 80000112600002993 80000112600002992 80000112600003013 80000112600002991 3.08482263583 0.335919 3.42989 -1.47586
9.1573 80000112600002992 80000112600002989 80000112600003013 80000112600002988 2.73314261732 2.06535 -0.528311 3.29316
9.1573 80000112600002989 80000112600002988 80000112600003013 80000112600002987 2.5772902716 1.44128 -0.729787 0.204255
9.18589 80000112600002988 80000112600002987 80000112600003013 80000112600002986 2.44422570455 2.75195 -5.63148 6.56684
9.20055 80000112600002987 80000112600002986 80000112600003013 80000112600002985 2.31611074396 0.060947 -6.64736 1.0811
9.20055 80000112600002986 80000112600002985 80000112600003013 80000112600002984 2.20792547238 -1.28593 -7.16604 1.47785
9.20464 80000112600002985 80000112600002979 80000112600003013 80000112600002978 1.66666955611 4.32213 -3.70963 4.32822
9.21472 80000112600002979 80000112600002978 80000112600003013 80000112600002977 1.60423452207 6.74717 -3.87158 3.57991
9.22651 80000112600002978 80000112600002977 80000112600003013 80000112600002976 1.53123902916 10.8631 -5.77633 7.82625
9.22651 80000112600002977 80000112600002976 80000112600003013 80000112600002975 1.47197484527 9.3579 -5.61536 7.02014
9.23229 80000112600002976 80000112600002975 80000112600003013 80000112600002974 1.41409822037 5.93729 -2.60075 7.75905
